id,order_ref_id,order_priority,order_date,ship_date,country_id,sales_channel,item_type_id,units_sold,total_revenue,total_cost,total_profit,created_at,updated_at,backup_updated_at,dbt_scd_id,dbt_updated_at,dbt_valid_from,dbt_valid_to
151,418408572,H,2010-03-15,,92,Offline,3,5249,429000.77,297460.83,131539.94,2010-03-15,2010-03-15,2010-03-15,2a22583e59c11591fb33ebe902d7f9d7,2010-03-15,2010-03-15,
168,488152444,L,2010-03-30,,113,Online,12,4011,2680430.97,2015687.94,664743.03,2010-03-30,2010-03-30,2010-03-30,7f9c642a458fe9f74c1073bec89051ca,2010-03-30,2010-03-30,
269,982220065,H,2010-06-01,,130,Offline,12,9599,6414723.73,4823881.46,1590842.27,2010-06-01,2010-06-01,2010-06-01,4f7e715dc9f1036e0234541ade152312,2010-06-01,2010-06-01,
315,293063580,M,2010-06-27,,31,Online,5,2881,439582.98,280724.64,158858.34,2010-06-27,2010-06-27,2010-06-27,3a6ee791c84c6b8673550587aaa4e2c5,2010-06-27,2010-06-27,
333,138820683,L,2010-07-09,,153,Offline,4,8980,981334.4,321843.2,659491.2,2010-07-09,2010-07-09,2010-07-09,dd6f6bfdf599f18deecb60e0d18fdd13,2010-07-09,2010-07-09,
335,963607680,L,2010-07-11,,56,Online,1,1781,16616.73,12324.52,4292.21,2010-07-11,2010-07-11,2010-07-11,df81a0aa8768e7e1201669a2dc4847d9,2010-07-11,2010-07-11,
373,422752892,L,2010-08-12,,16,Offline,4,830,90702.4,29747.2,60955.2,2010-08-12,2010-08-12,2010-08-12,e71d07f85f20cd5ba699d3a9063137ef,2010-08-12,2010-08-12,
386,342502486,L,2010-08-18,,73,Offline,8,2952,753586.56,470607.84,282978.72,2010-08-18,2010-08-18,2010-08-18,a76c5ff6a30ac2f8d207be0b3e166afe,2010-08-18,2010-08-18,
406,264416730,C,2010-08-24,,96,Online,6,5641,869052.46,512936.13,356116.33,2010-08-24,2010-08-24,2010-08-24,8e14c2bfdc41f560b578ef33cd7c0031,2010-08-24,2010-08-24,
519,461685264,L,2010-10-24,,38,Offline,1,1784,16644.72,12345.28,4299.44,2010-10-24,2010-10-24,2010-10-24,74cb29ba6cec1b19a761e34c7d97f870,2010-10-24,2010-10-24,
684,635776078,M,2011-02-04,,53,Offline,7,9125,1877012.5,1068628.75,808383.75,2011-02-04,2011-02-04,2011-02-04,83c3a493fc0d22cac481324da626ca43,2011-02-04,2011-02-04,
725,625033509,L,2011-02-26,,178,Online,4,160,17484.8,5734.4,11750.4,2011-02-26,2011-02-26,2011-02-26,b38da193bfd8ccec2290914c820c7876,2011-02-26,2011-02-26,
759,465753209,C,2011-03-14,,88,Offline,6,5579,859500.74,507298.47,352202.27,2011-03-14,2011-03-14,2011-03-14,1a1addc21cc09814b06e72c5d41c8f28,2011-03-14,2011-03-14,
810,826591002,L,2011-04-18,,63,Offline,11,5501,3582306.21,2887804.96,694501.25,2011-04-18,2011-04-18,2011-04-18,1398e3026b31e14be5cd39e77c13f31e,2011-04-18,2011-04-18,
1030,466988742,M,2011-08-16,,66,Offline,3,1201,98157.73,68060.67,30097.06,2011-08-16,2011-08-16,2011-08-16,8362e6b51648ac18157dbbf45a89bf5b,2011-08-16,2011-08-16,
1052,912325561,M,2011-08-24,,39,Online,3,6262,511793.26,354867.54,156925.72,2011-08-24,2011-08-24,2011-08-24,10af159d2d79e00b130733c2083cefc5,2011-08-24,2011-08-24,
1065,232967507,H,2011-09-01,,97,Online,10,9117,3985952.4,2400779.61,1585172.79,2011-09-01,2011-09-01,2011-09-01,4779bcb9ed95c02225963094f2b3b341,2011-09-01,2011-09-01,
1094,602147185,H,2011-09-15,,99,Offline,5,7588,1157777.04,739374.72,418402.32,2011-09-15,2011-09-15,2011-09-15,707323f588514bb347dd446e8263da62,2011-09-15,2011-09-15,
1292,772893178,L,2012-01-02,,137,Offline,2,5122,243038.9,162828.38,80210.52,2012-01-02,2012-01-02,2012-01-02,7804a4fdb9c9d3134429ad3892d1c59b,2012-01-02,2012-01-02,
1300,996879947,C,2012-01-05,,40,Offline,10,7784,3403164.8,2049760.72,1353404.08,2012-01-05,2012-01-05,2012-01-05,0c8b4370a5884ed478c14da4963d7f2c,2012-01-05,2012-01-05,
1321,241836822,M,2012-01-17,,22,Offline,4,3744,409144.32,134184.96,274959.36,2012-01-17,2012-01-17,2012-01-17,a20efba6e433b2e4de67e129f3631cac,2012-01-17,2012-01-17,
1342,911160409,M,2012-01-27,,63,Online,7,1468,301967.6,171917.48,130050.12,2012-01-27,2012-01-27,2012-01-27,40cd7c198fb9b9bee50267c1daaf2209,2012-01-27,2012-01-27,
1412,892784059,H,2012-03-06,,15,Offline,6,3497,538747.82,317982.21,220765.61,2012-03-06,2012-03-06,2012-03-06,03657480e6601321f6e0c3a2adccd5e5,2012-03-06,2012-03-06,
1443,431195199,H,2012-03-27,,16,Online,1,9096,84865.68,62944.32,21921.36,2012-03-27,2012-03-27,2012-03-27,2d3c92c2d5f3b25716f821b1578072de,2012-03-27,2012-03-27,
1503,643259227,L,2012-04-26,,58,Offline,9,3555,1499818.95,1296472.95,203346,2012-04-26,2012-04-26,2012-04-26,612a258902daf2a4d3b44603d1cfddd5,2012-04-26,2012-04-26,
1566,102168405,M,2012-05-29,,82,Offline,1,2756,25713.48,19071.52,6641.96,2012-05-29,2012-05-29,2012-05-29,558af67006d2d076558f39e31ca18555,2012-05-29,2012-05-29,
1649,229693067,L,2012-07-15,,4,Online,10,138,60333.6,36339.54,23994.06,2012-07-15,2012-07-15,2012-07-15,8c436c5c3325e41b293e2a8db4b1ef64,2012-07-15,2012-07-15,
1787,344074475,L,2012-09-23,,86,Offline,2,8138,386148.1,258707.02,127441.08,2012-09-23,2012-09-23,2012-09-23,7e03cce68bf07236777a659c3247970d,2012-09-23,2012-09-23,
1791,942237985,C,2012-09-25,,114,Offline,12,8013,5354847.51,4026853.02,1327994.49,2012-09-25,2012-09-25,2012-09-25,c75b309301a376536c4d6e7685d27b90,2012-09-25,2012-09-25,
1896,993605506,H,2012-11-17,,69,Online,7,8804,1810982.8,1031036.44,779946.36,2012-11-17,2012-11-17,2012-11-17,a294aead602e0eb80269a43a6032ff10,2012-11-17,2012-11-17,
2120,932966983,C,2013-03-20,,182,Online,1,4518,42152.94,31264.56,10888.38,2013-03-20,2013-03-20,2013-03-20,becc37303e848741e3d158432b79fdb3,2013-03-20,2013-03-20,
2241,971899354,C,2013-06-01,,37,Online,5,5471,834765.18,533094.24,301670.94,2013-06-01,2013-06-01,2013-06-01,17fe455dca06079cc2cea40b1721b0e6,2013-06-01,2013-06-01,
2242,670534932,M,2013-06-01,,159,Online,7,5042,1037139.4,590468.62,446670.78,2013-06-01,2013-06-01,2013-06-01,4741fa5ad768023a26e87b5f3222ab77,2013-06-01,2013-06-01,
2293,284435451,C,2013-06-29,,140,Offline,3,9625,786651.25,545448.75,241202.5,2013-06-29,2013-06-29,2013-06-29,89f7d9669b47c90c9be0ab3a31615210,2013-06-29,2013-06-29,
2322,872564494,C,2013-07-19,,119,Offline,1,79,737.07,546.68,190.39,2013-07-19,2013-07-19,2013-07-19,c748ad67d5ea899988aa89a18bf78697,2013-07-19,2013-07-19,
2330,946597325,L,2013-07-23,,21,Offline,8,8039,2052195.92,1281577.38,770618.54,2013-07-23,2013-07-23,2013-07-23,daf155ff7e388da308bfc0bd9780bce8,2013-07-23,2013-07-23,
2393,779683244,M,2013-08-25,,151,Offline,1,4453,41546.49,30814.76,10731.73,2013-08-25,2013-08-25,2013-08-25,98cd1f57b3b7a32c80bd61b67350391c,2013-08-25,2013-08-25,
2665,934689605,H,2014-01-17,,21,Online,7,4280,880396,501230.8,379165.2,2014-01-17,2014-01-17,2014-01-17,015fb6b81b38f7a3f21d6fd301d657ea,2014-01-17,2014-01-17,
2715,920366179,C,2014-02-15,,111,Online,6,5660,871979.6,514663.8,357315.8,2014-02-15,2014-02-15,2014-02-15,0a9e1042cc97076676be87db89dd8238,2014-02-15,2014-02-15,
2733,536863076,L,2014-03-02,,114,Online,2,8569,406599.05,272408.51,134190.54,2014-03-02,2014-03-02,2014-03-02,ce55246e122f5c11355bb77ba0efa0bb,2014-03-02,2014-03-02,
2744,234082448,C,2014-03-09,,140,Online,4,9053,989311.84,324459.52,664852.32,2014-03-09,2014-03-09,2014-03-09,9cafc4f93fedb5e7096743bcde374aea,2014-03-09,2014-03-09,
2815,744874179,H,2014-04-11,,31,Online,1,3677,34306.41,25444.84,8861.57,2014-04-11,2014-04-11,2014-04-11,7b3e49d6aebe4a378e34a5e2bad18a9f,2014-04-11,2014-04-11,
2828,362551248,H,2014-04-20,,36,Offline,3,5826,476158.98,330159.42,145999.56,2014-04-20,2014-04-20,2014-04-20,41fd0845cb2c2375cdfa4f1d3d557787,2014-04-20,2014-04-20,
2887,649356210,H,2014-05-21,,117,Offline,5,7787,1188140.46,758765.28,429375.18,2014-05-21,2014-05-21,2014-05-21,c07b0583f424bf49abed787cc9ad8a24,2014-05-21,2014-05-21,
3117,139800012,M,2014-09-20,,50,Online,9,8785,3706303.65,3203801.65,502502,2014-09-20,2014-09-20,2014-09-20,d403bfc94a7870366012d72b93a86ca2,2014-09-20,2014-09-20,
3121,212140262,M,2014-09-22,,112,Offline,4,5872,641692.16,210452.48,431239.68,2014-09-22,2014-09-22,2014-09-22,f39f99c0dde3ac0a22a94b7e67fc2cdf,2014-09-22,2014-09-22,
3156,128821408,L,2014-10-13,,104,Online,11,9972,6493866.12,5234901.12,1258965,2014-10-13,2014-10-13,2014-10-13,b03c581605b16810187d951390329492,2014-10-13,2014-10-13,
3173,950263583,H,2014-10-21,,125,Offline,1,2966,27672.78,20524.72,7148.06,2014-10-21,2014-10-21,2014-10-21,94563d0b15a8f4bf7279b0bc9bd9c845,2014-10-21,2014-10-21,
3185,420859467,L,2014-10-28,,168,Offline,6,524,80727.44,47647.32,33080.12,2014-10-28,2014-10-28,2014-10-28,18be847b9aec1c5af33b047594910d30,2014-10-28,2014-10-28,
3208,491547477,H,2014-11-07,,33,Online,6,8676,1336624.56,788908.68,547715.88,2014-11-07,2014-11-07,2014-11-07,abdee2c795fe916c9cc880993747bac3,2014-11-07,2014-11-07,
3220,711717355,L,2014-11-18,,41,Offline,11,1836,1195621.56,963826.56,231795,2014-11-18,2014-11-18,2014-11-18,4f676a3a79bc44b66e1fb98d7223cfed,2014-11-18,2014-11-18,
3374,217192685,C,2015-02-15,,82,Offline,10,997,435888.4,262540.01,173348.39,2015-02-15,2015-02-15,2015-02-15,eabce9810428f4c2f06162502ee54423,2015-02-15,2015-02-15,
3395,212903726,L,2015-02-26,,34,Online,9,1798,758558.22,655712.62,102845.6,2015-02-26,2015-02-26,2015-02-26,6081ef56a87877709f3a343e7bdb831f,2015-02-26,2015-02-26,
3398,360220944,M,2015-02-27,,132,Offline,9,6237,2631327.93,2274571.53,356756.4,2015-02-27,2015-02-27,2015-02-27,194b43b0433a958b45488b3122cc7f8e,2015-02-27,2015-02-27,
3400,135526072,M,2015-02-28,,174,Offline,8,4031,1029033.68,642622.02,386411.66,2015-02-28,2015-02-28,2015-02-28,b2a2cda564bc09e4200d3409643905d1,2015-02-28,2015-02-28,
3453,647025907,M,2015-03-30,,36,Offline,4,8199,895986.72,293852.16,602134.56,2015-03-30,2015-03-30,2015-03-30,a6aa94629c6aa1827e28cc95bfd0b69f,2015-03-30,2015-03-30,
3470,342316663,L,2015-04-05,,146,Offline,1,7962,74285.46,55097.04,19188.42,2015-04-05,2015-04-05,2015-04-05,efdda1b0462c5a13010aebb151dfdb3d,2015-04-05,2015-04-05,
3503,782656419,M,2015-04-26,,162,Offline,11,4282,2788481.22,2247878.72,540602.5,2015-04-26,2015-04-26,2015-04-26,742847a2fff13d5aba85eeeec706f337,2015-04-26,2015-04-26,
3537,174694478,L,2015-05-11,,106,Online,6,4833,744571.98,439464.69,305107.29,2015-05-11,2015-05-11,2015-05-11,3a2b86e429c6b711d8467b4e82641df7,2015-05-11,2015-05-11,
3547,322524106,C,2015-05-20,,84,Offline,7,905,186158.5,105984.55,80173.95,2015-05-20,2015-05-20,2015-05-20,bd2f0dd27c87038f547e34a8e42b5105,2015-05-20,2015-05-20,
3631,223897349,L,2015-07-04,,22,Online,12,5056,3378773.12,2540842.24,837930.88,2015-07-04,2015-07-04,2015-07-04,ec38a172516f78bde391371b13135339,2015-07-04,2015-07-04,
3657,292184674,C,2015-07-16,,126,Offline,7,2793,574520.1,327088.23,247431.87,2015-07-16,2015-07-16,2015-07-16,8d46ef9c9afee12d44bef44b53110681,2015-07-16,2015-07-16,
3685,810610187,L,2015-07-31,,76,Offline,2,6423,304771.35,204187.17,100584.18,2015-07-31,2015-07-31,2015-07-31,019d28d3121a9f4c2150f21c92c575bc,2015-07-31,2015-07-31,
3686,135069024,H,2015-08-01,,102,Online,12,8781,5868078.87,4412803.74,1455275.13,2015-08-01,2015-08-01,2015-08-01,b8fce1a21cb18305c880b750c4dd4a05,2015-08-01,2015-08-01,
3800,778854548,C,2015-10-03,,125,Offline,11,9224,6006761.04,4842231.04,1164530,2015-10-03,2015-10-03,2015-10-03,7796cb985ca5bed7bdb63b188669da01,2015-10-03,2015-10-03,
3930,821131742,H,2015-12-09,,137,Offline,12,9985,6672675.95,5017861.9,1654814.05,2015-12-09,2015-12-09,2015-12-09,9adb92bbb51ed52a5757a3ea9683c0d8,2015-12-09,2015-12-09,
3948,216278588,M,2015-12-19,,79,Online,9,495,208835.55,180521.55,28314,2015-12-19,2015-12-19,2015-12-19,c85fe842d66254e8641db1fa5297068b,2015-12-19,2015-12-19,
3951,216042554,H,2015-12-20,,111,Online,4,647,70704.16,23188.48,47515.68,2015-12-20,2015-12-20,2015-12-20,0fbed85896aabe37c78c1ffa164a8a76,2015-12-20,2015-12-20,
4046,938149869,C,2016-02-14,,49,Offline,2,8249,391415.05,262235.71,129179.34,2016-02-14,2016-02-14,2016-02-14,550132244123749403ac0408768c2afc,2016-02-14,2016-02-14,
4053,488052022,M,2016-02-19,,125,Online,4,4294,469248.32,153896.96,315351.36,2016-02-19,2016-02-19,2016-02-19,87a9a43e7566416187462d681c6fed67,2016-02-19,2016-02-19,
4174,826656234,H,2016-05-01,,149,Online,9,4805,2027181.45,1752335.45,274846,2016-05-01,2016-05-01,2016-05-01,989c0f9aab7acc62f284fff2f41d825d,2016-05-01,2016-05-01,
4220,813040912,M,2016-05-26,,22,Offline,8,5728,1462243.84,913157.76,549086.08,2016-05-26,2016-05-26,2016-05-26,1cfbf256cda2ba989e690a8d6baf0c45,2016-05-26,2016-05-26,
4378,100983083,C,2016-08-11,,30,Offline,7,1993,409960.1,233400.23,176559.87,2016-08-11,2016-08-11,2016-08-11,60b1c69426d507c1ad0445a18c16f8b9,2016-08-11,2016-08-11,
4423,764837539,L,2016-09-06,,134,Online,8,1279,326503.12,203898.18,122604.94,2016-09-06,2016-09-06,2016-09-06,15d5497d6ca144a0064c6aced9fc4e2f,2016-09-06,2016-09-06,
4444,832180726,C,2016-09-22,,136,Online,11,9625,6267896.25,5052740,1215156.25,2016-09-22,2016-09-22,2016-09-22,c282faf221544daa2412b99801009eef,2016-09-22,2016-09-22,
4488,819037473,L,2016-10-15,,58,Online,6,244,37590.64,22186.92,15403.72,2016-10-15,2016-10-15,2016-10-15,6f8c759cbdbfc73f1edcab8745684953,2016-10-15,2016-10-15,
4502,518421494,H,2016-10-22,,137,Online,7,1296,266587.2,151774.56,114812.64,2016-10-22,2016-10-22,2016-10-22,bc9cf1da04d3d8537d4306a26cdaa8c2,2016-10-22,2016-10-22,
4526,208951222,C,2016-11-10,,63,Online,9,2165,913391.85,789553.85,123838,2016-11-10,2016-11-10,2016-11-10,7c3c1ca3ca79d1dfd3e47f8b65b6e7f8,2016-11-10,2016-11-10,
4571,797316300,H,2016-11-29,,30,Offline,2,2466,117011.7,78394.14,38617.56,2016-11-29,2016-11-29,2016-11-29,237a44d3f79da08cd66935a50aa3acc9,2016-11-29,2016-11-29,
4628,486193788,H,2016-12-26,,113,Offline,7,4401,905285.7,515401.11,389884.59,2016-12-26,2016-12-26,2016-12-26,a54f77fe2bc046bdf96fd3aeeeeac731,2016-12-26,2016-12-26,
4873,581611764,H,2017-05-17,,56,Online,8,701,178951.28,111753.42,67197.86,2017-05-17,2017-05-17,2017-07-02,e79e9706e3ea352a6dfed01a1392cc75,2017-05-17,2017-05-17,2017-07-02
4883,206018817,C,2017-05-24,,132,Online,8,4401,1123487.28,701607.42,421879.86,2017-05-24,2017-05-24,2017-07-08,c62e3d372ed7a162708299cde309d224,2017-05-24,2017-05-24,2017-07-08
4884,126948583,C,2017-05-24,,185,Online,8,5762,1470923.36,918578.04,552345.32,2017-05-24,2017-05-24,2017-07-09,c4b7ad7622ceec3fcaffa62037fdee15,2017-05-24,2017-05-24,2017-07-09
4890,905883538,H,2017-05-27,,62,Offline,7,9925,2041572.5,1162316.75,879255.75,2017-05-27,2017-05-27,2017-07-02,2b8c46144ffd41106293f4a54a3578d3,2017-05-27,2017-05-27,2017-07-02
4895,688903129,M,2017-05-31,,54,Online,12,600,400962,301524,99438,2017-05-31,2017-05-31,2017-07-02,c709bc6e1df307c6444957e982038400,2017-05-31,2017-05-31,2017-07-02
4897,651119601,M,2017-06-02,,96,Offline,6,9614,1481132.84,874201.02,606931.82,2017-06-02,2017-06-02,2017-07-17,f888c28ec4dfc9d7419aa1635c7de161,2017-06-02,2017-06-02,2017-07-17
4900,808788001,C,2017-06-03,,128,Offline,2,7197,341497.65,228792.63,112705.02,2017-06-03,2017-06-03,2017-07-15,4f5dcd6d93b9c9728bf910c90c852d53,2017-06-03,2017-06-03,2017-07-15
4901,792178905,L,2017-06-03,,171,Online,7,2197,451922.9,257290.67,194632.23,2017-06-03,2017-06-03,2017-07-21,4a9236e4f787d12b5d73ade244e7575b,2017-06-03,2017-06-03,2017-07-21
4985,233811223,C,2017-07-20,,58,Online,10,8792,3843862.4,2315197.36,1528665.04,2017-07-20,2017-07-20,2017-07-20,56a9459f86f7db0750430932e2261e45,2017-07-20,2017-07-20,
4812,130172383,L,2017-04-19,,132,Online,4,19512,1066135.68,349655.04,716480.64,2017-04-19,2017-04-19,2017-04-19,da69ced61131cdf6f1ff15310b675c8d,2017-04-19,2017-04-19,2017-07-01
1,279703605,C,2010-01-01,,5,Offline,8,9367,2391207.76,1493287.14,897920.62,2010-01-01,2010-01-01,2010-01-10,1edff8060cd7023b1a76f3368d5f8b9f,2010-01-01,2010-01-01,2010-01-10
2,872081267,H,2010-01-01,,3,Online,2,7081,335993.45,225104.99,110888.46,2010-01-01,2010-01-01,2010-01-12,1721248bb8b1dfdf4046771d9bf81411,2010-01-01,2010-01-01,2010-01-12
3,570716845,L,2010-01-01,,1,Offline,10,6652,2908254.4,1751671.16,1156583.24,2010-01-01,2010-01-01,2010-01-13,8f7178647221748f0d77c1397fd90e18,2010-01-01,2010-01-01,2010-01-13
4,770144021,L,2010-01-01,,2,Offline,2,1585,75208.25,50387.15,24821.1,2010-01-01,2010-01-01,2010-01-21,e802d64cd6d313f334872e099a0f52e2,2010-01-01,2010-01-01,2010-01-21
5,940682303,L,2010-01-01,,4,Online,7,7652,1574016.4,896125.72,677890.68,2010-01-01,2010-01-01,2010-02-09,cc202bf41ef97c49a7328aae4302db8f,2010-01-01,2010-01-01,2010-02-09
6,100624740,M,2010-01-02,,6,Online,10,5951,2601777.2,1567076.83,1034700.37,2010-01-02,2010-01-02,2010-01-20,c644c960f5dd4abb2fe40eb59f6055c8,2010-01-02,2010-01-02,2010-01-20
7,229640281,M,2010-01-02,,8,Offline,2,4517,214331.65,143595.43,70736.22,2010-01-02,2010-01-02,2010-01-28,87574fe63452af2964cb90fad910e932,2010-01-02,2010-01-02,2010-01-28
8,233851563,H,2010-01-02,,7,Offline,9,729,307557.81,265859.01,41698.8,2010-01-02,2010-01-02,2010-02-21,2054b302a8d013f7fcb5ba45e4d9aea6,2010-01-02,2010-01-02,2010-02-21
9,295840632,L,2010-01-03,,12,Offline,1,4672,43589.76,32330.24,11259.52,2010-01-03,2010-01-03,2010-01-06,6f32648f55fc4cbb780f99d38f624af7,2010-01-03,2010-01-03,2010-01-06
10,761485421,L,2010-01-03,,10,Offline,2,9313,441901.85,296060.27,145841.58,2010-01-03,2010-01-03,2010-01-26,4e2267b8d40ff9bc6d4d3e76d3d3fecf,2010-01-03,2010-01-03,2010-01-26
11,836226356,H,2010-01-03,,9,Offline,2,6816,323419.2,216680.64,106738.56,2010-01-03,2010-01-03,2010-01-26,ead762082dee275a4ffde2f72d5b0700,2010-01-03,2010-01-03,2010-01-26
12,127467000,L,2010-01-03,,13,Online,7,9173,1886886.1,1074250.03,812636.07,2010-01-03,2010-01-03,2010-02-07,7e0c04c4b3f11b40051aec58256e23df,2010-01-03,2010-01-03,2010-02-07
13,231450879,L,2010-01-03,,11,Online,4,313,34204.64,11217.92,22986.72,2010-01-03,2010-01-03,2010-02-22,d74cb7fb5eb185fb6de795bbb9844e43,2010-01-03,2010-01-03,2010-02-22
14,684343802,L,2010-01-04,,14,Offline,10,1394,609456.8,367082.02,242374.78,2010-01-04,2010-01-04,2010-01-28,956038471bfe1fe18a79319b5f0086a9,2010-01-04,2010-01-04,2010-01-28
15,517898786,C,2010-01-05,,12,Online,1,6614,61708.62,45768.88,15939.74,2010-01-05,2010-01-05,2010-01-09,6de296e35f42cdf636d541d7e964b4d0,2010-01-05,2010-01-05,2010-01-09
16,521874034,M,2010-01-06,,18,Offline,10,2979,1302418.8,784460.07,517958.73,2010-01-06,2010-01-06,2010-02-03,96c17d310d4954fa40d099a92c3b52be,2010-01-06,2010-01-06,2010-02-03
17,868854463,M,2010-01-06,,15,Offline,3,2198,179642.54,124560.66,55081.88,2010-01-06,2010-01-06,2010-02-12,4f8443012bd298ae3c89e4642e8754e8,2010-01-06,2010-01-06,2010-02-12
18,264197003,M,2010-01-06,,16,Online,5,619,94447.02,60315.36,34131.66,2010-01-06,2010-01-06,2010-02-14,ddbfd29ce5164dd00d8ab49eb644e7e0,2010-01-06,2010-01-06,2010-02-14
19,773411166,M,2010-01-06,,17,Offline,3,8406,687022.38,476368.02,210654.36,2010-01-06,2010-01-06,2010-02-19,758153558bbf657659bc81e72dc571b7,2010-01-06,2010-01-06,2010-02-19
20,280452048,L,2010-01-07,,19,Online,9,848,357762.72,309257.12,48505.6,2010-01-07,2010-01-07,2010-01-14,d2fa796b60093c718c045e611ab3d5ae,2010-01-07,2010-01-07,2010-01-14
21,193313300,C,2010-01-07,,20,Offline,6,4556,701897.36,414277.08,287620.28,2010-01-07,2010-01-07,2010-02-13,b7961ebbec1dbff1f0747bcdec8f342b,2010-01-07,2010-01-07,2010-02-13
22,876922976,H,2010-01-08,,21,Online,4,9851,1076517.28,353059.84,723457.44,2010-01-08,2010-01-08,2010-01-17,e42135c9a3f7f830c864e2c3c6c7ff92,2010-01-08,2010-01-08,2010-01-17
23,889084756,H,2010-01-09,,22,Offline,10,8792,3843862.4,2315197.36,1528665.04,2010-01-09,2010-01-09,2010-02-08,ed7ae88888f79aa556b08135f04f545c,2010-01-09,2010-01-09,2010-02-08
4574,433608758,L,2016-11-29,,146,Offline,6,3322,511787.32,302069.46,209717.86,2016-11-29,2016-11-29,2016-12-21,8106a2544b5f31f065d62731dab1fe6c,2016-11-29,2016-11-29,2016-12-21
4575,391849982,H,2016-11-30,,75,Offline,7,5972,1228440.4,699380.92,529059.48,2016-11-30,2016-11-30,2016-12-11,7f7e8521df8f3f4b93a5333dfe3719c8,2016-11-30,2016-11-30,2016-12-11
4576,181953608,C,2016-11-30,,135,Offline,9,2971,1253435.19,1083493.99,169941.2,2016-11-30,2016-11-30,2016-12-31,977789d7460bd950ce77e7d3690211cb,2016-11-30,2016-11-30,2016-12-31
4577,633035933,M,2016-11-30,,62,Online,8,8255,2107336.4,1316012.1,791324.3,2016-11-30,2016-11-30,2016-12-31,d86e0c12e45bc6147afff81dae2aa902,2016-11-30,2016-11-30,2016-12-31
4578,339740025,C,2016-12-01,,148,Offline,11,5478,3567328.38,2875730.88,691597.5,2016-12-01,2016-12-01,2016-12-04,3864305e686cf33b01cde53527168ec3,2016-12-01,2016-12-01,2016-12-04
4579,562034213,M,2016-12-01,,51,Offline,10,7268,3177569.6,1913882.44,1263687.16,2016-12-01,2016-12-01,2016-12-04,ce87afe0f31c40218dc37d5ed7fc05cc,2016-12-01,2016-12-01,2016-12-04
24,689421546,H,2010-01-10,,23,Online,4,4011,438322.08,143754.24,294567.84,2010-01-10,2010-01-10,2010-01-31,0e7cb3a597bf1180277c9d4c07293748,2010-01-10,2010-01-10,2010-01-31
25,687374913,M,2010-01-10,,24,Online,7,8367,1721091.9,979859.37,741232.53,2010-01-10,2010-01-10,2010-02-26,261ccd05cb5ec1fa8b1b1cdd5f3bab97,2010-01-10,2010-01-10,2010-02-26
26,653920686,C,2010-01-11,,26,Online,5,8517,1299523.86,829896.48,469627.38,2010-01-11,2010-01-11,2010-01-18,a091792d24dd7561ad140584e965a5a1,2010-01-11,2010-01-11,2010-01-18
27,479171121,C,2010-01-11,,28,Offline,8,6238,1592436.64,994461.96,597974.68,2010-01-11,2010-01-11,2010-01-27,867331b6d2e753d3b2da247e02a4bdcd,2010-01-11,2010-01-11,2010-01-27
28,525023162,L,2010-01-11,,25,Offline,9,4876,2057135.64,1778228.44,278907.2,2010-01-11,2010-01-11,2010-02-06,91b6a1ab9c14b904ea023ec7bfd88abb,2010-01-11,2010-01-11,2010-02-06
29,938557994,L,2010-01-11,,29,Offline,11,9022,5875216.62,4736189.12,1139027.5,2010-01-11,2010-01-11,2010-02-18,871e8b41ff5e43065414fd5665d09617,2010-01-11,2010-01-11,2010-02-18
30,612161910,M,2010-01-11,,27,Offline,3,1168,95460.64,66190.56,29270.08,2010-01-11,2010-01-11,2010-02-27,63a39983c1f7c4b0805ac03262ee2bd6,2010-01-11,2010-01-11,2010-02-27
31,356413495,L,2010-01-12,,32,Offline,3,9528,778723.44,539951.76,238771.68,2010-01-12,2010-01-12,2010-01-18,bb159869df60aa01e2a9ec55811c13a9,2010-01-12,2010-01-12,2010-01-18
32,393842971,L,2010-01-12,,30,Offline,4,5742,627485.76,205793.28,421692.48,2010-01-12,2010-01-12,2010-01-31,e36a81141cff67e07b37c766c6bb8744,2010-01-12,2010-01-12,2010-01-31
33,412498700,M,2010-01-12,,31,Online,10,6387,2792396.4,1681888.71,1110507.69,2010-01-12,2010-01-12,2010-02-19,a9542dc6218c8cd16a98ef78a14e072e,2010-01-12,2010-01-12,2010-02-19
34,805095136,L,2010-01-13,,33,Online,6,4396,677247.76,399728.28,277519.48,2010-01-13,2010-01-13,2010-01-20,8aa841c902aa3db16ce2c6b4b8dd8297,2010-01-13,2010-01-13,2010-01-20
35,730236184,L,2010-01-13,,35,Online,2,1969,93429.05,62594.51,30834.54,2010-01-13,2010-01-13,2010-02-14,23cc548fd64f0b21980b24d08361abd8,2010-01-13,2010-01-13,2010-02-14
36,861180341,L,2010-01-13,,34,Offline,2,1255,59549.75,39896.45,19653.3,2010-01-13,2010-01-13,2010-02-20,926a9b6709cf5a4bb2d60690ed5b9a66,2010-01-13,2010-01-13,2010-02-20
4929,173629748,C,2017-06-19,,107,Offline,12,19512,6519642.12,4902780.24,1616861.88,2017-06-19,2017-06-19,2017-06-19,c6def8008dae2dda606dec4b6883f6ea,2017-06-19,2017-06-19,2017-07-01
37,545135438,C,2010-01-14,,36,Online,12,6545,4373827.15,3289124.3,1084702.85,2010-01-14,2010-01-14,2010-02-27,3bf2ff29d9fb2e4637343091b8f788fe,2010-01-14,2010-01-14,2010-02-27
38,129317939,H,2010-01-15,,36,Offline,6,6907,1064092.42,628053.51,436038.91,2010-01-15,2010-01-15,2010-01-22,7c680ce97444b86192c91fc197909b9b,2010-01-15,2010-01-15,2010-01-22
39,761171710,H,2010-01-15,,3,Online,10,6479,2832618.8,1706115.07,1126503.73,2010-01-15,2010-01-15,2010-03-03,8bb244285f3d7c2c0fc3925a63bad74a,2010-01-15,2010-01-15,2010-03-03
40,667420995,C,2010-01-16,,11,Online,3,3559,290877.07,201688.53,89188.54,2010-01-16,2010-01-16,2010-01-18,5c976306aed3c6759fd536b6e8b09758,2010-01-16,2010-01-16,2010-01-18
41,646482598,M,2010-01-16,,38,Offline,5,7422,1132448.76,723199.68,409249.08,2010-01-16,2010-01-16,2010-01-25,9e63106e01c381e385bc4c1315ed0bed,2010-01-16,2010-01-16,2010-01-25
42,916793477,C,2010-01-16,,39,Online,8,8418,2148947.04,1341997.56,806949.48,2010-01-16,2010-01-16,2010-02-04,8c28c6807e618a42621bbaec7c41660d,2010-01-16,2010-01-16,2010-02-04
43,336813628,C,2010-01-16,,37,Offline,10,9492,4149902.4,2499528.36,1650374.04,2010-01-16,2010-01-16,2010-02-23,d95a981c3f5c030ae2d4553192efbea8,2010-01-16,2010-01-16,2010-02-23
44,665138328,H,2010-01-17,,40,Online,1,8067,75265.11,55823.64,19441.47,2010-01-17,2010-01-17,2010-02-14,89a2b8c812e225c68ecf0d7412aa1ff2,2010-01-17,2010-01-17,2010-02-14
45,756252324,L,2010-01-18,,45,Online,1,723,6745.59,5003.16,1742.43,2010-01-18,2010-01-18,2010-02-09,ca0550b3053d5b5a94332c1e8746271f,2010-01-18,2010-01-18,2010-02-09
46,450794637,C,2010-01-18,,42,Offline,1,9006,84025.98,62321.52,21704.46,2010-01-18,2010-01-18,2010-02-11,e510a3ab997b0b9a81b508a8027c930b,2010-01-18,2010-01-18,2010-02-11
47,806197631,M,2010-01-18,,43,Online,8,649,165676.72,103463.58,62213.14,2010-01-18,2010-01-18,2010-02-18,29e89dd346d4982672ba63c366fa868d,2010-01-18,2010-01-18,2010-02-18
48,949657618,H,2010-01-18,,41,Online,9,3648,1539054.72,1330389.12,208665.6,2010-01-18,2010-01-18,2010-02-20,72cdd2feaa63f21dc7af54ac16931c2b,2010-01-18,2010-01-18,2010-02-20
49,423834359,H,2010-01-18,,44,Offline,8,860,219540.8,137101.2,82439.6,2010-01-18,2010-01-18,2010-02-20,640213e31db7c3bd0e0399decf041165,2010-01-18,2010-01-18,2010-02-20
50,993345010,L,2010-01-18,,41,Offline,2,1718,81519.1,54615.22,26903.88,2010-01-18,2010-01-18,2010-03-03,c3a6743042055fd502f3adaede87e93a,2010-01-18,2010-01-18,2010-03-03
51,475590264,M,2010-01-19,,46,Online,3,6583,538028.59,373058.61,164969.98,2010-01-19,2010-01-19,2010-02-04,0d8150ab45454438ebe080e331244efa,2010-01-19,2010-01-19,2010-02-04
52,477282845,H,2010-01-20,,11,Offline,7,7455,1533493.5,873055.05,660438.45,2010-01-20,2010-01-20,2010-02-04,413a13e5693b75b527b636dc9512ceb2,2010-01-20,2010-01-20,2010-02-04
53,250777375,C,2010-01-20,,47,Offline,4,9453,1033023.84,338795.52,694228.32,2010-01-20,2010-01-20,2010-03-02,5bb5b0bb45786597252ef5e7391648dc,2010-01-20,2010-01-20,2010-03-02
54,612320268,M,2010-01-21,,48,Offline,6,8029,1236947.74,730076.97,506870.77,2010-01-21,2010-01-21,2010-02-10,0dc14fefd88b01cb597d1c3cb97e4385,2010-01-21,2010-01-21,2010-02-10
55,310955846,C,2010-01-21,,49,Online,3,7600,621148,430692,190456,2010-01-21,2010-01-21,2010-02-10,5f0e210e22dab0d00dc352b0cf417828,2010-01-21,2010-01-21,2010-02-10
56,715950095,L,2010-01-22,,50,Offline,2,4398,208685.1,139812.42,68872.68,2010-01-22,2010-01-22,2010-02-01,4835d5697a0208e88dd8ca91cd77c8b7,2010-01-22,2010-01-22,2010-02-01
57,368851649,H,2010-01-22,,51,Online,7,255,52453.5,29863.05,22590.45,2010-01-22,2010-01-22,2010-02-17,c5d7a83a7dd45fa2e0c08cd202646aae,2010-01-22,2010-01-22,2010-02-17
58,786361730,L,2010-01-23,,52,Online,2,765,36299.25,24319.35,11979.9,2010-01-23,2010-01-23,2010-02-03,cdaae9d3ef02e0fd1fa41f72b4131107,2010-01-23,2010-01-23,2010-02-03
59,480904042,C,2010-01-23,,34,Offline,5,9048,1380543.84,881637.12,498906.72,2010-01-23,2010-01-23,2010-02-05,aea5d5af26e75f8dfaac3769023324cc,2010-01-23,2010-01-23,2010-02-05
60,657346189,C,2010-01-24,,19,Offline,10,2200,961840,579326,382514,2010-01-24,2010-01-24,2010-01-28,8b73db3200be1b799f9cabb8928ff805,2010-01-24,2010-01-24,2010-01-28
61,410138356,H,2010-01-24,,53,Offline,4,7909,864295.52,283458.56,580836.96,2010-01-24,2010-01-24,2010-03-02,0f7f9cf9a378137e6c5b0695657c4ef2,2010-01-24,2010-01-24,2010-03-02
62,987835538,H,2010-01-24,,35,Offline,1,1342,12520.86,9286.64,3234.22,2010-01-24,2010-01-24,2010-03-10,f8cc0c0f1ea1185ca6a1a531bd1d60cc,2010-01-24,2010-01-24,2010-03-10
63,817061221,C,2010-01-26,,54,Offline,6,5427,836083.62,493477.11,342606.51,2010-01-26,2010-01-26,2010-02-21,fcf52fa2d622adb9bc2de03ee7b9b6d7,2010-01-26,2010-01-26,2010-02-21
64,714533889,H,2010-01-29,,56,Online,11,5311,3458576.31,2788062.56,670513.75,2010-01-29,2010-01-29,2010-02-07,7df054a2c57bd337faa38135fc67a9ce,2010-01-29,2010-01-29,2010-02-07
65,562887370,H,2010-01-29,,55,Online,11,9736,6340180.56,5111010.56,1229170,2010-01-29,2010-01-29,2010-02-08,74bc80861638842506ca803307dcce9d,2010-01-29,2010-01-29,2010-02-08
66,627159106,M,2010-01-29,,56,Online,9,9171,3869153.19,3344571.99,524581.2,2010-01-29,2010-01-29,2010-03-09,f6386e73ba8cf0ddee2d674bc5e4ae2d,2010-01-29,2010-01-29,2010-03-09
67,596105563,M,2010-01-29,,57,Online,8,9738,2485916.64,1552431.96,933484.68,2010-01-29,2010-01-29,2010-03-20,268ec3ca13f076003952e8d7f5a7d08a,2010-01-29,2010-01-29,2010-03-20
68,213506257,L,2010-01-30,,59,Offline,1,101,942.33,698.92,243.41,2010-01-30,2010-01-30,2010-01-31,9082dbccb65d2ef6b75ca2c3c684f688,2010-01-30,2010-01-30,2010-01-31
69,797461354,H,2010-01-30,,58,Online,2,5391,255802.95,171379.89,84423.06,2010-01-30,2010-01-30,2010-02-05,c8b3fa6b7e0fad7015206db93d8ddea9,2010-01-30,2010-01-30,2010-02-05
70,200636374,C,2010-01-31,,60,Offline,3,1617,132157.41,91635.39,40522.02,2010-01-31,2010-01-31,2010-03-03,c892aa921e6dac44d978d6fc37ead321,2010-01-31,2010-01-31,2010-03-03
71,774122273,H,2010-02-01,,61,Offline,11,8838,5755393.98,4639596.48,1115797.5,2010-02-01,2010-02-01,2010-02-15,3b4e52fa5c296ba2656de719748114a4,2010-02-01,2010-02-01,2010-02-15
72,325322616,M,2010-02-01,,62,Online,6,9046,1393626.76,822552.78,571073.98,2010-02-01,2010-02-01,2010-03-12,deb6d9e43308aae1eb3ff5afc3686546,2010-02-01,2010-02-01,2010-03-12
73,285492455,C,2010-02-02,,64,Offline,11,2417,1573974.57,1268828.32,305146.25,2010-02-02,2010-02-02,2010-03-01,675c3f89cb053e8012127a1f2ffd0e73,2010-02-02,2010-02-02,2010-03-01
74,131681287,M,2010-02-02,,63,Online,6,6274,966572.44,570494.82,396077.62,2010-02-02,2010-02-02,2010-03-02,bf281d90a7010c82b08a6482a6728d54,2010-02-02,2010-02-02,2010-03-02
75,114954173,C,2010-02-03,,66,Offline,1,6349,59236.17,43935.08,15301.09,2010-02-03,2010-02-03,2010-02-11,339e70521a2bffd0219049de3750e462,2010-02-03,2010-02-03,2010-02-11
76,792541968,L,2010-02-03,,65,Offline,7,9635,1981919.5,1128354.85,853564.65,2010-02-03,2010-02-03,2010-03-08,fd152bb28af6ee0b073e90476550cf22,2010-02-03,2010-02-03,2010-03-08
77,320757281,L,2010-02-03,,19,Offline,3,8062,658907.26,456873.54,202033.72,2010-02-03,2010-02-03,2010-03-15,048ecf766c09e23165dc20f3e0b1bb59,2010-02-03,2010-02-03,2010-03-15
78,875351417,H,2010-02-04,,67,Online,1,4791,44700.03,33153.72,11546.31,2010-02-04,2010-02-04,2010-02-08,4de56ea9bdb650c3a0939fb598166531,2010-02-04,2010-02-04,2010-02-08
79,124833285,C,2010-02-05,,25,Offline,1,9798,91415.34,67802.16,23613.18,2010-02-05,2010-02-05,2010-02-10,413a46674fefdd68ea3383b312810c0a,2010-02-05,2010-02-05,2010-02-10
80,557141864,M,2010-02-05,,69,Offline,8,9513,2428478.64,1516562.46,911916.18,2010-02-05,2010-02-05,2010-02-16,78d1851573fc2920f5974501b9733ee5,2010-02-05,2010-02-05,2010-02-16
81,611298453,H,2010-02-05,,68,Online,6,5652,870747.12,513936.36,356810.76,2010-02-05,2010-02-05,2010-03-20,b949ce88526490bdb54556c3885d1f63,2010-02-05,2010-02-05,2010-03-20
82,251448142,M,2010-02-06,,22,Online,1,7948,74154.84,55000.16,19154.68,2010-02-06,2010-02-06,2010-02-18,0f47209abebd05ce00184131cb674036,2010-02-06,2010-02-06,2010-02-18
83,448946702,M,2010-02-06,,72,Offline,12,2161,1444131.47,1085988.94,358142.53,2010-02-06,2010-02-06,2010-02-28,d0695da7826eb2f627894d3b20926133,2010-02-06,2010-02-06,2010-02-28
84,885348546,C,2010-02-06,,71,Online,12,3164,2114406.28,1590036.56,524369.72,2010-02-06,2010-02-06,2010-03-04,584b3c4e04393f25d1a5265344a4512f,2010-02-06,2010-02-06,2010-03-04
85,877162015,M,2010-02-06,,70,Offline,10,588,257073.6,154838.04,102235.56,2010-02-06,2010-02-06,2010-03-07,3e4e3c8d20592ac0be10dff30c5e2711,2010-02-06,2010-02-06,2010-03-07
86,396718728,L,2010-02-07,,32,Offline,3,6742,551023.66,382069.14,168954.52,2010-02-07,2010-02-07,2010-03-18,907c4539cb6ecaad8fd85ebaa7e0bccf,2010-02-07,2010-02-07,2010-03-18
87,748028457,C,2010-02-07,,6,Online,7,7098,1460058.6,831246.78,628811.82,2010-02-07,2010-02-07,2010-03-26,6bae4a2028bd6c28c7dc2f19b7d7760d,2010-02-07,2010-02-07,2010-03-26
88,838788402,M,2010-02-10,,11,Offline,8,4983,1272060.24,794389.86,477670.38,2010-02-10,2010-02-10,2010-02-26,9595d0df67b3180f1387d156b272c51f,2010-02-10,2010-02-10,2010-02-26
89,909436070,L,2010-02-10,,73,Offline,4,1198,130917.44,42936.32,87981.12,2010-02-10,2010-02-10,2010-02-27,0929137454b81764ed10d239e68802c8,2010-02-10,2010-02-10,2010-02-27
90,913529336,C,2010-02-11,,76,Offline,8,2486,634626.08,396318.12,238307.96,2010-02-11,2010-02-11,2010-02-27,73957d55ad3ae302b2bbfc92cdf3ea7e,2010-02-11,2010-02-11,2010-02-27
91,516485583,M,2010-02-11,,75,Offline,9,8416,3550626.24,3069231.04,481395.2,2010-02-11,2010-02-11,2010-03-06,d36159243888d28cef7545d196f1bc4d,2010-02-11,2010-02-11,2010-03-06
92,979965722,M,2010-02-11,,74,Offline,7,2489,511987.3,291486.79,220500.51,2010-02-11,2010-02-11,2010-03-27,2fdb42ed87649d8f453886ea8fcebceb,2010-02-11,2010-02-11,2010-03-27
93,562101590,C,2010-02-12,,16,Online,10,7207,3150900.4,1897819.31,1253081.09,2010-02-12,2010-02-12,2010-03-17,8b50c394bc97299bf6da4f22127f7c5a,2010-02-12,2010-02-12,2010-03-17
94,894637572,C,2010-02-12,,77,Offline,5,1993,304091.94,194197.92,109894.02,2010-02-12,2010-02-12,2010-04-01,3e0c9246a276657628ca55b333dce02b,2010-02-12,2010-02-12,2010-04-01
95,721816623,H,2010-02-13,,78,Online,6,434,66862.04,39463.62,27398.42,2010-02-13,2010-02-13,2010-02-17,1e8b5e181d554653c22fcdf04af1fb41,2010-02-13,2010-02-13,2010-02-17
96,865276610,C,2010-02-13,,68,Online,5,3432,523654.56,334414.08,189240.48,2010-02-13,2010-02-13,2010-02-19,cfed357048715c464cba1ab869f1f574,2010-02-13,2010-02-13,2010-02-19
97,719769990,M,2010-02-13,,49,Online,12,4790,3201013.3,2407166.6,793846.7,2010-02-13,2010-02-13,2010-03-15,c2ef63113ce21155dbc3e370441721e2,2010-02-13,2010-02-13,2010-03-15
98,345593249,L,2010-02-13,,3,Offline,10,7577,3312664.4,1995251.41,1317412.99,2010-02-13,2010-02-13,2010-03-15,852cd49c28e69a4253da72dd38adbe73,2010-02-13,2010-02-13,2010-03-15
99,744683635,L,2010-02-13,,79,Offline,6,7291,1123251.46,662970.63,460280.83,2010-02-13,2010-02-13,2010-04-01,47ae95af0d3da4fe499ffcfbe85408a5,2010-02-13,2010-02-13,2010-04-01
100,416004884,L,2010-02-14,,80,Offline,10,3945,1724754,1038836.85,685917.15,2010-02-14,2010-02-14,2010-03-17,15c6abb7e9baf8e2215e9f80b37120e0,2010-02-14,2010-02-14,2010-03-17
101,382668673,L,2010-02-15,,82,Online,1,9019,84147.27,62411.48,21735.79,2010-02-15,2010-02-15,2010-03-04,d7e2677242b18d2dd5a86f5e2d729f1e,2010-02-15,2010-02-15,2010-03-04
102,636134421,C,2010-02-15,,83,Online,2,5166,245126.7,164227.14,80899.56,2010-02-15,2010-02-15,2010-03-20,368a4209e6558030a88ca93c45a15144,2010-02-15,2010-02-15,2010-03-20
103,893929469,M,2010-02-15,,81,Online,12,2450,1637261.5,1231223,406038.5,2010-02-15,2010-02-15,2010-04-03,e57818a236c5214d6733b1ec88c868ca,2010-02-15,2010-02-15,2010-04-03
104,135224807,C,2010-02-15,,1,Online,7,4880,1003816,571496.8,432319.2,2010-02-15,2010-02-15,2010-04-06,8468a892067b0eddcd1308a9c39f2a56,2010-02-15,2010-02-15,2010-04-06
105,197449910,M,2010-02-16,,85,Online,3,8671,708680.83,491385.57,217295.26,2010-02-16,2010-02-16,2010-02-20,9e7e0094f04d64d1ab83c6184ae0f2f0,2010-02-16,2010-02-16,2010-02-20
106,837608230,M,2010-02-16,,72,Online,6,5744,884920.64,522301.92,362618.72,2010-02-16,2010-02-16,2010-03-03,4ce033699a1232a01ecc4f9b9b9290ae,2010-02-16,2010-02-16,2010-03-03
107,521681344,M,2010-02-16,,84,Online,11,5957,3879257.97,3127186.72,752071.25,2010-02-16,2010-02-16,2010-04-03,bf18af5a59ea8b23cb2788b6958e17f4,2010-02-16,2010-02-16,2010-04-03
108,775147092,L,2010-02-17,,2,Online,7,2105,432998.5,246516.55,186481.95,2010-02-17,2010-02-17,2010-02-28,a7ab7ded14f89a38a30945aa7f206e7c,2010-02-17,2010-02-17,2010-02-28
109,159902417,C,2010-02-17,,87,Online,8,7533,1923024.24,1200910.86,722113.38,2010-02-17,2010-02-17,2010-03-05,f360362b28776bb8943c06b2303264fa,2010-02-17,2010-02-17,2010-03-05
110,515187394,C,2010-02-17,,86,Online,11,4253,2769596.13,2232654.88,536941.25,2010-02-17,2010-02-17,2010-04-06,8fa95705e90c896b7a289b3e09534fdb,2010-02-17,2010-02-17,2010-04-06
111,519280660,C,2010-02-18,,19,Offline,12,5542,3703552.34,2785076.68,918475.66,2010-02-18,2010-02-18,2010-04-06,c3d7b01ab9864e77034ab3c5231cbde2,2010-02-18,2010-02-18,2010-04-06
112,398333632,C,2010-02-19,,88,Offline,7,4629,952185.3,542102.19,410083.11,2010-02-19,2010-02-19,2010-03-02,66608117a9936857cfec913a7fca0222,2010-02-19,2010-02-19,2010-03-02
113,440092408,M,2010-02-19,,89,Offline,1,1978,18454.74,13687.76,4766.98,2010-02-19,2010-02-19,2010-03-14,fa2134b834d6b82846e01f5e5f46faae,2010-02-19,2010-02-19,2010-03-14
114,627003753,M,2010-02-19,,26,Offline,9,3199,1349626.11,1166643.31,182982.8,2010-02-19,2010-02-19,2010-03-26,27dfb289b8422e1059e66482a41ba7b6,2010-02-19,2010-02-19,2010-03-26
115,795141351,H,2010-02-20,,24,Offline,2,8850,419932.5,281341.5,138591,2010-02-20,2010-02-20,2010-02-24,a419e07d7d8a174f02102e0d3dce389c,2010-02-20,2010-02-20,2010-02-24
116,930296790,C,2010-02-20,,90,Offline,9,4348,1834377.72,1585672.12,248705.6,2010-02-20,2010-02-20,2010-03-26,2a6296a0cfc3d9e3515e1e24c6d405b8,2010-02-20,2010-02-20,2010-03-26
117,585362994,L,2010-02-20,,91,Offline,12,773,516572.71,388463.42,128109.29,2010-02-20,2010-02-20,2010-04-11,7b954ce4f5539414802e5d2bdcd439f5,2010-02-20,2010-02-20,2010-04-11
118,686946189,H,2010-02-21,,63,Online,3,1498,122431.54,84891.66,37539.88,2010-02-21,2010-02-21,2010-03-08,3e7511879dcf3b5be7758d18d5c43f32,2010-02-21,2010-02-21,2010-03-08
119,406402146,C,2010-02-21,,92,Online,1,2281,21281.73,15784.52,5497.21,2010-02-21,2010-02-21,2010-03-27,13bf80776704ebf3849a24ae7c0f26f5,2010-02-21,2010-02-21,2010-03-27
120,239721095,L,2010-02-23,,52,Offline,3,7654,625561.42,433752.18,191809.24,2010-02-23,2010-02-23,2010-03-09,efb18d1761f392c41333b326513a9e9e,2010-02-23,2010-02-23,2010-03-09
121,266445338,H,2010-02-24,,38,Online,10,5951,2601777.2,1567076.83,1034700.37,2010-02-24,2010-02-24,2010-02-28,e67dd2bd31a4cb48cc1459be1e185d6e,2010-02-24,2010-02-24,2010-02-28
122,453474700,C,2010-02-24,,93,Online,4,2096,229050.88,75120.64,153930.24,2010-02-24,2010-02-24,2010-04-08,a8d5882186077a192d31aeb00ad0a2bd,2010-02-24,2010-02-24,2010-04-08
123,268373954,H,2010-02-25,,94,Online,11,6672,4344873.12,3502533.12,842340,2010-02-25,2010-02-25,2010-02-28,c2e22631ae6f91f757419c5fcc6eee7f,2010-02-25,2010-02-25,2010-02-28
124,916718804,M,2010-02-25,,17,Online,12,6321,4224134.67,3176555.34,1047579.33,2010-02-25,2010-02-25,2010-03-09,43ef78897bcd1b7f248cefee5769d5ec,2010-02-25,2010-02-25,2010-03-09
125,363699233,M,2010-02-26,,96,Online,7,5540,1139578,648789.4,490788.6,2010-02-26,2010-02-26,2010-03-20,44ca71be8048421cdde5dfed9cf95327,2010-02-26,2010-02-26,2010-03-20
126,689977300,C,2010-02-26,,95,Online,9,8471,3573830.19,3089288.99,484541.2,2010-02-26,2010-02-26,2010-04-05,6514c57fb8ee36419c62aa4c76f960a4,2010-02-26,2010-02-26,2010-04-05
127,438558185,M,2010-02-26,,2,Online,9,7967,3361197.63,2905485.23,455712.4,2010-02-26,2010-02-26,2010-04-14,97e14a760740562a3da5e12f14757e41,2010-02-26,2010-02-26,2010-04-14
128,380072295,M,2010-02-27,,12,Online,10,693,302979.6,182487.69,120491.91,2010-02-27,2010-02-27,2010-03-15,5a389d8a9489b82e6cb774e7d4968492,2010-02-27,2010-02-27,2010-03-15
129,585757386,L,2010-02-28,,96,Offline,7,7482,1539047.4,876217.02,662830.38,2010-02-28,2010-02-28,2010-03-23,4baa2e024ef2fdb2fc8d2ed5a6ebcb17,2010-02-28,2010-02-28,2010-03-23
130,718512141,C,2010-03-01,,98,Offline,2,2564,121661.8,81509.56,40152.24,2010-03-01,2010-03-01,2010-03-04,8c297277278dcf38633abc832aecb618,2010-03-01,2010-03-01,2010-03-04
131,161399304,L,2010-03-01,,91,Online,10,496,216851.2,130611.68,86239.52,2010-03-01,2010-03-01,2010-03-15,475b7b61bb87eaec70682fd5e9b0c88b,2010-03-01,2010-03-01,2010-03-15
132,221695792,H,2010-03-01,,14,Online,11,3566,2322214.86,1872007.36,450207.5,2010-03-01,2010-03-01,2010-03-20,361061c68e91ed1c1f95b271a0da14dc,2010-03-01,2010-03-01,2010-03-20
133,211344611,L,2010-03-01,,54,Offline,5,422,64388.76,41119.68,23269.08,2010-03-01,2010-03-01,2010-03-23,e6b0df19096ac222f6c1f6f2820a8944,2010-03-01,2010-03-01,2010-03-23
134,641724574,C,2010-03-01,,97,Offline,6,9417,1450783.02,856287.81,594495.21,2010-03-01,2010-03-01,2010-03-30,2ab1cfd4bcbd90f3e08bccdb07257ee7,2010-03-01,2010-03-01,2010-03-30
135,601894414,M,2010-03-02,,91,Offline,11,2787,1814922.27,1463063.52,351858.75,2010-03-02,2010-03-02,2010-03-19,9175fd454c0e00c55f44c710e855db00,2010-03-02,2010-03-02,2010-03-19
136,520777547,C,2010-03-02,,54,Offline,4,8504,929317.12,304783.36,624533.76,2010-03-02,2010-03-02,2010-04-15,9872494b39e76d9557a37fbf9370e4cc,2010-03-02,2010-03-02,2010-04-15
137,443871963,H,2010-03-02,,99,Online,4,432,47208.96,15482.88,31726.08,2010-03-02,2010-03-02,2010-04-16,11695e543f2f37991a8057935f7e4088,2010-03-02,2010-03-02,2010-04-16
138,930219113,M,2010-03-03,,100,Online,11,1362,886948.02,714995.52,171952.5,2010-03-03,2010-03-03,2010-03-10,b7e220e7cc8c57f6e3845647fb82723c,2010-03-03,2010-03-03,2010-03-10
139,601422345,C,2010-03-04,,101,Online,2,3092,146715.4,98294.68,48420.72,2010-03-04,2010-03-04,2010-03-20,3ad7fcb5058554775153947d6d34a820,2010-03-04,2010-03-04,2010-03-20
140,967294538,L,2010-03-04,,59,Online,9,2804,1182979.56,1022590.76,160388.8,2010-03-04,2010-03-04,2010-04-18,f6d23a315c1c0f82128926945417f428,2010-03-04,2010-03-04,2010-04-18
141,603114926,L,2010-03-06,,102,Offline,11,3964,2581396.44,2080941.44,500455,2010-03-06,2010-03-06,2010-03-22,b094fd38b2ed443a839ab95aff132654,2010-03-06,2010-03-06,2010-03-22
142,407544982,L,2010-03-07,,60,Offline,1,472,4403.76,3266.24,1137.52,2010-03-07,2010-03-07,2010-03-12,ea4eb1325d991983e5616ff79bc28d74,2010-03-07,2010-03-07,2010-03-12
143,960446536,H,2010-03-07,,103,Offline,11,6328,4120856.88,3321946.88,798910,2010-03-07,2010-03-07,2010-03-28,9fbbcdb6ee5e8b7cf2ed54ac5e9df4c6,2010-03-07,2010-03-07,2010-03-28
144,845875442,H,2010-03-08,,17,Online,9,2195,926048.55,800494.55,125554,2010-03-08,2010-03-08,2010-03-17,4ed33a84b81d9b21feb8d4edb72b9742,2010-03-08,2010-03-08,2010-03-17
145,681713092,H,2010-03-08,,18,Online,2,2908,137984.6,92445.32,45539.28,2010-03-08,2010-03-08,2010-03-22,d2e17007b718cb40a755c705cf3aa50e,2010-03-08,2010-03-08,2010-03-22
146,170098245,L,2010-03-10,,104,Offline,9,4705,1984992.45,1715866.45,269126,2010-03-10,2010-03-10,2010-03-19,b20fe466f8fc63f8f30171718c2054fb,2010-03-10,2010-03-10,2010-03-19
147,315014779,H,2010-03-12,,106,Online,4,8728,953795.84,312811.52,640984.32,2010-03-12,2010-03-12,2010-03-23,e3208c82bfa6a3ca99f97df534a320bd,2010-03-12,2010-03-12,2010-03-23
148,863823068,M,2010-03-12,,105,Online,12,3297,2203286.19,1656874.38,546411.81,2010-03-12,2010-03-12,2010-04-09,f039fb66de6e296ee1bcfe07a5a88dfa,2010-03-12,2010-03-12,2010-04-09
149,418644607,M,2010-03-14,,2,Online,6,5097,785243.82,463470.21,321773.61,2010-03-14,2010-03-14,2010-03-15,5c39a497f258796216f41df50f23a94a,2010-03-14,2010-03-14,2010-03-15
150,938209950,C,2010-03-14,,88,Offline,3,6028,492668.44,341606.76,151061.68,2010-03-14,2010-03-14,2010-03-16,280b2fd940993c133f4df7804852f1fc,2010-03-14,2010-03-14,2010-03-16
152,222720611,L,2010-03-16,,66,Offline,8,6833,1744328.24,1089316.86,655011.38,2010-03-16,2010-03-16,2010-04-01,7d5fa75228a487b7d31787641bb908c6,2010-03-16,2010-03-16,2010-04-01
153,574148356,M,2010-03-16,,60,Online,5,2112,322248.96,205793.28,116455.68,2010-03-16,2010-03-16,2010-05-04,f85ff17124b7bce3978d590982d85001,2010-03-16,2010-03-16,2010-05-04
154,239329707,L,2010-03-17,,107,Online,4,1834,200419.52,65730.56,134688.96,2010-03-17,2010-03-17,2010-03-27,d2c54ec4d1f1a4476e1d31bd1bba4716,2010-03-17,2010-03-17,2010-03-27
155,844105184,H,2010-03-17,,45,Offline,2,8337,395590.65,265033.23,130557.42,2010-03-17,2010-03-17,2010-04-20,22e395857b7a791be7fae1920c006355,2010-03-17,2010-03-17,2010-04-20
156,696197879,H,2010-03-19,,34,Online,7,9278,1908484.6,1086546.58,821938.02,2010-03-19,2010-03-19,2010-03-26,9c1009efcb1b5d05de41afeafe36c556,2010-03-19,2010-03-19,2010-03-26
157,908140885,H,2010-03-19,,99,Online,6,7924,1220771.44,720529.32,500242.12,2010-03-19,2010-03-19,2010-03-31,8f40d98b81cfa26ce3cdd0621ffab12c,2010-03-19,2010-03-19,2010-03-31
158,612798345,C,2010-03-20,,21,Online,7,9503,1954767.1,1112896.33,841870.77,2010-03-20,2010-03-20,2010-03-30,d83e206032d3a690e4c5385c8ba0b775,2010-03-20,2010-03-20,2010-03-30
159,384128224,M,2010-03-20,,108,Offline,12,933,623495.91,468869.82,154626.09,2010-03-20,2010-03-20,2010-04-26,0f93faf8c5afec4736a24dd106e7f095,2010-03-20,2010-03-20,2010-04-26
160,340204799,L,2010-03-21,,109,Online,9,3015,1271998.35,1099540.35,172458,2010-03-21,2010-03-21,2010-04-16,14fd712f8d10462be1e79f72f69ca5b7,2010-03-21,2010-03-21,2010-04-16
161,215282523,C,2010-03-22,,103,Offline,7,5738,1180306.6,671977.18,508329.42,2010-03-22,2010-03-22,2010-04-08,72e02558059e9ee41a09c5c6f87a4118,2010-03-22,2010-03-22,2010-04-08
162,373186957,L,2010-03-23,,110,Online,6,3169,488216.14,288157.17,200058.97,2010-03-23,2010-03-23,2010-04-07,c0371f47555a3901158a039beb50f243,2010-03-23,2010-03-23,2010-04-07
163,576707398,L,2010-03-23,,56,Online,1,9390,87608.7,64978.8,22629.9,2010-03-23,2010-03-23,2010-04-14,1f176fc1b32e7382e8ee37855cd3062a,2010-03-23,2010-03-23,2010-04-14
164,911290013,M,2010-03-24,,111,Online,3,9821,802670.33,556556.07,246114.26,2010-03-24,2010-03-24,2010-04-03,6e6299ce41b0361f519f44c8b03d9ab1,2010-03-24,2010-03-24,2010-04-03
165,632320535,H,2010-03-26,,72,Online,11,6553,4267379.13,3440062.88,827316.25,2010-03-26,2010-03-26,2010-03-28,0b0df0655e79d08ea9132ddb1b26f5b8,2010-03-26,2010-03-26,2010-03-28
166,382594001,M,2010-03-27,,70,Offline,5,6922,1056158.76,674479.68,381679.08,2010-03-27,2010-03-27,2010-04-07,31b9071ff7731b471e58cbb435ca7b8d,2010-03-27,2010-03-27,2010-04-07
167,948129403,M,2010-03-27,,112,Online,2,1415,67141.75,44982.85,22158.9,2010-03-27,2010-03-27,2010-05-14,6de5ce493fbf8090e448b08da358ec8b,2010-03-27,2010-03-27,2010-05-14
169,267432820,M,2010-03-31,,72,Online,7,8169,1680363.3,956671.59,723691.71,2010-03-31,2010-03-31,2010-04-24,55af519c9167bfe1b6f783f1459c9984,2010-03-31,2010-03-31,2010-04-24
170,230121362,C,2010-03-31,,114,Online,1,6880,64190.4,47609.6,16580.8,2010-03-31,2010-03-31,2010-05-06,3fa9f735469376be0d00ff9e7e3ae1df,2010-03-31,2010-03-31,2010-05-06
171,258774220,M,2010-04-02,,46,Offline,7,5897,1213012.9,690597.67,522415.23,2010-04-02,2010-04-02,2010-04-28,45842ef459d41618abcb332ad1e309f5,2010-04-02,2010-04-02,2010-04-28
172,580841004,H,2010-04-03,,61,Offline,2,2616,124129.2,83162.64,40966.56,2010-04-03,2010-04-03,2010-04-22,b855e143b83458fe2423c861b7c948de,2010-04-03,2010-04-03,2010-04-22
173,798805892,H,2010-04-04,,17,Offline,12,3270,2185242.9,1643305.8,541937.1,2010-04-04,2010-04-04,2010-04-25,7e06b13e35857df945f50304260b4440,2010-04-04,2010-04-04,2010-04-25
174,553290641,M,2010-04-05,,7,Online,4,9851,1076517.28,353059.84,723457.44,2010-04-05,2010-04-05,2010-04-07,e0bb15bf38e5edbbe52e481de0e313f3,2010-04-05,2010-04-05,2010-04-07
175,638618791,L,2010-04-05,,115,Offline,8,347,88582.16,55318.74,33263.42,2010-04-05,2010-04-05,2010-05-25,9b3d296b10e0b24f9e4e5c2972b38600,2010-04-05,2010-04-05,2010-05-25
176,937700545,M,2010-04-06,,116,Online,6,5284,814053.04,480474.12,333578.92,2010-04-06,2010-04-06,2010-04-30,c83474c45bba9fc11234f54ffd72ca1e,2010-04-06,2010-04-06,2010-04-30
177,802427089,C,2010-04-07,,78,Offline,11,4862,3166183.02,2552355.52,613827.5,2010-04-07,2010-04-07,2010-04-26,5ff1614e2dac8c0a081038902f8c2ec4,2010-04-07,2010-04-07,2010-04-26
178,781488692,M,2010-04-07,,117,Online,12,8725,5830655.75,4384661.5,1445994.25,2010-04-07,2010-04-07,2010-05-03,572ef0e911a157278a718fe0192a44dc,2010-04-07,2010-04-07,2010-05-03
179,821082818,L,2010-04-07,,16,Online,5,5507,840258.06,536602.08,303655.98,2010-04-07,2010-04-07,2010-05-15,50f6df5a8a6487870928fdb2242206d3,2010-04-07,2010-04-07,2010-05-15
180,580014884,C,2010-04-07,,64,Online,1,8148,76020.84,56384.16,19636.68,2010-04-07,2010-04-07,2010-05-21,659a729218f492b85ff0313c11d74ae4,2010-04-07,2010-04-07,2010-05-21
181,924594628,M,2010-04-09,,114,Offline,8,6952,1774706.56,1108287.84,666418.72,2010-04-09,2010-04-09,2010-04-12,cd8f1bd76a11d6fce59197146be4a3ee,2010-04-09,2010-04-09,2010-04-12
182,483981502,H,2010-04-09,,45,Online,11,9736,6340180.56,5111010.56,1229170,2010-04-09,2010-04-09,2010-05-04,a0ddce484ca74d99af7b626e7a2dc697,2010-04-09,2010-04-09,2010-05-04
183,269637811,C,2010-04-10,,119,Offline,11,675,439566.75,354348,85218.75,2010-04-10,2010-04-10,2010-05-01,172ae021542454a176450f0cf9cd4b59,2010-04-10,2010-04-10,2010-05-01
184,889093768,M,2010-04-10,,118,Offline,7,1458,299910.6,170746.38,129164.22,2010-04-10,2010-04-10,2010-05-20,9ce7095d40ef21cefdb4d158df313518,2010-04-10,2010-04-10,2010-05-20
185,273495042,C,2010-04-11,,105,Online,2,2115,100356.75,67235.85,33120.9,2010-04-11,2010-04-11,2010-05-01,0aeea7f9630883309255689d4230c179,2010-04-11,2010-04-11,2010-05-01
186,204775989,L,2010-04-12,,120,Online,11,6620,4311010.2,3475235.2,835775,2010-04-12,2010-04-12,2010-04-29,580b9c2da40fc92fe8d599258ef057ae,2010-04-12,2010-04-12,2010-04-29
187,447536504,H,2010-04-14,,30,Offline,9,4852,2047010.28,1769475.88,277534.4,2010-04-14,2010-04-14,2010-04-25,1c430e4a32618001b7d1bb0c891318c5,2010-04-14,2010-04-14,2010-04-25
188,597254407,M,2010-04-14,,87,Offline,1,9706,90556.98,67165.52,23391.46,2010-04-14,2010-04-14,2010-04-25,6d41183de72ec5d769ea6f5deb5527f7,2010-04-14,2010-04-14,2010-04-25
189,879845082,M,2010-04-14,,90,Offline,1,4567,42610.11,31603.64,11006.47,2010-04-14,2010-04-14,2010-05-01,284567f97d36cc76f5a86e0258454b63,2010-04-14,2010-04-14,2010-05-01
190,144125449,H,2010-04-14,,8,Online,7,8778,1805634.6,1027991.58,777643.02,2010-04-14,2010-04-14,2010-05-22,e9f01ecaed0e8ab693e01eeb84ba3cc9,2010-04-14,2010-04-14,2010-05-22
191,590760457,L,2010-04-15,,96,Offline,1,8002,74658.66,55373.84,19284.82,2010-04-15,2010-04-15,2010-04-28,6f684885599502b54279c8f105495f5d,2010-04-15,2010-04-15,2010-04-28
192,786094367,M,2010-04-15,,121,Online,12,1647,1100640.69,827683.38,272957.31,2010-04-15,2010-04-15,2010-05-08,120fa2be3d468af3ce03332b2207892f,2010-04-15,2010-04-15,2010-05-08
193,762991321,L,2010-04-16,,8,Offline,2,4942,234497.9,157106.18,77391.72,2010-04-16,2010-04-16,2010-05-17,45d580d64d866889fbc7e6864d63673a,2010-04-16,2010-04-16,2010-05-17
194,754804790,H,2010-04-16,,122,Online,11,2366,1540762.86,1242055.36,298707.5,2010-04-16,2010-04-16,2010-05-20,be506b06c185f6597b3fd66e87f2e4a9,2010-04-16,2010-04-16,2010-05-20
195,301439797,L,2010-04-17,,123,Online,9,1590,670805.1,579857.1,90948,2010-04-17,2010-04-17,2010-04-26,da5d5f9fd542f360fa47bc5869481f7d,2010-04-17,2010-04-17,2010-04-26
196,619531333,C,2010-04-17,,80,Offline,11,1944,1265952.24,1020522.24,245430,2010-04-17,2010-04-17,2010-05-16,b4d0dc8382ffc3be6c71b82abc635a56,2010-04-17,2010-04-17,2010-05-16
197,334539973,M,2010-04-18,,23,Online,4,6667,728569.76,238945.28,489624.48,2010-04-18,2010-04-18,2010-05-11,3c615dc535c0a4f76a07a68006436ccc,2010-04-18,2010-04-18,2010-05-11
198,957617127,L,2010-04-20,,31,Online,10,9043,3953599.6,2381293.19,1572306.41,2010-04-20,2010-04-20,2010-05-31,3e99f5aa46b5ceff9f16a117f21e16a5,2010-04-20,2010-04-20,2010-05-31
199,917904984,L,2010-04-21,,26,Online,3,7338,599734.74,415844.46,183890.28,2010-04-21,2010-04-21,2010-04-24,de44243666a42090ba372d777e683e5f,2010-04-21,2010-04-21,2010-04-24
200,421206653,L,2010-04-21,,121,Online,11,3264,2125549.44,1713469.44,412080,2010-04-21,2010-04-21,2010-06-04,bc118f92b823290469420135fa34f5f4,2010-04-21,2010-04-21,2010-06-04
201,566241204,L,2010-04-23,,92,Offline,8,2210,564168.8,352318.2,211850.6,2010-04-23,2010-04-23,2010-05-13,ba54d4aeca746ecbe4b7295a50d3d901,2010-04-23,2010-04-23,2010-05-13
202,829704082,M,2010-04-25,,65,Offline,7,6730,1384361,788150.3,596210.7,2010-04-25,2010-04-25,2010-05-02,2808ae4eb35273e6318f48f60b138ba2,2010-04-25,2010-04-25,2010-05-02
203,817424285,C,2010-04-25,,12,Online,6,2866,441535.96,260605.38,180930.58,2010-04-25,2010-04-25,2010-05-06,45b17cc56765b670502a1f5b8b23790a,2010-04-25,2010-04-25,2010-05-06
204,281013810,C,2010-04-25,,83,Offline,3,7086,579138.78,401563.62,177575.16,2010-04-25,2010-04-25,2010-05-10,7bc97b55760e28c1a03b63d7b55673f0,2010-04-25,2010-04-25,2010-05-10
205,559511220,L,2010-04-25,,124,Online,1,658,6139.14,4553.36,1585.78,2010-04-25,2010-04-25,2010-05-17,a2ceab94567e30f664e3943979455290,2010-04-25,2010-04-25,2010-05-17
206,690101325,L,2010-04-27,,123,Online,10,5173,2261635.6,1362206.09,899429.51,2010-04-27,2010-04-27,2010-04-30,45788112fd42631da4afe5db5480a8d1,2010-04-27,2010-04-27,2010-04-30
207,523892343,C,2010-04-27,,85,Offline,8,241,61522.48,38420.22,23102.26,2010-04-27,2010-04-27,2010-05-31,d7a0f0bbdc62e2a4db4a8dc5c8ba58b4,2010-04-27,2010-04-27,2010-05-31
208,692029941,L,2010-04-28,,38,Offline,11,5893,3837580.53,3093589.28,743991.25,2010-04-28,2010-04-28,2010-04-30,f974cea8db7780cdcbf6b5e42bc68301,2010-04-28,2010-04-28,2010-04-30
209,374056422,H,2010-04-28,,125,Offline,5,463,70644.54,45114.72,25529.82,2010-04-28,2010-04-28,2010-05-06,734139b3fbeb2cad3d00eb5aeb9e20a2,2010-04-28,2010-04-28,2010-05-06
210,307265985,C,2010-04-29,,74,Online,12,5688,3801119.76,2858447.52,942672.24,2010-04-29,2010-04-29,2010-05-04,83e9851f18b7fc32a4a5bf15756dc7ae,2010-04-29,2010-04-29,2010-05-04
211,589856660,C,2010-04-29,,73,Online,3,548,44788.04,31055.16,13732.88,2010-04-29,2010-04-29,2010-05-10,0e181f555208a21e593d67be7602c8b4,2010-04-29,2010-04-29,2010-05-10
212,666880261,M,2010-04-29,,97,Online,8,3544,904712.32,564984.48,339727.84,2010-04-29,2010-04-29,2010-06-04,56895c4395ccd8202c14b1c59408f51c,2010-04-29,2010-04-29,2010-06-04
213,793731153,C,2010-04-29,,14,Offline,12,1541,1029804.07,774414.14,255389.93,2010-04-29,2010-04-29,2010-06-12,026c885bf000d3344f5649b2fd629ad6,2010-04-29,2010-04-29,2010-06-12
214,914088094,C,2010-04-30,,38,Online,11,7835,5102230.35,4113061.6,989168.75,2010-04-30,2010-04-30,2010-05-03,73836255ffa7d3f0bcc7cd65f5b26e12,2010-04-30,2010-04-30,2010-05-03
215,751854360,C,2010-04-30,,72,Offline,10,9268,4051969.6,2440542.44,1611427.16,2010-04-30,2010-04-30,2010-05-07,1de015d286959fb3f1a2d8bd5f3f2af0,2010-04-30,2010-04-30,2010-05-07
216,999298226,L,2010-04-30,,126,Online,6,3407,524882.42,309798.51,215083.91,2010-04-30,2010-04-30,2010-05-25,abe2a416c32f7a9678bd7ff1f8ec2eb0,2010-04-30,2010-04-30,2010-05-25
217,292349469,L,2010-05-01,,92,Online,11,1559,1015236.39,818412.64,196823.75,2010-05-01,2010-05-01,2010-05-11,7a1ff37ef6e86786833ca1be75cabcbc,2010-05-01,2010-05-01,2010-05-11
218,489848029,M,2010-05-01,,127,Offline,5,5772,880691.76,562423.68,318268.08,2010-05-01,2010-05-01,2010-05-20,ae4477065e5a77cddb4c164990168c87,2010-05-01,2010-05-01,2010-05-20
219,242168128,M,2010-05-02,,84,Online,2,1785,84698.25,56745.15,27953.1,2010-05-02,2010-05-02,2010-05-03,2827d9c65265a3f5400df5608ea1f963,2010-05-02,2010-05-02,2010-05-03
220,152746713,C,2010-05-02,,32,Offline,11,2,1302.42,1049.92,252.5,2010-05-02,2010-05-02,2010-05-08,e7881f470a257193e083c3dd1918ce42,2010-05-02,2010-05-02,2010-05-08
221,795069682,C,2010-05-02,,74,Online,7,7642,1571959.4,894954.62,677004.78,2010-05-02,2010-05-02,2010-05-19,4704f56e9715c57ce279677a404007ee,2010-05-02,2010-05-02,2010-05-19
222,624649417,M,2010-05-02,,1,Offline,6,6498,1001081.88,590863.14,410218.74,2010-05-02,2010-05-02,2010-05-26,910f758905824065d7977b04824a551f,2010-05-02,2010-05-02,2010-05-26
223,443877971,H,2010-05-02,,49,Offline,8,2210,564168.8,352318.2,211850.6,2010-05-02,2010-05-02,2010-06-06,a6d0adc99ce1e727cfa50736b655016f,2010-05-02,2010-05-02,2010-06-06
224,291995418,L,2010-05-02,,33,Online,1,6788,63332.04,46972.96,16359.08,2010-05-02,2010-05-02,2010-06-06,acfba3a1f2c1f379b6d23828704822e3,2010-05-02,2010-05-02,2010-06-06
225,348080623,M,2010-05-03,,34,Online,5,3646,556306.68,355266.24,201040.44,2010-05-03,2010-05-03,2010-05-19,a906280d5044780ca82ba6f71b82aeed,2010-05-03,2010-05-03,2010-05-19
226,505867040,L,2010-05-04,,54,Offline,4,6153,672399.84,220523.52,451876.32,2010-05-04,2010-05-04,2010-06-12,d6c1e51d233da1211f569a704c435cab,2010-05-04,2010-05-04,2010-06-12
227,260469806,M,2010-05-04,,120,Online,1,7659,71458.47,53000.28,18458.19,2010-05-04,2010-05-04,2010-06-19,7aa42bae7678d8732a68b7eda60a93ea,2010-05-04,2010-05-04,2010-06-19
228,931563651,L,2010-05-05,,128,Offline,7,9241,1900873.7,1082213.51,818660.19,2010-05-05,2010-05-05,2010-05-26,c91959647686e8c525ebe8151ec65728,2010-05-05,2010-05-05,2010-05-26
229,578089272,C,2010-05-06,,73,Online,12,8317,5558001.59,4179625.18,1378376.41,2010-05-06,2010-05-06,2010-05-20,fee528538d137940da16a4b6b1a58e44,2010-05-06,2010-05-06,2010-05-20
230,646572291,H,2010-05-07,,129,Online,11,3964,2581396.44,2080941.44,500455,2010-05-07,2010-05-07,2010-05-23,09e9fca4d632b5f3aa5d8a284c7f3310,2010-05-07,2010-05-07,2010-05-23
231,515510118,L,2010-05-07,,129,Offline,7,9754,2006397.8,1142290.94,864106.86,2010-05-07,2010-05-07,2010-06-11,39a5d4cd8b875d9a0aa70b4eca1f5003,2010-05-07,2010-05-07,2010-06-11
232,392752492,H,2010-05-08,,101,Offline,3,3045,248867.85,172560.15,76307.7,2010-05-08,2010-05-08,2010-06-03,0224a67a59bbc07b53f7507f5bd92575,2010-05-08,2010-05-08,2010-06-03
233,535740411,M,2010-05-10,,94,Offline,3,6348,518822.04,359741.16,159080.88,2010-05-10,2010-05-10,2010-06-07,6a696045761615c5261fbef980de5bfc,2010-05-10,2010-05-10,2010-06-07
234,970213639,C,2010-05-10,,130,Offline,6,6631,1021571.86,602956.83,418615.03,2010-05-10,2010-05-10,2010-06-12,8b400d2da3b23db549f1347ee375c983,2010-05-10,2010-05-10,2010-06-12
235,905469834,M,2010-05-11,,86,Offline,4,7500,819600,268800,550800,2010-05-11,2010-05-11,2010-05-15,464074d411e773ec38a73d5942a9efe9,2010-05-11,2010-05-11,2010-05-15
236,890789353,H,2010-05-12,,70,Online,1,3220,30042.6,22282.4,7760.2,2010-05-12,2010-05-12,2010-05-21,d876f10a469a6fe8552127f563457fea,2010-05-12,2010-05-12,2010-05-21
237,803414571,H,2010-05-12,,131,Offline,6,7080,1090744.8,643784.4,446960.4,2010-05-12,2010-05-12,2010-06-19,07635d6855816161cafc25724365c086,2010-05-12,2010-05-12,2010-06-19
238,892599952,L,2010-05-13,,105,Offline,7,9016,1854591.2,1055863.76,798727.44,2010-05-13,2010-05-13,2010-06-15,38398f1a7a187bcd4494fb69e9df5de4,2010-05-13,2010-05-13,2010-06-15
239,123544108,M,2010-05-13,,94,Online,7,8302,1707721.4,972247.22,735474.18,2010-05-13,2010-05-13,2010-06-22,72aad20fb9b5ae215fa7a3dd0298cb8d,2010-05-13,2010-05-13,2010-06-22
240,115121543,L,2010-05-13,,132,Online,5,5878,896865.24,572752.32,324112.92,2010-05-13,2010-05-13,2010-06-25,8fe9ce29302eab2b3e55a6b3936b4ea1,2010-05-13,2010-05-13,2010-06-25
241,131612622,H,2010-05-14,,16,Offline,1,5954,55550.82,41201.68,14349.14,2010-05-14,2010-05-14,2010-05-25,33a042db05c885eea9ad25138631f20a,2010-05-14,2010-05-14,2010-05-25
242,702815854,L,2010-05-16,,134,Online,12,7684,5134986.68,3861517.36,1273469.32,2010-05-16,2010-05-16,2010-06-06,ebc0253fd55109f1289dc9239be98c3c,2010-05-16,2010-05-16,2010-06-06
243,590527427,M,2010-05-16,,133,Offline,10,9043,3953599.6,2381293.19,1572306.41,2010-05-16,2010-05-16,2010-06-19,08779a172ce9c0f1eb3cf6e0dd5eddef,2010-05-16,2010-05-16,2010-06-19
244,527948272,H,2010-05-17,,136,Offline,3,481,39312.13,27258.27,12053.86,2010-05-17,2010-05-17,2010-05-21,f105560922b25cbbbb085d3c9fc94965,2010-05-17,2010-05-17,2010-05-21
245,151724898,L,2010-05-17,,119,Online,11,7624,4964825.04,4002295.04,962530,2010-05-17,2010-05-17,2010-06-16,711f46f28454111522c6ccec50ed2c2f,2010-05-17,2010-05-17,2010-06-16
246,804399049,M,2010-05-17,,135,Online,12,8409,5619482.43,4225858.86,1393623.57,2010-05-17,2010-05-17,2010-06-23,214a220f5ceccc34c262d55ee196adc0,2010-05-17,2010-05-17,2010-06-23
247,908264911,L,2010-05-18,,77,Online,2,4626,219503.7,147060.54,72443.16,2010-05-18,2010-05-18,2010-06-14,dc57514cfb4dfe1ab8d5febb35c7b251,2010-05-18,2010-05-18,2010-06-14
248,966396749,H,2010-05-18,,70,Offline,10,7128,3116361.6,1877016.24,1239345.36,2010-05-18,2010-05-18,2010-06-20,4c3a7e4101d6bb316e6f891f99ba210c,2010-05-18,2010-05-18,2010-06-20
249,679358756,C,2010-05-19,,19,Online,5,6208,947216.64,604907.52,342309.12,2010-05-19,2010-05-19,2010-05-22,57fcafd09d328303870cce4cf14e3eb6,2010-05-19,2010-05-19,2010-05-22
250,791411149,C,2010-05-20,,38,Online,12,5001,3342018.27,2513202.54,828815.73,2010-05-20,2010-05-20,2010-06-30,8ac5967425cfb1cd9fd33216dda3e393,2010-05-20,2010-05-20,2010-06-30
251,157274711,M,2010-05-21,,68,Offline,11,9937,6471073.77,5216527.52,1254546.25,2010-05-21,2010-05-21,2010-06-17,761221377059741457ceb84fde487388,2010-05-21,2010-05-21,2010-06-17
252,965688645,M,2010-05-21,,103,Offline,2,7585,359908.25,241127.15,118781.1,2010-05-21,2010-05-21,2010-06-23,f31c0d7859f39add736f376d37859bdd,2010-05-21,2010-05-21,2010-06-23
253,918026006,M,2010-05-21,,122,Online,3,3151,257531.23,178567.17,78964.06,2010-05-21,2010-05-21,2010-07-09,f4dea2c5f89432b0be1e2e5836a19569,2010-05-21,2010-05-21,2010-07-09
254,194350135,L,2010-05-22,,132,Online,9,1379,581786.31,502907.51,78878.8,2010-05-22,2010-05-22,2010-06-05,2a370f0ed534e85e2396bf41809e8f82,2010-05-22,2010-05-22,2010-06-05
255,583089339,C,2010-05-22,,24,Online,10,7948,3474865.6,2092946.84,1381918.76,2010-05-22,2010-05-22,2010-06-26,8eb92c347d157528ff21abdfe1a01b4f,2010-05-22,2010-05-22,2010-06-26
256,335763490,L,2010-05-22,,131,Online,11,8733,5687016.93,4584475.68,1102541.25,2010-05-22,2010-05-22,2010-07-04,f1966c24020ea75d7b2b583308937a04,2010-05-22,2010-05-22,2010-07-04
257,857139432,L,2010-05-24,,41,Online,9,5460,2303519.4,1991207.4,312312,2010-05-24,2010-05-24,2010-06-11,872d2c97aa042c8fe8da5313f9e2616c,2010-05-24,2010-05-24,2010-06-11
258,469974792,M,2010-05-26,,37,Offline,8,4840,1235555.2,771592.8,463962.4,2010-05-26,2010-05-26,2010-06-17,8bf66fe8f591c1aa182f89f40d1f8a91,2010-05-26,2010-05-26,2010-06-17
259,815026605,M,2010-05-26,,1,Offline,1,3339,31152.87,23105.88,8046.99,2010-05-26,2010-05-26,2010-06-27,8a85baf84651a485e7437d05898a9f28,2010-05-26,2010-05-26,2010-06-27
260,293178594,C,2010-05-27,,137,Online,3,6916,565244.68,391929.72,173314.96,2010-05-27,2010-05-27,2010-06-01,523b5bd82afa99c08cfd660e41bc10bc,2010-05-27,2010-05-27,2010-06-01
261,197499263,C,2010-05-27,,71,Offline,5,3276,499852.08,319213.44,180638.64,2010-05-27,2010-05-27,2010-06-08,a85d06c77cc1b24cc69c009ad3861e21,2010-05-27,2010-05-27,2010-06-08
262,910233867,C,2010-05-28,,103,Offline,9,7283,3072624.87,2656037.27,416587.6,2010-05-28,2010-05-28,2010-06-22,d85cb299288c38660ae04fff6ed633b1,2010-05-28,2010-05-28,2010-06-22
263,579744517,L,2010-05-28,,50,Online,9,8141,3434606.49,2968941.29,465665.2,2010-05-28,2010-05-28,2010-07-02,572f4da3a56254124fda92c5c92163e2,2010-05-28,2010-05-28,2010-07-02
264,354931628,H,2010-05-30,,138,Offline,3,1011,82629.03,57293.37,25335.66,2010-05-30,2010-05-30,2010-06-08,dae98df0cba1b5616ce8a6c84ae92500,2010-05-30,2010-05-30,2010-06-08
265,223869454,L,2010-05-30,,138,Online,1,6801,63453.33,47062.92,16390.41,2010-05-30,2010-05-30,2010-06-27,57e1cb22773c411a3976566af3163624,2010-05-30,2010-05-30,2010-06-27
266,947073256,C,2010-05-31,,75,Online,5,8878,1354605.24,865072.32,489532.92,2010-05-31,2010-05-31,2010-06-12,015d41f37c1c31f77a9d375990376f9f,2010-05-31,2010-05-31,2010-06-12
267,768230426,C,2010-05-31,,54,Online,5,5310,810199.8,517406.4,292793.4,2010-05-31,2010-05-31,2010-06-22,a2afad8a6548237e8711741d4d9d4487,2010-05-31,2010-05-31,2010-06-22
268,182228696,L,2010-05-31,,139,Online,11,4375,2849043.75,2296700,552343.75,2010-05-31,2010-05-31,2010-07-12,3e2647a99f60f9bc33d983a4deb6e4f1,2010-05-31,2010-05-31,2010-07-12
270,360481441,C,2010-06-02,,71,Offline,12,3324,2221329.48,1670442.96,550886.52,2010-06-02,2010-06-02,2010-06-09,7b95ef8465be21de8667cf0d470f690b,2010-06-02,2010-06-02,2010-06-09
271,850567805,L,2010-06-04,,102,Offline,9,770,324855.3,280811.3,44044,2010-06-04,2010-06-04,2010-07-18,045a661a3a4fc16d13b21700c4e6711c,2010-06-04,2010-06-04,2010-07-18
272,245556294,C,2010-06-05,,34,Online,3,4419,361164.87,250424.73,110740.14,2010-06-05,2010-06-05,2010-06-25,cbc73e90d7168b930465d22d7851c5ce,2010-06-05,2010-06-05,2010-06-25
273,228947198,C,2010-06-05,,7,Offline,5,9418,1436998.44,917689.92,519308.52,2010-06-05,2010-06-05,2010-07-01,6f04e5629c7fe2722b72882c0d38bb75,2010-06-05,2010-06-05,2010-07-01
274,919050824,L,2010-06-05,,61,Offline,1,6417,59870.61,44405.64,15464.97,2010-06-05,2010-06-05,2010-07-21,0c4bb9757df84b6ac95be7c2b4a73268,2010-06-05,2010-06-05,2010-07-21
275,243391644,C,2010-06-06,,45,Online,3,3851,314742.23,218236.17,96506.06,2010-06-06,2010-06-06,2010-06-27,c760815057686206038adac762b564d8,2010-06-06,2010-06-06,2010-06-27
276,305616748,M,2010-06-06,,140,Offline,7,7642,1571959.4,894954.62,677004.78,2010-06-06,2010-06-06,2010-07-01,4d8447f5e002d41f0fab1c038bfe0179,2010-06-06,2010-06-06,2010-07-01
277,467732465,C,2010-06-06,,141,Online,8,1285,328034.8,204854.7,123180.1,2010-06-06,2010-06-06,2010-07-22,c315741b385d98117f557e25b415760d,2010-06-06,2010-06-06,2010-07-22
278,534286868,C,2010-06-06,,131,Online,9,6212,2620780.68,2265454.28,355326.4,2010-06-06,2010-06-06,2010-07-25,dfa4ec400a86179bb21d3c3a59114db1,2010-06-06,2010-06-06,2010-07-25
279,692073285,C,2010-06-07,,142,Offline,6,8719,1343249.14,792818.67,550430.47,2010-06-07,2010-06-07,2010-06-28,3b792b6afe57c6c8e4c576a3a508ec8f,2010-06-07,2010-06-07,2010-06-28
280,317660510,C,2010-06-08,,143,Offline,10,1659,725314.8,436864.47,288450.33,2010-06-08,2010-06-08,2010-06-29,4c919d58a273526b1b333c7686520e2f,2010-06-08,2010-06-08,2010-06-29
281,650078475,H,2010-06-09,,144,Online,11,1522,991141.62,798989.12,192152.5,2010-06-09,2010-06-09,2010-06-18,aa975081acd036f83c03a5393b22a2be,2010-06-09,2010-06-09,2010-06-18
282,381578195,H,2010-06-11,,27,Online,10,6322,2763978.4,1664772.26,1099206.14,2010-06-11,2010-06-11,2010-07-05,bf24831980d8dba41bc31cb893821986,2010-06-11,2010-06-11,2010-07-05
283,986117637,M,2010-06-12,,98,Online,9,2977,1255966.53,1085682.13,170284.4,2010-06-12,2010-06-12,2010-07-30,cb48f7aa2d5c40f0e48b2c3981b8f3f0,2010-06-12,2010-06-12,2010-07-30
284,803063523,M,2010-06-13,,40,Online,5,3197,487798.26,311515.68,176282.58,2010-06-13,2010-06-13,2010-07-16,dc9b43639966dc7a85aaf0476eee48b1,2010-06-13,2010-06-13,2010-07-16
285,907047402,M,2010-06-13,,127,Online,9,4338,1830158.82,1582025.22,248133.6,2010-06-13,2010-06-13,2010-08-01,6fd1476230f07aef722f7f2a89eb484b,2010-06-13,2010-06-13,2010-08-01
286,578368651,M,2010-06-14,,17,Online,6,991,152673.46,90111.63,62561.83,2010-06-14,2010-06-14,2010-07-17,e8f7ec2fa93f0b621a861a98b563d8d8,2010-06-14,2010-06-14,2010-07-17
287,921255815,H,2010-06-14,,124,Offline,3,8923,729276.79,505666.41,223610.38,2010-06-14,2010-06-14,2010-07-28,9518915c9ba0ae917758fcb4e951e2a9,2010-06-14,2010-06-14,2010-07-28
288,229105556,L,2010-06-14,,127,Offline,9,6280,2649469.2,2290253.2,359216,2010-06-14,2010-06-14,2010-08-03,8f543b1a268c4798e8e8d411f81c1e8d,2010-06-14,2010-06-14,2010-08-03
289,247761285,M,2010-06-15,,65,Online,2,6925,328591.25,220145.75,108445.5,2010-06-15,2010-06-15,2010-07-03,e0f6df8bccaa0a7c40782d35158003f5,2010-06-15,2010-06-15,2010-07-03
290,998043382,H,2010-06-15,,66,Online,10,2070,905004,545093.1,359910.9,2010-06-15,2010-06-15,2010-07-03,308066e19e29cf37bcedfa266d1d3d7f,2010-06-15,2010-06-15,2010-07-03
291,203955876,M,2010-06-15,,145,Online,7,3931,808606.7,460359.41,348247.29,2010-06-15,2010-06-15,2010-07-18,de21b9eb6248d968a3a0d7b51d339246,2010-06-15,2010-06-15,2010-07-18
292,332617366,M,2010-06-16,,10,Online,4,7725,844188,276864,567324,2010-06-16,2010-06-16,2010-06-30,3c3ece965b8f9a648936dcf045686c88,2010-06-16,2010-06-16,2010-06-30
293,465726172,M,2010-06-16,,146,Offline,12,7579,5064818.33,3808750.66,1256067.67,2010-06-16,2010-06-16,2010-07-06,9e6410b542cb5cf58d7182f8e085c6dc,2010-06-16,2010-06-16,2010-07-06
294,806684720,H,2010-06-16,,40,Online,12,4790,3201013.3,2407166.6,793846.7,2010-06-16,2010-06-16,2010-07-18,1fe8de0140a3c0b1f79aa6877d8782f9,2010-06-16,2010-06-16,2010-07-18
295,151373851,L,2010-06-18,,100,Online,2,3741,177510.45,118926.39,58584.06,2010-06-18,2010-06-18,2010-07-12,8bf4887d669cdeba340dbdecb10dfddb,2010-06-18,2010-06-18,2010-07-12
296,899727332,L,2010-06-18,,120,Online,2,8166,387476.7,259597.14,127879.56,2010-06-18,2010-06-18,2010-07-13,8da88de28d43b622def335cb7f7f2cbe,2010-06-18,2010-06-18,2010-07-13
297,799954736,M,2010-06-18,,3,Online,2,3238,153643.1,102936.02,50707.08,2010-06-18,2010-06-18,2010-07-21,f61bf32276edf4e10ecb5b42a5052841,2010-06-18,2010-06-18,2010-07-21
298,643860900,C,2010-06-19,,136,Online,9,1603,676289.67,584598.07,91691.6,2010-06-19,2010-06-19,2010-06-29,d0f70ef55446b33c3740a98e088a1209,2010-06-19,2010-06-19,2010-06-29
299,402792966,H,2010-06-19,,142,Offline,8,4244,1083408.32,676578.48,406829.84,2010-06-19,2010-06-19,2010-07-04,6b1823949361d97debce70f5dd6665b0,2010-06-19,2010-06-19,2010-07-04
300,885046851,M,2010-06-19,,84,Offline,11,3886,2530602.06,2039994.56,490607.5,2010-06-19,2010-06-19,2010-07-19,6a25c5c6f061c20004202e0782c68923,2010-06-19,2010-06-19,2010-07-19
301,895043981,H,2010-06-20,,78,Offline,5,2259,344678.22,220116.96,124561.26,2010-06-20,2010-06-20,2010-06-21,95c3112ba3468b4baebaec37f7fda103,2010-06-20,2010-06-20,2010-06-21
302,340213811,C,2010-06-20,,147,Online,11,5682,3700175.22,2982822.72,717352.5,2010-06-20,2010-06-20,2010-07-26,02ad3c66feafb0f662d6d01543af328c,2010-06-20,2010-06-20,2010-07-26
303,616546571,M,2010-06-20,,40,Offline,7,8686,1786710.2,1017217.46,769492.74,2010-06-20,2010-06-20,2010-08-03,2679b9f499d18d7727e009770717b9a0,2010-06-20,2010-06-20,2010-08-03
304,890478646,L,2010-06-22,,121,Offline,7,1275,262267.5,149315.25,112952.25,2010-06-22,2010-06-22,2010-06-24,97b90991358c04920f736e0c5398ebfe,2010-06-22,2010-06-22,2010-06-24
305,181719291,H,2010-06-22,,148,Online,1,3631,33877.23,25126.52,8750.71,2010-06-22,2010-06-22,2010-07-05,7c1655f57c6d4001979f49aae5c263cf,2010-06-22,2010-06-22,2010-07-05
306,940305936,C,2010-06-23,,49,Online,11,6277,4087645.17,3295173.92,792471.25,2010-06-23,2010-06-23,2010-07-29,6c69ac29193a40faa27a7fdad319e999,2010-06-23,2010-06-23,2010-07-29
307,688650786,H,2010-06-23,,37,Offline,12,5926,3960168.02,2978052.04,982115.98,2010-06-23,2010-06-23,2010-08-07,3814cdf88a539d8b8faf62be1f98a3cf,2010-06-23,2010-06-23,2010-08-07
308,272361218,C,2010-06-26,,28,Offline,5,6592,1005807.36,642324.48,363482.88,2010-06-26,2010-06-26,2010-07-03,2f8b71cb37ef913482ee743fc87fe68f,2010-06-26,2010-06-26,2010-07-03
309,172588622,L,2010-06-26,,115,Offline,4,1663,181732.64,59601.92,122130.72,2010-06-26,2010-06-26,2010-07-12,8f6e3cda3aec7be849bd32bcfdfe188c,2010-06-26,2010-06-26,2010-07-12
310,979073941,C,2010-06-26,,58,Online,8,8591,2193110.48,1369577.22,823533.26,2010-06-26,2010-06-26,2010-07-18,2e7de18248010daab7a6505b1343e5f8,2010-06-26,2010-06-26,2010-07-18
311,748357188,C,2010-06-26,,23,Offline,8,4377,1117360.56,697781.34,419579.22,2010-06-26,2010-06-26,2010-07-20,175aede021e65b4c905f2f34b8a4f5ed,2010-06-26,2010-06-26,2010-07-20
312,444828116,H,2010-06-26,,22,Offline,1,3380,31535.4,23389.6,8145.8,2010-06-26,2010-06-26,2010-07-21,25e09d2f76b600d40eca119c85ded3a4,2010-06-26,2010-06-26,2010-07-21
313,145628345,C,2010-06-26,,149,Online,9,3518,1484209.02,1282979.42,201229.6,2010-06-26,2010-06-26,2010-07-21,15c2368d9c295000eac9df54b07fe376,2010-06-26,2010-06-26,2010-07-21
314,189315736,M,2010-06-26,,149,Online,2,1588,75350.6,50482.52,24868.08,2010-06-26,2010-06-26,2010-08-01,24a08296caf916aa17ed299beaef3414,2010-06-26,2010-06-26,2010-08-01
316,324235141,C,2010-06-27,,131,Online,5,7238,1104374.04,705270.72,399103.32,2010-06-27,2010-06-27,2010-07-12,136b2485d5cfeeff1a3c9f34b6f3b8a9,2010-06-27,2010-06-27,2010-07-12
317,494537389,C,2010-06-27,,44,Online,1,3458,32263.14,23929.36,8333.78,2010-06-27,2010-06-27,2010-07-31,10a6e55d45c980a93016f0c31c01b2a1,2010-06-27,2010-06-27,2010-07-31
318,400904691,M,2010-06-28,,139,Offline,7,5462,1123533.4,639654.82,483878.58,2010-06-28,2010-06-28,2010-07-12,ae10338df82be7cfaf44a07d06849905,2010-06-28,2010-06-28,2010-07-12
319,323881089,H,2010-06-28,,112,Offline,12,2467,1648622.09,1239766.18,408855.91,2010-06-28,2010-06-28,2010-08-08,4bc6af542aa58093b0d7a9ecb65d70ca,2010-06-28,2010-06-28,2010-08-08
320,151532208,L,2010-06-28,,48,Offline,12,603,402966.81,303031.62,99935.19,2010-06-28,2010-06-28,2010-08-15,5f5957de9415318358cf46ac625838c7,2010-06-28,2010-06-28,2010-08-15
321,984741771,M,2010-06-29,,119,Online,11,5828,3795251.88,3059466.88,735785,2010-06-29,2010-06-29,2010-08-13,5e55da465e8ef47f060ad75edb9cebe0,2010-06-29,2010-06-29,2010-08-13
322,888826406,H,2010-06-30,,150,Offline,2,2340,111033,74388.6,36644.4,2010-06-30,2010-06-30,2010-07-01,97772170c15f39aadc051e5a05a9cd3f,2010-06-30,2010-06-30,2010-07-01
323,768351447,M,2010-06-30,,131,Online,5,1123,171347.34,109425.12,61922.22,2010-06-30,2010-06-30,2010-07-17,b82b6d9bde0061b9ee6dce99a00f2e47,2010-06-30,2010-06-30,2010-07-17
324,803616273,M,2010-06-30,,152,Online,8,6768,1727735.04,1078954.56,648780.48,2010-06-30,2010-06-30,2010-07-30,c8f7d4a787d27a685cb4e76e7bbad5f3,2010-06-30,2010-06-30,2010-07-30
325,990763652,L,2010-06-30,,151,Offline,2,7836,371818.2,249106.44,122711.76,2010-06-30,2010-06-30,2010-08-12,c356704daecccc8d0680470f52969a1e,2010-06-30,2010-06-30,2010-08-12
326,934206378,M,2010-07-02,,80,Online,5,1282,195607.56,124918.08,70689.48,2010-07-02,2010-07-02,2010-07-13,c5ef1cac9c0debbe58121ba62c6aebd4,2010-07-02,2010-07-02,2010-07-13
327,422709548,M,2010-07-03,,67,Online,4,8004,874677.12,286863.36,587813.76,2010-07-03,2010-07-03,2010-08-04,531839b8b0938c2db7a161029cb71683,2010-07-03,2010-07-03,2010-08-04
328,447505176,H,2010-07-04,,151,Online,7,5581,1148011.7,653590.91,494420.79,2010-07-04,2010-07-04,2010-07-27,a308d4d105b98a38fbbb3086384bc5f1,2010-07-04,2010-07-04,2010-07-27
329,873555839,C,2010-07-04,,109,Online,9,3440,1451301.6,1254533.6,196768,2010-07-04,2010-07-04,2010-08-04,779cdc8deeda148969b501bb3d10d035,2010-07-04,2010-07-04,2010-08-04
330,646814334,M,2010-07-05,,81,Online,11,5590,3640263.9,2934526.4,705737.5,2010-07-05,2010-07-05,2010-07-11,85905705a5035b29e134be42bbbe66d7,2010-07-05,2010-07-05,2010-07-11
331,301644504,C,2010-07-05,,71,Offline,5,2167,330640.86,211152.48,119488.38,2010-07-05,2010-07-05,2010-07-26,11e0218b216660e7ce8fe66579a3e7d6,2010-07-05,2010-07-05,2010-07-26
332,983207547,M,2010-07-06,,71,Offline,3,1817,148503.41,102969.39,45534.02,2010-07-06,2010-07-06,2010-07-25,4552c76870cd3939f2575739aba4fee4,2010-07-06,2010-07-06,2010-07-25
334,864071118,L,2010-07-10,,26,Online,2,6700,317915,212993,104922,2010-07-10,2010-07-10,2010-07-18,6283592d17172b06470ef96cf25b6621,2010-07-10,2010-07-10,2010-07-18
336,730490243,H,2010-07-12,,4,Online,9,7151,3016935.39,2607898.19,409037.2,2010-07-12,2010-07-12,2010-07-14,d55d456ad66634406d2b910375208d44,2010-07-12,2010-07-12,2010-07-14
337,578725707,M,2010-07-12,,72,Offline,7,6652,1368316.4,779015.72,589300.68,2010-07-12,2010-07-12,2010-08-09,dbb14f2798a2bf7d02a1800ad04f56c5,2010-07-12,2010-07-12,2010-08-09
338,950619781,M,2010-07-13,,154,Online,1,8373,78120.09,57941.16,20178.93,2010-07-13,2010-07-13,2010-07-17,beffa7808c8e900eaaadb3826015abd3,2010-07-13,2010-07-13,2010-07-17
339,892487943,H,2010-07-13,,15,Offline,8,5870,1498493.6,935795.4,562698.2,2010-07-13,2010-07-13,2010-08-31,e1f777f7fc75394559bc90cd2ddbce17,2010-07-13,2010-07-13,2010-08-31
340,983719956,H,2010-07-14,,120,Offline,11,3450,2246674.5,1811112,435562.5,2010-07-14,2010-07-14,2010-08-01,a34e428a78de2d021caff0fbbeca4ed4,2010-07-14,2010-07-14,2010-08-01
341,183374536,L,2010-07-14,,49,Online,7,3455,710693.5,404615.05,306078.45,2010-07-14,2010-07-14,2010-08-18,3f2863566accd6c4ac3e539591c6b3a1,2010-07-14,2010-07-14,2010-08-18
342,399292790,H,2010-07-16,,121,Offline,10,8465,3700898,2229088.45,1471809.55,2010-07-16,2010-07-16,2010-07-28,a81bf98aa49c9052a077f193b53af979,2010-07-16,2010-07-16,2010-07-28
343,987459170,M,2010-07-16,,155,Online,3,9967,814602.91,564829.89,249773.02,2010-07-16,2010-07-16,2010-08-27,2dba14d782d2c56059d86d464bebb4e1,2010-07-16,2010-07-16,2010-08-27
344,673578917,H,2010-07-16,,1,Online,6,5825,897399.5,529667.25,367732.25,2010-07-16,2010-07-16,2010-08-31,394e5259a270710c2a52d18fb0b7f68d,2010-07-16,2010-07-16,2010-08-31
345,955815541,M,2010-07-18,,39,Offline,10,5914,2585600.8,1557333.62,1028267.18,2010-07-18,2010-07-18,2010-08-13,c420b9fe4f169aa7022bc77d1fbc6a54,2010-07-18,2010-07-18,2010-08-13
346,629301440,L,2010-07-19,,138,Offline,8,3135,800302.8,499781.7,300521.1,2010-07-19,2010-07-19,2010-07-29,9e89a414efb7ef6744f0a7186e0dfc5e,2010-07-19,2010-07-19,2010-07-29
347,772643411,L,2010-07-19,,37,Online,7,1210,248897,141703.1,107193.9,2010-07-19,2010-07-19,2010-08-25,6eaad14d4db29208fd2f7f03e1feec4e,2010-07-19,2010-07-19,2010-08-25
348,273662412,C,2010-07-20,,54,Online,9,1644,693587.16,599550.36,94036.8,2010-07-20,2010-07-20,2010-07-23,8b4a00922da0f035d6fc844228e16ca4,2010-07-20,2010-07-20,2010-07-23
349,535668742,H,2010-07-20,,70,Online,5,5139,784108.62,500744.16,283364.46,2010-07-20,2010-07-20,2010-08-31,58ef1920d9a138e101ac54e793692376,2010-07-20,2010-07-20,2010-08-31
350,541100537,M,2010-07-23,,105,Offline,9,2528,1066537.92,921936.32,144601.6,2010-07-23,2010-07-23,2010-08-06,ce530875c28ccc03268e80bcc950d2a0,2010-07-23,2010-07-23,2010-08-06
351,678302609,L,2010-07-23,,107,Online,4,3670,401057.6,131532.8,269524.8,2010-07-23,2010-07-23,2010-08-10,3437ccf8cf311f343b17495c5203a5f4,2010-07-23,2010-07-23,2010-08-10
352,665786778,L,2010-07-24,,26,Offline,1,9958,92908.14,68909.36,23998.78,2010-07-24,2010-07-24,2010-08-15,fa66a8b222b39568a53f9fe8b06f1d6a,2010-07-24,2010-07-24,2010-08-15
353,540982520,L,2010-07-24,,94,Offline,10,7604,3324468.8,2002361.32,1322107.48,2010-07-24,2010-07-24,2010-09-01,63cd4f86c16f48649101c21ad2657aed,2010-07-24,2010-07-24,2010-09-01
354,750760877,M,2010-07-25,,69,Offline,6,5682,875368.92,516664.26,358704.66,2010-07-25,2010-07-25,2010-09-07,772c5446b54ca5794af8e3ce701c6272,2010-07-25,2010-07-25,2010-09-07
355,336635959,H,2010-07-27,,78,Offline,3,6916,565244.68,391929.72,173314.96,2010-07-27,2010-07-27,2010-08-02,66a2c3086b2dd7e1ead57496a584277a,2010-07-27,2010-07-27,2010-08-02
356,608875453,L,2010-07-27,,126,Online,8,8632,2203576.96,1376113.44,827463.52,2010-07-27,2010-07-27,2010-08-11,f1190f1fdd7e9d3678a09dc3dee720d1,2010-07-27,2010-07-27,2010-08-11
357,741866242,H,2010-07-28,,155,Online,12,3562,2380377.74,1790047.48,590330.26,2010-07-28,2010-07-28,2010-09-13,115d945cee4a4976e267228e2d9194fe,2010-07-28,2010-07-28,2010-09-13
358,230251395,L,2010-07-29,,17,Online,10,5359,2342954.8,1411185.47,931769.33,2010-07-29,2010-07-29,2010-09-09,078113b5b41309f899ca284d537fdb51,2010-07-29,2010-07-29,2010-09-09
359,564715993,L,2010-07-30,,41,Offline,7,866,178136.2,101417.26,76718.94,2010-07-30,2010-07-30,2010-08-03,3cc15da0dd44d46a478f0388885afb0e,2010-07-30,2010-07-30,2010-08-03
360,344468438,C,2010-07-30,,122,Online,8,4721,1205176.88,752621.82,452555.06,2010-07-30,2010-07-30,2010-08-27,d7e3c3f869f54756c303b2acb1a88851,2010-07-30,2010-07-30,2010-08-27
361,475176560,L,2010-07-31,,66,Online,1,4159,38803.47,28780.28,10023.19,2010-07-31,2010-07-31,2010-09-04,ff6b1c56d2ec9817a2bab3e903508d4a,2010-07-31,2010-07-31,2010-09-04
362,466517961,L,2010-08-01,,18,Online,1,1886,17596.38,13051.12,4545.26,2010-08-01,2010-08-01,2010-09-07,952f2c320a65d5887b164feeb411d717,2010-08-01,2010-08-01,2010-09-07
363,171293437,H,2010-08-02,,92,Online,6,8389,1292409.34,762811.77,529597.57,2010-08-02,2010-08-02,2010-08-12,8d530323aa05dea8d91337baf437ce20,2010-08-02,2010-08-02,2010-08-12
364,675824248,C,2010-08-04,,156,Online,8,268,68415.04,42724.56,25690.48,2010-08-04,2010-08-04,2010-09-15,cfb4338d9c5979340dba0ef03b6e3a44,2010-08-04,2010-08-04,2010-09-15
365,563417804,C,2010-08-05,,151,Online,8,6703,1711141.84,1068592.26,642549.58,2010-08-05,2010-08-05,2010-09-03,c59671875bee6f023e3144a33d361cca,2010-08-05,2010-08-05,2010-09-03
366,652721202,C,2010-08-06,,146,Offline,10,3563,1557743.6,938244.79,619498.81,2010-08-06,2010-08-06,2010-09-25,a6987f567ca0d55828bc928e3aedeb6d,2010-08-06,2010-08-06,2010-09-25
367,554641187,M,2010-08-07,,152,Online,12,9507,6353242.89,4777647.78,1575595.11,2010-08-07,2010-08-07,2010-08-13,a1442a917845bf57a7a60fdaf332c55c,2010-08-07,2010-08-07,2010-08-13
368,184085643,M,2010-08-10,,22,Offline,2,3887,184438.15,123567.73,60870.42,2010-08-10,2010-08-10,2010-08-14,d0b34c3d3ef1cfb96ceaee7fb3572fb3,2010-08-10,2010-08-10,2010-08-14
369,223561751,H,2010-08-10,,128,Offline,4,5745,627813.6,205900.8,421912.8,2010-08-10,2010-08-10,2010-09-21,f97b91bf6fb276ef3eee9891913f8692,2010-08-10,2010-08-10,2010-09-21
370,711837518,M,2010-08-11,,36,Offline,12,7395,4941856.65,3716283.3,1225573.35,2010-08-11,2010-08-11,2010-08-14,f8ef2bd28b2972880b817666095813c3,2010-08-11,2010-08-11,2010-08-14
371,296138036,M,2010-08-11,,157,Online,4,2680,292870.4,96051.2,196819.2,2010-08-11,2010-08-11,2010-09-23,9e7ce3780eb064ba63b56122fb3c57b2,2010-08-11,2010-08-11,2010-09-23
372,200458705,M,2010-08-11,,158,Online,8,9040,2307731.2,1441156.8,866574.4,2010-08-11,2010-08-11,2010-09-30,ded4c3485438d6a4ae254cdddb2ae79e,2010-08-11,2010-08-11,2010-09-30
374,135832917,H,2010-08-12,,56,Offline,4,4834,528259.52,173250.56,355008.96,2010-08-12,2010-08-12,2010-09-27,bef2c24247125e9379bee5c56e1e9392,2010-08-12,2010-08-12,2010-09-27
375,599313056,H,2010-08-13,,107,Offline,11,8906,5799676.26,4675293.76,1124382.5,2010-08-13,2010-08-13,2010-08-29,a8981e6754d790be687ab49ae2d022eb,2010-08-13,2010-08-13,2010-08-29
376,676100623,H,2010-08-13,,27,Online,8,2054,524345.12,327448.68,196896.44,2010-08-13,2010-08-13,2010-09-23,8e9d9c95b55a3c27f19f2183ffddda9d,2010-08-13,2010-08-13,2010-09-23
377,443101203,H,2010-08-14,,67,Offline,12,2347,1568429.69,1179461.38,388968.31,2010-08-14,2010-08-14,2010-09-01,8baed241cd58c925dae3ff2f3dd097e5,2010-08-14,2010-08-14,2010-09-01
378,114776504,H,2010-08-14,,159,Offline,3,3773,308367.29,213815.91,94551.38,2010-08-14,2010-08-14,2010-09-10,b76b55be228545567d2448412587ae45,2010-08-14,2010-08-14,2010-09-10
379,609310185,C,2010-08-14,,104,Offline,5,7279,1110629.82,709265.76,401364.06,2010-08-14,2010-08-14,2010-09-21,2a275f16245be1b59b71b2d23d8dd6d2,2010-08-14,2010-08-14,2010-09-21
380,744583642,H,2010-08-14,,160,Online,4,7701,841565.28,276003.84,565561.44,2010-08-14,2010-08-14,2010-09-26,4b00c352f8b75652a24b4221fbd4e2ff,2010-08-14,2010-08-14,2010-09-26
381,123081052,H,2010-08-14,,9,Offline,9,1273,537065.97,464250.37,72815.6,2010-08-14,2010-08-14,2010-10-03,3c3d32781044a423073e683120cfd747,2010-08-14,2010-08-14,2010-10-03
382,995884740,H,2010-08-15,,7,Online,11,3280,2135968.8,1721868.8,414100,2010-08-15,2010-08-15,2010-08-23,5c1bd1f4a83b3ef340547664d666958a,2010-08-15,2010-08-15,2010-08-23
383,311921012,H,2010-08-15,,18,Online,2,3214,152504.3,102173.06,50331.24,2010-08-15,2010-08-15,2010-08-26,da6b448b9924d2ed5cc0be8a9b4d4c0c,2010-08-15,2010-08-15,2010-08-26
384,403153026,H,2010-08-16,,124,Online,6,794,122323.64,72198.42,50125.22,2010-08-16,2010-08-16,2010-09-16,17982fee296038d0f046f625c0633aab,2010-08-16,2010-08-16,2010-09-16
385,457191598,M,2010-08-16,,92,Offline,6,2008,309352.48,182587.44,126765.04,2010-08-16,2010-08-16,2010-09-23,b1173ce17e1283da833367d0652c77e0,2010-08-16,2010-08-16,2010-09-23
387,822591722,L,2010-08-18,,133,Online,11,2025,1318700.25,1063044,255656.25,2010-08-18,2010-08-18,2010-09-03,61b30ec34836497e9afdc88423bde27f,2010-08-18,2010-08-18,2010-09-03
388,483915841,C,2010-08-18,,122,Offline,2,306,14519.7,9727.74,4791.96,2010-08-18,2010-08-18,2010-09-16,202d16e0695c82c033d13b3ee82aebbd,2010-08-18,2010-08-18,2010-09-16
389,903590571,L,2010-08-19,,113,Offline,4,1385,151352.8,49638.4,101714.4,2010-08-19,2010-08-19,2010-09-01,2b3f996cfcc64b88811ee8270df6df76,2010-08-19,2010-08-19,2010-09-01
390,433734500,L,2010-08-19,,88,Offline,11,532,346443.72,279278.72,67165,2010-08-19,2010-08-19,2010-09-08,c5f2a3a8f60d3b23f6e8439a63b7ec4b,2010-08-19,2010-08-19,2010-09-08
391,425547969,H,2010-08-19,,34,Online,2,7955,377464.75,252889.45,124575.3,2010-08-19,2010-08-19,2010-09-11,e464cf88574c48dfb306b7f6c63bd475,2010-08-19,2010-08-19,2010-09-11
392,514851367,H,2010-08-19,,20,Offline,7,4815,990445.5,563884.65,426560.85,2010-08-19,2010-08-19,2010-10-02,8b06032408d13ff0e8e3714ec9b0430e,2010-08-19,2010-08-19,2010-10-02
393,863760411,H,2010-08-20,,40,Offline,4,4755,519626.4,170419.2,349207.2,2010-08-20,2010-08-20,2010-08-21,3bf624e8abc8ec79751f798e99f79cce,2010-08-20,2010-08-20,2010-08-21
394,901189887,H,2010-08-20,,161,Offline,8,969,247366.32,154477.98,92888.34,2010-08-20,2010-08-20,2010-09-03,8e49b1361cc5200596d30ac1fa155911,2010-08-20,2010-08-20,2010-09-03
395,678777682,H,2010-08-20,,74,Offline,5,4255,649227.9,414607.2,234620.7,2010-08-20,2010-08-20,2010-09-28,6c6f5d4aea49fd43c4f0340cedee512c,2010-08-20,2010-08-20,2010-09-28
396,227695357,M,2010-08-20,,57,Online,6,8971,1382072.26,815733.03,566339.23,2010-08-20,2010-08-20,2010-09-28,983f90e617b502fac5d0ba19546bae5c,2010-08-20,2010-08-20,2010-09-28
397,123711478,M,2010-08-21,,70,Online,12,7830,5232554.1,3934888.2,1297665.9,2010-08-21,2010-08-21,2010-09-13,b2c18818ad5cb6e2c65733f90685da46,2010-08-21,2010-08-21,2010-09-13
398,138273942,C,2010-08-21,,113,Offline,5,7187,1096592.46,700301.28,396291.18,2010-08-21,2010-08-21,2010-10-04,26e236e7a6bf761a9b84818896577bd9,2010-08-21,2010-08-21,2010-10-04
399,884462773,M,2010-08-21,,26,Offline,5,1044,159293.52,101727.36,57566.16,2010-08-21,2010-08-21,2010-10-05,530792bf99995cdcad7bd231930eb228,2010-08-21,2010-08-21,2010-10-05
400,557948672,L,2010-08-22,,162,Offline,12,8266,5523919.82,4153995.64,1369924.18,2010-08-22,2010-08-22,2010-09-19,c01b65c38d2b772b8218347a0aa721d5,2010-08-22,2010-08-22,2010-09-19
401,456011426,H,2010-08-22,,95,Online,3,2769,226310.37,156919.23,69391.14,2010-08-22,2010-08-22,2010-09-29,b49b302c1ab1ced29355d9edbdf4927c,2010-08-22,2010-08-22,2010-09-29
402,248043668,C,2010-08-23,,132,Online,1,488,4553.04,3376.96,1176.08,2010-08-23,2010-08-23,2010-08-29,f2fdb7b8bcfe883c7eb537b44faffbed,2010-08-23,2010-08-23,2010-08-29
403,225176656,M,2010-08-23,,14,Offline,1,3631,33877.23,25126.52,8750.71,2010-08-23,2010-08-23,2010-09-06,ab7d9402a96116aa42a31154dbb2fb94,2010-08-23,2010-08-23,2010-09-06
404,694914710,C,2010-08-23,,163,Offline,10,9560,4179632,2517434.8,1662197.2,2010-08-23,2010-08-23,2010-09-25,8845aa956ce915190493121b2cc66c71,2010-08-23,2010-08-23,2010-09-25
405,148153054,H,2010-08-23,,141,Offline,5,636,97040.88,61971.84,35069.04,2010-08-23,2010-08-23,2010-10-02,df1a8d71e47b0a2ea19bb2f0e96190f7,2010-08-23,2010-08-23,2010-10-02
407,123003375,L,2010-08-24,,103,Online,11,8287,5396577.27,4350343.52,1046233.75,2010-08-24,2010-08-24,2010-09-16,9a062b7f9010521a427c19c856b698e2,2010-08-24,2010-08-24,2010-09-16
408,176923930,M,2010-08-25,,158,Offline,7,4577,941488.9,536012.47,405476.43,2010-08-25,2010-08-25,2010-08-30,406228ec018ab4c93344906a580032dd,2010-08-25,2010-08-25,2010-08-30
409,966800153,M,2010-08-25,,164,Offline,9,6505,2744394.45,2372308.45,372086,2010-08-25,2010-08-25,2010-09-10,28534ee076e8d6cb0245bb9cebe2e303,2010-08-25,2010-08-25,2010-09-10
410,584200847,C,2010-08-25,,135,Online,4,6868,750535.04,246149.12,504385.92,2010-08-25,2010-08-25,2010-09-13,228f4d9b6108c1dad7ec7a1c5d6c232a,2010-08-25,2010-08-25,2010-09-13
411,345061528,C,2010-08-26,,103,Offline,9,229,96612.81,83514.01,13098.8,2010-08-26,2010-08-26,2010-09-19,def77042faaf5cd33377d853603afa9a,2010-08-26,2010-08-26,2010-09-19
412,831408679,M,2010-08-26,,123,Online,10,1159,506714.8,305199.47,201515.33,2010-08-26,2010-08-26,2010-10-02,45963cd43897153e31c432acca042f84,2010-08-26,2010-08-26,2010-10-02
413,835265910,M,2010-08-27,,94,Offline,12,2599,1736833.73,1306101.46,430732.27,2010-08-27,2010-08-27,2010-10-01,e0712cbd4ea262289858403d7b9e6c93,2010-08-27,2010-08-27,2010-10-01
414,355294692,H,2010-08-27,,158,Online,3,8450,690618.5,478861.5,211757,2010-08-27,2010-08-27,2010-10-12,2d22d0b8dd14c8805a86aaf408f59e5b,2010-08-27,2010-08-27,2010-10-12
415,496590030,L,2010-08-27,,31,Online,7,880,181016,103056.8,77959.2,2010-08-27,2010-08-27,2010-10-14,2d133be848a97e5762072f60505f5bcc,2010-08-27,2010-08-27,2010-10-14
416,658469712,C,2010-08-28,,51,Online,1,4675,43617.75,32351,11266.75,2010-08-28,2010-08-28,2010-09-16,e829dd9426faa41f8ddf5cbb5201bf52,2010-08-28,2010-08-28,2010-09-16
417,662680995,L,2010-08-28,,165,Online,2,888,42135.6,28229.52,13906.08,2010-08-28,2010-08-28,2010-10-10,cea584168e15eef034b4b814298c6616,2010-08-28,2010-08-28,2010-10-10
418,797718417,L,2010-08-28,,147,Offline,7,1462,300733.4,171214.82,129518.58,2010-08-28,2010-08-28,2010-10-15,a6c359812cdd015b85a4e6c222d1302e,2010-08-28,2010-08-28,2010-10-15
419,911699426,L,2010-08-30,,59,Online,10,975,426270,256746.75,169523.25,2010-08-30,2010-08-30,2010-10-03,23428f268a0e9308373f302ed16f33ba,2010-08-30,2010-08-30,2010-10-03
420,755605590,M,2010-08-31,,84,Online,5,9340,1425097.2,910089.6,515007.6,2010-08-31,2010-08-31,2010-09-11,b9c244749bf107253a93131955edbe60,2010-08-31,2010-08-31,2010-09-11
421,468803632,L,2010-08-31,,54,Online,1,8267,77131.11,57207.64,19923.47,2010-08-31,2010-08-31,2010-10-02,ab2e1a2e1ff958e3b206da52ff70fe0f,2010-08-31,2010-08-31,2010-10-02
422,749229657,M,2010-08-31,,166,Online,10,2560,1119232,674124.8,445107.2,2010-08-31,2010-08-31,2010-10-08,ea3227dfffcfd7d888850341f1adebd7,2010-08-31,2010-08-31,2010-10-08
423,963219296,C,2010-09-01,,167,Online,7,6850,1409045,802203.5,606841.5,2010-09-01,2010-09-01,2010-09-18,65a1ae4200ffc62937c54ee97c861e26,2010-09-01,2010-09-01,2010-09-18
424,917485272,L,2010-09-01,,139,Online,8,3136,800558.08,499941.12,300616.96,2010-09-01,2010-09-01,2010-10-03,4e28e86ce7432c52be93708938ba26cd,2010-09-01,2010-09-01,2010-10-03
425,630447280,L,2010-09-02,,55,Online,12,2215,1480218.05,1113126.1,367091.95,2010-09-02,2010-09-02,2010-09-04,45c53217196eca0d9c611b85a596590b,2010-09-02,2010-09-02,2010-09-04
426,973334443,H,2010-09-02,,168,Offline,5,146,22276.68,14226.24,8050.44,2010-09-02,2010-09-02,2010-09-15,23f7e0516b159b4d1413e4d86df63f3c,2010-09-02,2010-09-02,2010-09-15
427,721797311,H,2010-09-02,,154,Online,11,4719,3073059.99,2477286.24,595773.75,2010-09-02,2010-09-02,2010-10-19,7c885c93831b5d5d4d63de8b028f8544,2010-09-02,2010-09-02,2010-10-19
428,251823222,L,2010-09-03,,169,Online,4,8942,977181.76,320481.28,656700.48,2010-09-03,2010-09-03,2010-10-01,7f053fe1731808e3a18b4d984120e777,2010-09-03,2010-09-03,2010-10-01
429,538389146,M,2010-09-05,,12,Offline,3,167,13648.91,9463.89,4185.02,2010-09-05,2010-09-05,2010-09-12,967c235f70c150ea79dc84d35902a690,2010-09-05,2010-09-05,2010-09-12
430,108127200,L,2010-09-05,,107,Offline,9,6096,2571841.44,2223150.24,348691.2,2010-09-05,2010-09-05,2010-10-01,ff9598c748fa19f83fab55d1dc404d40,2010-09-05,2010-09-05,2010-10-01
431,710620009,H,2010-09-06,,170,Offline,6,7107,1094904.42,646239.51,448664.91,2010-09-06,2010-09-06,2010-10-01,db1b62ecd1d14b5ebba6975f63d47bb1,2010-09-06,2010-09-06,2010-10-01
432,440309131,C,2010-09-07,,55,Online,7,6111,1257032.7,715659.21,541373.49,2010-09-07,2010-09-07,2010-09-22,41d1fd63f244927b11c76dafd209aceb,2010-09-07,2010-09-07,2010-09-22
433,510956799,H,2010-09-07,,79,Online,5,2326,354901.08,226645.44,128255.64,2010-09-07,2010-09-07,2010-09-23,8cf68a657a08402304ea02ac4d34654c,2010-09-07,2010-09-07,2010-09-23
434,652252137,L,2010-09-07,,169,Online,6,4757,732863.42,432554.01,300309.41,2010-09-07,2010-09-07,2010-09-26,0fa4451642784146b2557f412bd4cac1,2010-09-07,2010-09-07,2010-09-26
435,984788119,L,2010-09-07,,70,Online,8,9544,2436392.32,1521504.48,914887.84,2010-09-07,2010-09-07,2010-10-11,a67c74016509056069a3e1b7e1eb6f8b,2010-09-07,2010-09-07,2010-10-11
436,845067346,H,2010-09-09,,66,Online,12,3062,2046242.74,1538777.48,507465.26,2010-09-09,2010-09-09,2010-09-13,0c6cf1169a4530afdd1d72378308d8a4,2010-09-09,2010-09-09,2010-09-13
437,128003442,L,2010-09-09,,58,Online,8,7918,2021307.04,1262287.56,759019.48,2010-09-09,2010-09-09,2010-10-23,8bf357a2e3bf1f91a0d6447a4274b6fb,2010-09-09,2010-09-09,2010-10-23
438,338017833,M,2010-09-09,,17,Offline,2,5843,277250.35,185748.97,91501.38,2010-09-09,2010-09-09,2010-10-28,71871893cc3b0cee8ef300f976c1dec4,2010-09-09,2010-09-09,2010-10-28
439,217188823,H,2010-09-10,,12,Offline,4,9854,1076845.12,353167.36,723677.76,2010-09-10,2010-09-10,2010-10-19,10112b9bef0842fbcf38696c88c2192d,2010-09-10,2010-09-10,2010-10-19
440,853017842,M,2010-09-11,,103,Offline,11,5790,3770505.9,3039518.4,730987.5,2010-09-11,2010-09-11,2010-09-12,00f68d98ea9ecfe4f18a109699852fd0,2010-09-11,2010-09-11,2010-09-12
441,913078296,C,2010-09-12,,93,Offline,2,9013,427666.85,286523.27,141143.58,2010-09-12,2010-09-12,2010-09-18,cdd53925295d33473897deabe0a64622,2010-09-12,2010-09-12,2010-09-18
442,607620608,H,2010-09-12,,127,Online,2,7296,346195.2,231939.84,114255.36,2010-09-12,2010-09-12,2010-09-20,f199d212feaee6858c82c44cf34a4d9b,2010-09-12,2010-09-12,2010-09-20
443,588846862,C,2010-09-12,,47,Offline,10,1727,755044.4,454770.91,300273.49,2010-09-12,2010-09-12,2010-09-26,963edfc191fa2469baa70407dec10a63,2010-09-12,2010-09-12,2010-09-26
444,675867593,H,2010-09-13,,92,Online,2,3095,146857.75,98390.05,48467.7,2010-09-13,2010-09-13,2010-09-23,f85330c12c94963322ae3c79de9a4934,2010-09-13,2010-09-13,2010-09-23
445,212505471,C,2010-09-13,,69,Online,12,3946,2636993.42,1983022.84,653970.58,2010-09-13,2010-09-13,2010-09-28,33264180f7d2b66687ab3aca3593b7d4,2010-09-13,2010-09-13,2010-09-28
446,326840531,L,2010-09-13,,135,Online,5,8231,1255885.98,802028.64,453857.34,2010-09-13,2010-09-13,2010-10-10,8c7d8bec05aaf21f5384d3d9abf69cdf,2010-09-13,2010-09-13,2010-10-10
447,418308579,L,2010-09-13,,168,Offline,8,5659,1444629.52,902157.78,542471.74,2010-09-13,2010-09-13,2010-10-30,2933434356bc81da791568a9c6ed91de,2010-09-13,2010-09-13,2010-10-30
448,154019582,L,2010-09-14,,97,Offline,6,6672,1027888.32,606684.96,421203.36,2010-09-14,2010-09-14,2010-10-18,a05d00224bd928039564a294084474f6,2010-09-14,2010-09-14,2010-10-18
449,542286717,M,2010-09-16,,129,Online,9,3545,1495600.05,1292826.05,202774,2010-09-16,2010-09-16,2010-09-20,0a1f52c0d76289ec4ec44b93d9af49ba,2010-09-16,2010-09-16,2010-09-20
450,452629268,L,2010-09-17,,165,Online,1,1914,17857.62,13244.88,4612.74,2010-09-17,2010-09-17,2010-09-26,7ed5a232beb0564524d6a132ea22235c,2010-09-17,2010-09-17,2010-09-26
451,891313779,H,2010-09-17,,136,Online,3,8409,687267.57,476538.03,210729.54,2010-09-17,2010-09-17,2010-10-25,be5725c9a45a353b327b58e605c1d61f,2010-09-17,2010-09-17,2010-10-25
452,980381143,C,2010-09-18,,54,Offline,8,5421,1383872.88,864215.82,519657.06,2010-09-18,2010-09-18,2010-09-26,34d1ffaec984d558b301c71ddd5a61d6,2010-09-18,2010-09-18,2010-09-26
453,822240674,C,2010-09-19,,130,Offline,8,8142,2078489.76,1297997.64,780492.12,2010-09-19,2010-09-19,2010-09-29,2431c2315458e55528ba031bc6f5135c,2010-09-19,2010-09-19,2010-09-29
454,739195191,M,2010-09-19,,70,Online,7,3139,645692.3,367608.29,278084.01,2010-09-19,2010-09-19,2010-10-28,a897d8bffb3278eb926ea88cca99f26c,2010-09-19,2010-09-19,2010-10-28
455,570703542,C,2010-09-19,,145,Offline,3,2715,221896.95,153859.05,68037.9,2010-09-19,2010-09-19,2010-11-03,c6b167ce5e662d3ff8d625484272ea37,2010-09-19,2010-09-19,2010-11-03
456,996754205,L,2010-09-20,,153,Offline,8,574,146530.72,91507.08,55023.64,2010-09-20,2010-09-20,2010-09-22,bf5938af31bdd41910b94060116a9256,2010-09-20,2010-09-20,2010-09-22
457,591287887,L,2010-09-20,,118,Offline,1,4080,38066.4,28233.6,9832.8,2010-09-20,2010-09-20,2010-10-02,a9bf04a84075074a1d6a73e8c899f4cc,2010-09-20,2010-09-20,2010-10-02
458,298228013,H,2010-09-20,,37,Online,6,1151,177323.06,104660.43,72662.63,2010-09-20,2010-09-20,2010-10-25,2472bae08c1dc6c19294ea3fba9ee331,2010-09-20,2010-09-20,2010-10-25
459,530755364,L,2010-09-22,,85,Online,1,1162,10841.46,8041.04,2800.42,2010-09-22,2010-09-22,2010-09-29,181eb63cdcaef0a6d93e6ec9d43a47a1,2010-09-22,2010-09-22,2010-09-29
460,653040921,L,2010-09-23,,25,Offline,1,8175,76272.75,56571,19701.75,2010-09-23,2010-09-23,2010-10-09,b63cabda05717821eda4a530060caec5,2010-09-23,2010-09-23,2010-10-09
461,881593024,L,2010-09-24,,7,Online,1,1822,16999.26,12608.24,4391.02,2010-09-24,2010-09-24,2010-10-09,8cf75546979ad148b7486f7ff772f0af,2010-09-24,2010-09-24,2010-10-09
462,490689170,C,2010-09-24,,156,Offline,3,4684,382823.32,265442.28,117381.04,2010-09-24,2010-09-24,2010-11-09,e13352036c48a5edfb2891deb8b425b1,2010-09-24,2010-09-24,2010-11-09
463,559054172,M,2010-09-25,,65,Offline,8,5408,1380554.24,862143.36,518410.88,2010-09-25,2010-09-25,2010-10-17,fab8d18d03d55bf70b18167bd8dc0215,2010-09-25,2010-09-25,2010-10-17
464,137214791,M,2010-09-25,,73,Online,10,3761,1644309.2,990384.13,653925.07,2010-09-25,2010-09-25,2010-11-02,1673f4dddbf4061e2157c7443be95aa4,2010-09-25,2010-09-25,2010-11-02
465,434485948,L,2010-09-25,,137,Online,3,2902,237180.46,164456.34,72724.12,2010-09-25,2010-09-25,2010-11-03,9a309da36da3aa7aced099a384b5f6df,2010-09-25,2010-09-25,2010-11-03
466,172243583,H,2010-09-26,,135,Online,3,9559,781257.07,541708.53,239548.54,2010-09-26,2010-09-26,2010-09-27,5e94f4e2ae26cabf8c6a54909d70f8ee,2010-09-26,2010-09-26,2010-09-27
467,845738112,L,2010-09-26,,33,Online,10,1557,680720.4,410004.81,270715.59,2010-09-26,2010-09-26,2010-10-23,28087ae9d8b9d90c257437f6f6585e50,2010-09-26,2010-09-26,2010-10-23
468,511155498,H,2010-09-26,,134,Offline,2,1126,53428.7,35795.54,17633.16,2010-09-26,2010-09-26,2010-11-04,73bc90253ab9e06289bd552be9e6e82c,2010-09-26,2010-09-26,2010-11-04
469,178501498,M,2010-09-26,,20,Offline,5,1415,215900.7,137877.6,78023.1,2010-09-26,2010-09-26,2010-11-15,e3c898480bbc69738d666fefc3faf0f2,2010-09-26,2010-09-26,2010-11-15
470,907845199,L,2010-09-27,,115,Online,6,423,65167.38,38463.39,26703.99,2010-09-27,2010-09-27,2010-10-02,d3d927ac6b4dbd2aaa40891e9d5d2178,2010-09-27,2010-09-27,2010-10-02
471,442318427,H,2010-09-27,,34,Online,8,707,180482.96,112709.94,67773.02,2010-09-27,2010-09-27,2010-10-08,b78d7f2e28ee5473c626876cf6c7509b,2010-09-27,2010-09-27,2010-10-08
472,614785325,M,2010-09-27,,40,Offline,11,7494,4880167.74,3934050.24,946117.5,2010-09-27,2010-09-27,2010-10-26,394a37772116aa40076d293405a960c9,2010-09-27,2010-09-27,2010-10-26
473,434013879,H,2010-09-27,,171,Offline,10,3206,1401663.2,844235.98,557427.22,2010-09-27,2010-09-27,2010-11-05,9031370e9ea0dca90768980b47d22816,2010-09-27,2010-09-27,2010-11-05
474,483959186,H,2010-09-27,,114,Online,5,3133,478033.14,305279.52,172753.62,2010-09-27,2010-09-27,2010-11-14,88a038136b2242eb74d580f28c8377c6,2010-09-27,2010-09-27,2010-11-14
475,533314406,C,2010-09-29,,34,Online,12,8439,5639530.53,4240935.06,1398595.47,2010-09-29,2010-09-29,2010-10-29,1a75565337b34a9c372ec2b859b7bead,2010-09-29,2010-09-29,2010-10-29
476,132177388,M,2010-09-29,,116,Offline,2,3081,146193.45,97944.99,48248.46,2010-09-29,2010-09-29,2010-11-07,61ac52b0182966b703dc6ce0550cef8b,2010-09-29,2010-09-29,2010-11-07
477,778593623,L,2010-09-29,,10,Offline,5,2010,306685.8,195854.4,110831.4,2010-09-29,2010-09-29,2010-11-17,80af7fb1bec2435a6e7dadeb2e5f5498,2010-09-29,2010-09-29,2010-11-17
478,822044980,C,2010-09-30,,131,Online,3,232,18961.36,13147.44,5813.92,2010-09-30,2010-09-30,2010-10-09,2c60b92f870f75f394517e5734cf7100,2010-09-30,2010-09-30,2010-10-09
479,784733521,M,2010-09-30,,85,Online,4,8942,977181.76,320481.28,656700.48,2010-09-30,2010-09-30,2010-10-21,7930c49f3919cea98f313aa7647443ef,2010-09-30,2010-09-30,2010-10-21
480,880176818,M,2010-10-01,,172,Online,4,2735,298880.8,98022.4,200858.4,2010-10-01,2010-10-01,2010-10-15,d57c41ab9f2572a4b2a3376614e7e5c5,2010-10-01,2010-10-01,2010-10-15
481,457629334,L,2010-10-03,,7,Offline,4,1544,168728.32,55336.96,113391.36,2010-10-03,2010-10-03,2010-11-02,89a54332ff6c0cf9d283385fc5b77ffb,2010-10-03,2010-10-03,2010-11-02
482,935789954,L,2010-10-03,,18,Online,2,9898,469660.1,314657.42,155002.68,2010-10-03,2010-10-03,2010-11-18,c578c7d17272b19b10a9e46177bb7903,2010-10-03,2010-10-03,2010-11-18
483,582197558,M,2010-10-04,,126,Offline,7,4050,833085,474295.5,358789.5,2010-10-04,2010-10-04,2010-10-17,6c7e5d03b4902b0095521ebece6f26df,2010-10-04,2010-10-04,2010-10-17
484,765015637,H,2010-10-05,,115,Offline,8,3982,1016524.96,634810.44,381714.52,2010-10-05,2010-10-05,2010-11-01,8628bb117e2ad04d959d58c25d6a7489,2010-10-05,2010-10-05,2010-11-01
485,234863078,L,2010-10-05,,149,Online,9,59,24891.51,21516.71,3374.8,2010-10-05,2010-10-05,2010-11-03,1240d94d7a9be2d7c1cc64756df4ae6f,2010-10-05,2010-10-05,2010-11-03
486,835663306,L,2010-10-05,,156,Offline,4,197,21528.16,7060.48,14467.68,2010-10-05,2010-10-05,2010-11-03,930c8f8a59997a239c96e3211a57b4c3,2010-10-05,2010-10-05,2010-11-03
487,384462964,M,2010-10-06,,97,Online,2,9990,474025.5,317582.1,156443.4,2010-10-06,2010-10-06,2010-10-10,3f04b9d4fec5525e2d3a421795afa64d,2010-10-06,2010-10-06,2010-10-10
488,332353007,H,2010-10-06,,5,Online,10,9495,4151214,2500318.35,1650895.65,2010-10-06,2010-10-06,2010-11-22,df2e8646fca29a1e1b81f46aca16ef2f,2010-10-06,2010-10-06,2010-11-22
489,704365098,C,2010-10-06,,173,Online,12,6140,4103177.8,3085595.6,1017582.2,2010-10-06,2010-10-06,2010-11-23,f06fba2d8930f1496a7cdc128e301aea,2010-10-06,2010-10-06,2010-11-23
490,583654105,C,2010-10-07,,28,Online,5,5075,774343.5,494508,279835.5,2010-10-07,2010-10-07,2010-10-19,aff0c11c29f6dd9fec028771076925d7,2010-10-07,2010-10-07,2010-10-19
491,704247081,H,2010-10-07,,73,Offline,6,1216,187336.96,110570.88,76766.08,2010-10-07,2010-10-07,2010-10-29,198e276b66cba508ef0fca1dbdd0f815,2010-10-07,2010-10-07,2010-10-29
492,899580991,C,2010-10-07,,6,Online,4,4861,531210.08,174218.24,356991.84,2010-10-07,2010-10-07,2010-11-08,a93d70cf25eddbe06daaedd5d29c6693,2010-10-07,2010-10-07,2010-11-08
493,367381799,L,2010-10-08,,57,Online,3,5293,432596.89,299954.31,132642.58,2010-10-08,2010-10-08,2010-10-17,781f8cc9b8f3bd744c28273a285cfc50,2010-10-08,2010-10-08,2010-10-17
494,282171666,C,2010-10-08,,19,Online,4,9721,1062310.88,348400.64,713910.24,2010-10-08,2010-10-08,2010-11-15,64f06fb46b4e3581cd4769da67489fce,2010-10-08,2010-10-08,2010-11-15
495,336210238,H,2010-10-08,,49,Offline,12,936,625500.72,470377.44,155123.28,2010-10-08,2010-10-08,2010-11-22,8d191492e813e32fb8fbb1346409783d,2010-10-08,2010-10-08,2010-11-22
496,766118133,C,2010-10-09,,37,Offline,12,235,157043.45,118096.9,38946.55,2010-10-09,2010-10-09,2010-10-10,630aca0cab1d512eea2d2348696d316b,2010-10-09,2010-10-09,2010-10-10
497,689212548,H,2010-10-09,,156,Offline,12,2164,1446136.28,1087496.56,358639.72,2010-10-09,2010-10-09,2010-10-10,f6c77f653298f3e30d931ad90dc4fda4,2010-10-09,2010-10-09,2010-10-10
498,344160735,M,2010-10-09,,101,Online,9,3664,1545804.96,1336224.16,209580.8,2010-10-09,2010-10-09,2010-11-20,26646bc3e825930022c01c91d75c70ca,2010-10-09,2010-10-09,2010-11-20
499,595461833,H,2010-10-10,,46,Online,10,9244,4041476.8,2434222.52,1607254.28,2010-10-10,2010-10-10,2010-10-17,071226259ef0cf1450f2883647571c95,2010-10-10,2010-10-10,2010-10-17
500,726287972,M,2010-10-11,,19,Online,4,3606,394063.68,129239.04,264824.64,2010-10-11,2010-10-11,2010-11-19,a03c552fbfcc844947ca4424504c6ed5,2010-10-11,2010-10-11,2010-11-19
501,220931041,M,2010-10-12,,57,Online,9,7259,3062499.51,2647284.71,415214.8,2010-10-12,2010-10-12,2010-11-13,57f4aa12d7f6728dbf338f157d810c95,2010-10-12,2010-10-12,2010-11-13
502,395562589,C,2010-10-12,,30,Online,2,4615,218981.75,146710.85,72270.9,2010-10-12,2010-10-12,2010-12-01,2ee454b5606a37bf06526469f3442174,2010-10-12,2010-10-12,2010-12-01
503,580309283,L,2010-10-13,,165,Offline,10,5268,2303169.6,1387222.44,915947.16,2010-10-13,2010-10-13,2010-10-25,06ec1de84fc4692f8fea18cda03a529d,2010-10-13,2010-10-13,2010-10-25
504,646981704,M,2010-10-13,,118,Online,8,5118,1306523.04,815911.56,490611.48,2010-10-13,2010-10-13,2010-11-23,7ab6cd8f8d9dd332d5bf5f08a3f9582d,2010-10-13,2010-10-13,2010-11-23
505,933429610,M,2010-10-14,,10,Offline,9,1419,598661.91,517495.11,81166.8,2010-10-14,2010-10-14,2010-11-28,9e102d8a340a59648cc6da31fd142687,2010-10-14,2010-10-14,2010-11-28
506,762655293,H,2010-10-16,,147,Online,3,5504,449841.92,311911.68,137930.24,2010-10-16,2010-10-16,2010-11-11,b74095bd43d0ce74a953ad2c21397d6f,2010-10-16,2010-10-16,2010-11-11
507,835467612,L,2010-10-16,,132,Online,6,2287,352335.22,207956.91,144378.31,2010-10-16,2010-10-16,2010-11-12,ba766c3f85885c064c3e4549d6b57bff,2010-10-16,2010-10-16,2010-11-12
508,959445750,M,2010-10-19,,119,Offline,5,173,26396.34,16857.12,9539.22,2010-10-19,2010-10-19,2010-11-23,d87a2155f89c2b7d80e0c967d16b887b,2010-10-19,2010-10-19,2010-11-23
509,417013394,H,2010-10-19,,174,Online,3,2385,194926.05,135157.95,59768.1,2010-10-19,2010-10-19,2010-11-29,d0a07ccdaffb168cbed4059656c1657f,2010-10-19,2010-10-19,2010-11-29
510,165594279,L,2010-10-19,,175,Online,9,1882,793996.98,686346.58,107650.4,2010-10-19,2010-10-19,2010-12-08,adcd04d4750c73aa922dd1baa419ba5f,2010-10-19,2010-10-19,2010-12-08
511,840781390,H,2010-10-20,,79,Online,12,4752,3175619.04,2388070.08,787548.96,2010-10-20,2010-10-20,2010-11-13,74e9260b817874709d83ae568be66999,2010-10-20,2010-10-20,2010-11-13
512,882304131,M,2010-10-20,,71,Offline,7,2254,463647.8,263965.94,199681.86,2010-10-20,2010-10-20,2010-11-25,9fe6618e6ddd7747c9503a40f9a24571,2010-10-20,2010-10-20,2010-11-25
513,343847024,L,2010-10-21,,57,Offline,12,830,554664.1,417108.2,137555.9,2010-10-21,2010-10-21,2010-11-05,c1b427e3e0153807beddd32258a38483,2010-10-21,2010-10-21,2010-11-05
514,601642072,H,2010-10-21,,132,Offline,6,8114,1250042.84,737806.02,512236.82,2010-10-21,2010-10-21,2010-11-19,bed0b79e60d5d186ae29c09f9489d7c1,2010-10-21,2010-10-21,2010-11-19
515,516195905,M,2010-10-22,,99,Offline,4,2694,294400.32,96552.96,197847.36,2010-10-22,2010-10-22,2010-10-29,746c6413dd8532437325153ba263e02e,2010-10-22,2010-10-22,2010-10-29
516,647140061,H,2010-10-22,,102,Online,12,1980,1323174.6,995029.2,328145.4,2010-10-22,2010-10-22,2010-11-05,5b55bc942c9f5fe6f8e168c7a29545ec,2010-10-22,2010-10-22,2010-11-05
517,823700225,M,2010-10-22,,132,Offline,11,56,36467.76,29397.76,7070,2010-10-22,2010-10-22,2010-11-21,6de2a83d252203ebd221923b2ad65ca7,2010-10-22,2010-10-22,2010-11-21
518,168979442,H,2010-10-22,,137,Online,9,3627,1530195.03,1322730.63,207464.4,2010-10-22,2010-10-22,2010-12-10,34a0a5819609d77b29adc28a65168261,2010-10-22,2010-10-22,2010-12-10
520,289100348,C,2010-10-24,,6,Online,9,72,30376.08,26257.68,4118.4,2010-10-24,2010-10-24,2010-10-31,9c33a586cb1b063589e90411ee3972fb,2010-10-24,2010-10-24,2010-10-31
521,873291480,L,2010-10-24,,44,Online,8,5210,1330008.8,830578.2,499430.6,2010-10-24,2010-10-24,2010-11-06,9d8260d40426796df9910ecd4ffce62d,2010-10-24,2010-10-24,2010-11-06
522,278513133,H,2010-10-25,,167,Online,1,7080,66056.4,48993.6,17062.8,2010-10-25,2010-10-25,2010-11-05,669b013917a125f9962f40361b8c545f,2010-10-25,2010-10-25,2010-11-05
523,875220096,L,2010-10-25,,137,Online,1,5930,55326.9,41035.6,14291.3,2010-10-25,2010-10-25,2010-11-06,05ea401021e82ae3cbc31238dbe7d2fe,2010-10-25,2010-10-25,2010-11-06
524,856328332,L,2010-10-25,,126,Online,7,5438,1118596.6,636844.18,481752.42,2010-10-25,2010-10-25,2010-12-08,947d7875026af968f46b5cb3d1f76993,2010-10-25,2010-10-25,2010-12-08
525,970427358,H,2010-10-26,,11,Offline,9,9875,4166163.75,3601313.75,564850,2010-10-26,2010-10-26,2010-10-31,e53cdbce705429246b8d8decc4614852,2010-10-26,2010-10-26,2010-10-31
526,662805020,M,2010-10-26,,42,Online,9,7589,3201723.21,2767632.41,434090.8,2010-10-26,2010-10-26,2010-11-02,77e8b0634b6193b058e6c1ee656a2e10,2010-10-26,2010-10-26,2010-11-02
527,694094598,L,2010-10-26,,176,Offline,5,6871,1048377.18,669510.24,378866.94,2010-10-26,2010-10-26,2010-12-13,2293d5042776d615aa0a5131a0346796,2010-10-26,2010-10-26,2010-12-13
528,512851083,C,2010-10-28,,46,Online,8,2887,736993.36,460245.54,276747.82,2010-10-28,2010-10-28,2010-11-04,929f8c32213fb6f588819f952bcce693,2010-10-28,2010-10-28,2010-11-04
529,408985221,M,2010-10-28,,59,Online,4,6670,728897.6,239052.8,489844.8,2010-10-28,2010-10-28,2010-11-14,f215671bc32cbb60d456031e21804159,2010-10-28,2010-10-28,2010-11-14
530,687482631,M,2010-10-28,,8,Offline,11,243,158244.03,127565.28,30678.75,2010-10-28,2010-10-28,2010-11-21,e4a2ba7090e132120080e00e3425f986,2010-10-28,2010-10-28,2010-11-21
531,880651891,C,2010-10-28,,97,Offline,2,3319,157486.55,105511.01,51975.54,2010-10-28,2010-10-28,2010-12-02,b0905549badb159ba777fe8f02231edd,2010-10-28,2010-10-28,2010-12-02
532,113524663,L,2010-10-29,,153,Online,10,3325,1453690,875572.25,578117.75,2010-10-29,2010-10-29,2010-12-09,2f008095173d613ece89d2ae8b9ad99d,2010-10-29,2010-10-29,2010-12-09
533,680870664,H,2010-10-30,,92,Online,7,3615,743605.5,423352.65,320252.85,2010-10-30,2010-10-30,2010-10-31,c3b8115393c2b557d2c52a77decd6c20,2010-10-30,2010-10-30,2010-10-31
534,716135489,C,2010-10-30,,10,Online,1,9260,86395.8,64079.2,22316.6,2010-10-30,2010-10-30,2010-11-13,8459196447ca4f1df82bbbdcc0fda3dd,2010-10-30,2010-10-30,2010-11-13
535,836610448,M,2010-10-30,,60,Offline,6,478,73640.68,43464.54,30176.14,2010-10-30,2010-10-30,2010-12-19,035e44fe7ce0dc7cedbc0e4f3e96a4a4,2010-10-30,2010-10-30,2010-12-19
536,672330081,L,2010-10-31,,54,Online,11,6266,4080481.86,3289399.36,791082.5,2010-10-31,2010-10-31,2010-11-29,b60ea9d40be3c0f83f4fc466867dfd82,2010-10-31,2010-10-31,2010-11-29
537,121475160,C,2010-10-31,,35,Offline,2,6054,287262.3,192456.66,94805.64,2010-10-31,2010-10-31,2010-12-08,dbede0639cd1448da35fea1c9cf23f7c,2010-10-31,2010-10-31,2010-12-08
538,567756116,L,2010-11-03,,121,Online,2,506,24009.7,16085.74,7923.96,2010-11-03,2010-11-03,2010-12-12,2e28ec52cd38cf4049c2c19198664cf2,2010-11-03,2010-11-03,2010-12-12
539,910643279,M,2010-11-03,,135,Offline,7,8438,1735696.6,988174.18,747522.42,2010-11-03,2010-11-03,2010-12-22,dc0b60fff7364f7cd7c19e588b7c08d0,2010-11-03,2010-11-03,2010-12-22
540,257851111,C,2010-11-04,,123,Offline,9,2729,1151337.81,995239.01,156098.8,2010-11-04,2010-11-04,2010-11-20,05210e42b98d93a0aa8619d27eb84b16,2010-11-04,2010-11-04,2010-11-20
541,349319159,H,2010-11-04,,124,Online,12,157,104918.39,78898.78,26019.61,2010-11-04,2010-11-04,2010-12-10,278b0fe5d1468704fa70a6eca43c504f,2010-11-04,2010-11-04,2010-12-10
542,789696252,H,2010-11-05,,67,Offline,3,7525,615018.25,426441.75,188576.5,2010-11-05,2010-11-05,2010-11-19,7eabccc4af2ff9d33e89608a8daa71ad,2010-11-05,2010-11-05,2010-11-19
543,864437186,L,2010-11-05,,177,Offline,3,5028,410938.44,284936.76,126001.68,2010-11-05,2010-11-05,2010-11-19,ddcc45901cda7dbffe2850c190e77080,2010-11-05,2010-11-05,2010-11-19
544,743962228,H,2010-11-05,,35,Online,9,3811,1607822.79,1389833.59,217989.2,2010-11-05,2010-11-05,2010-12-04,0637b3ed34204cf069cbf6b42b61f28e,2010-11-05,2010-11-05,2010-12-04
545,802094066,M,2010-11-05,,152,Online,4,6313,689884.64,226257.92,463626.72,2010-11-05,2010-11-05,2010-12-10,60a21739e363efbc61c309ceb2910f7d,2010-11-05,2010-11-05,2010-12-10
546,330191361,C,2010-11-06,,95,Online,5,9816,1497725.28,956471.04,541254.24,2010-11-06,2010-11-06,2010-11-23,b2b4f3dddb67f9a9f06e5ccdb580a812,2010-11-06,2010-11-06,2010-11-23
547,379900634,L,2010-11-07,,88,Offline,4,9895,1081325.6,354636.8,726688.8,2010-11-07,2010-11-07,2010-12-02,fc62e11dbcd74f294cc340de203e9da4,2010-11-07,2010-11-07,2010-12-02
548,412882792,L,2010-11-08,,178,Offline,3,48,3923.04,2720.16,1202.88,2010-11-08,2010-11-08,2010-11-22,e91a7620ad6834d0062a21b27b37bf0a,2010-11-08,2010-11-08,2010-11-22
549,300594365,L,2010-11-08,,92,Offline,8,1407,359178.96,224303.94,134875.02,2010-11-08,2010-11-08,2010-12-04,2ea99da6ccb0254144b2abb3c7255fb1,2010-11-08,2010-11-08,2010-12-04
550,709681880,M,2010-11-10,,6,Offline,3,9494,775944.62,538024.98,237919.64,2010-11-10,2010-11-10,2010-11-25,d9e9fb9d4e07444c0ab473b3e9e7d4d8,2010-11-10,2010-11-10,2010-11-25
551,516394603,M,2010-11-10,,174,Online,4,1493,163155.04,53509.12,109645.92,2010-11-10,2010-11-10,2010-12-09,dee85f74f6346b7c1fd91e17833dcddb,2010-11-10,2010-11-10,2010-12-09
552,563939225,C,2010-11-11,,145,Offline,4,1004,109717.12,35983.36,73733.76,2010-11-11,2010-11-11,2010-12-19,8af4c1848fb88f3acf87f4a54b39bd5e,2010-11-11,2010-11-11,2010-12-19
553,299886262,C,2010-11-12,,107,Offline,5,1864,284409.12,181628.16,102780.96,2010-11-12,2010-11-12,2010-12-08,c42735fedadb450d13f476726bfebc86,2010-11-12,2010-11-12,2010-12-08
554,863138997,C,2010-11-12,,163,Online,9,865,364934.85,315456.85,49478,2010-11-12,2010-11-12,2010-12-21,6fd9ad77434269df15372f6c658e40f0,2010-11-12,2010-11-12,2010-12-21
555,563585174,C,2010-11-13,,146,Online,12,6232,4164658.64,3131829.28,1032829.36,2010-11-13,2010-11-13,2010-11-26,0b7a72f0571e56a02f354a4995764193,2010-11-13,2010-11-13,2010-11-26
556,806463706,H,2010-11-14,,142,Online,7,9387,1930905.9,1099311.57,831594.33,2010-11-14,2010-11-14,2010-12-16,9f7b7e8b2494112206d4940f7dcd15a9,2010-11-14,2010-11-14,2010-12-16
557,112384831,L,2010-11-14,,152,Offline,4,6024,658302.72,215900.16,442402.56,2010-11-14,2010-11-14,2010-12-23,d0db10f3699cd032e124c55f5185eeb4,2010-11-14,2010-11-14,2010-12-23
558,465505158,M,2010-11-15,,152,Online,7,2176,447603.2,254831.36,192771.84,2010-11-15,2010-11-15,2010-12-05,8bbe8f0728a52ead3d62431d3c8af617,2010-11-15,2010-11-15,2010-12-05
559,203380811,L,2010-11-16,,99,Online,11,3756,2445944.76,1971749.76,474195,2010-11-16,2010-11-16,2010-11-23,a6779eaf4428cc2f9609e35183fee994,2010-11-16,2010-11-16,2010-11-23
560,872664058,M,2010-11-16,,6,Offline,11,9542,6213845.82,5009168.32,1204677.5,2010-11-16,2010-11-16,2010-11-25,1e7d6530f18d94376288c9c76fe02357,2010-11-16,2010-11-16,2010-11-25
561,901670968,C,2010-11-16,,138,Offline,6,3331,513173.86,302887.83,210286.03,2010-11-16,2010-11-16,2010-12-11,b87fc85502681afc5a20d7e7445cd6a9,2010-11-16,2010-11-16,2010-12-11
562,781077992,L,2010-11-17,,179,Online,2,7190,341165.5,228570.1,112595.4,2010-11-17,2010-11-17,2010-12-02,a671f427651c779da52a7322ee3f8d79,2010-11-17,2010-11-17,2010-12-02
563,843421113,C,2010-11-17,,135,Offline,4,5905,645298.4,211635.2,433663.2,2010-11-17,2010-11-17,2010-12-31,f5a52fb9d2171c8732803e9786765735,2010-11-17,2010-11-17,2010-12-31
564,649543750,L,2010-11-19,,47,Online,7,3285,675724.5,384706.35,291018.15,2010-11-19,2010-11-19,2010-12-22,064717acaf061ba65ac8cca3b78a5c85,2010-11-19,2010-11-19,2010-12-22
565,915761363,C,2010-11-19,,175,Online,8,2992,763797.76,476984.64,286813.12,2010-11-19,2010-11-19,2011-01-03,1922619828e44f83f7b6468b941219ba,2010-11-19,2010-11-19,2011-01-03
566,564097583,L,2010-11-21,,113,Online,11,7865,5121766.65,4128810.4,992956.25,2010-11-21,2010-11-21,2010-12-02,c1e7d4d29b3f4c039cc8c62806bf246f,2010-11-21,2010-11-21,2010-12-02
567,881717050,M,2010-11-22,,180,Online,5,8524,1300591.92,830578.56,470013.36,2010-11-22,2010-11-22,2010-12-23,d200f91daf68de0d9a159e2a89c2a4e5,2010-11-22,2010-11-22,2010-12-23
568,432681357,M,2010-11-23,,157,Offline,8,8884,2267907.52,1416287.28,851620.24,2010-11-23,2010-11-23,2010-11-28,4f2e183ac176fbeab5ee7067bf21c90b,2010-11-23,2010-11-23,2010-11-28
569,962715899,M,2010-11-23,,135,Offline,10,7883,3446447.6,2075830.39,1370617.21,2010-11-23,2010-11-23,2010-12-21,b8b26056ad2b287825af9eb11b99b90f,2010-11-23,2010-11-23,2010-12-21
570,378642785,H,2010-11-23,,165,Online,8,7669,1957742.32,1222591.98,735150.34,2010-11-23,2010-11-23,2011-01-10,d12d89c9aa28969550aa646a871ac654,2010-11-23,2010-11-23,2011-01-10
571,754630124,M,2010-11-24,,115,Online,11,678,441520.38,355922.88,85597.5,2010-11-24,2010-11-24,2010-12-16,031b6b9aafc7e2d43a7f07e3c3a1cb1b,2010-11-24,2010-11-24,2010-12-16
572,546544349,L,2010-11-25,,140,Offline,12,3473,2320901.71,1745321.42,575580.29,2010-11-25,2010-11-25,2010-12-12,d127ca1b95fb99343aeea56db4314f5a,2010-11-25,2010-11-25,2010-12-12
573,504313504,L,2010-11-28,,177,Online,8,6428,1640939.84,1024751.76,616188.08,2010-11-28,2010-11-28,2010-12-03,53f6291c583fa196dedca752a76cf0e0,2010-11-28,2010-11-28,2010-12-03
574,984402740,L,2010-11-28,,16,Offline,9,5501,2320816.89,2006159.69,314657.2,2010-11-28,2010-11-28,2010-12-18,9591c2c87fb9707d40e6565c6a1ee840,2010-11-28,2010-11-28,2010-12-18
575,938668715,L,2010-11-28,,7,Online,11,1787,1163712.27,938103.52,225608.75,2010-11-28,2010-11-28,2011-01-03,8c6e919b4806256c5b4c7186844050aa,2010-11-28,2010-11-28,2011-01-03
576,988614022,L,2010-11-28,,167,Offline,7,1713,352364.1,200609.43,151754.67,2010-11-28,2010-11-28,2011-01-11,aafc2df6f17e0174df08bccc69345d35,2010-11-28,2010-11-28,2011-01-11
577,539696347,H,2010-11-28,,6,Online,3,6997,571864.81,396519.99,175344.82,2010-11-28,2010-11-28,2011-01-11,f014f8983148887017dbcf00c2a1a352,2010-11-28,2010-11-28,2011-01-11
578,660053288,H,2010-11-29,,125,Offline,6,3291,507011.46,299250.63,207760.83,2010-11-29,2010-11-29,2010-12-02,42b4bb6561a239943851282f3ce83efd,2010-11-29,2010-11-29,2010-12-02
579,672215068,H,2010-11-30,,149,Online,12,2232,1491578.64,1121669.28,369909.36,2010-11-30,2010-11-30,2010-12-24,757bd11ba72ad02e50bbe53281ab33ea,2010-11-30,2010-11-30,2010-12-24
580,963228309,C,2010-11-30,,73,Online,2,9516,451534.2,302513.64,149020.56,2010-11-30,2010-11-30,2010-12-27,46d0fe436e3a2cee427404633d0bc3d5,2010-11-30,2010-11-30,2010-12-27
581,838660085,H,2010-11-30,,1,Offline,3,7011,573009.03,397313.37,175695.66,2010-11-30,2010-11-30,2011-01-13,0f6ec650102e65eba82f6bdab3d44075,2010-11-30,2010-11-30,2011-01-13
582,653087270,H,2010-12-02,,163,Online,5,1891,288528.78,184259.04,104269.74,2010-12-02,2010-12-02,2010-12-07,11624c2b8f690c52737ebcaedd85c180,2010-12-02,2010-12-02,2010-12-07
583,312010705,L,2010-12-03,,63,Online,9,9756,4115958.84,3557915.64,558043.2,2010-12-03,2010-12-03,2010-12-21,39ec1e20a887b25d03e640e7eaefd8f7,2010-12-03,2010-12-03,2010-12-21
584,948075759,M,2010-12-03,,5,Offline,2,5540,262873,176116.6,86756.4,2010-12-03,2010-12-03,2011-01-04,1b47976002db95503f38b958fc504446,2010-12-03,2010-12-03,2011-01-04
585,806662404,H,2010-12-04,,160,Offline,7,8186,1683860.2,958662.46,725197.74,2010-12-04,2010-12-04,2010-12-07,9c4816b135a2e53436c62dff9b621796,2010-12-04,2010-12-04,2010-12-07
586,353415429,M,2010-12-04,,84,Online,3,2334,190757.82,132267.78,58490.04,2010-12-04,2010-12-04,2010-12-08,6c4750287e34af04d1e27386733e8750,2010-12-04,2010-12-04,2010-12-08
587,898130452,M,2010-12-04,,46,Online,1,5614,52378.62,38848.88,13529.74,2010-12-04,2010-12-04,2010-12-27,d016a692de519c403c3e5de401ccf944,2010-12-04,2010-12-04,2010-12-27
588,328383767,L,2010-12-05,,35,Offline,3,4909,401212.57,278193.03,123019.54,2010-12-05,2010-12-05,2010-12-18,f8860bda7faf00a8ce14c4895f561482,2010-12-05,2010-12-05,2010-12-18
589,313821303,H,2010-12-05,,5,Online,11,5552,3615517.92,2914577.92,700940,2010-12-05,2010-12-05,2011-01-17,6aed3b4245c2b72a89678b8a91bcd77d,2010-12-05,2010-12-05,2011-01-17
590,396748769,H,2010-12-06,,143,Offline,2,5632,267238.4,179041.28,88197.12,2010-12-06,2010-12-06,2011-01-15,e2a85ae494df63cafab72b412fa90b5c,2010-12-06,2010-12-06,2011-01-15
591,579094779,M,2010-12-08,,43,Offline,6,5869,904178.14,533668.17,370509.97,2010-12-08,2010-12-08,2010-12-11,d0d826d7b78211263fdaccd654f2d8ab,2010-12-08,2010-12-08,2010-12-11
592,566342914,M,2010-12-10,,93,Offline,7,2308,474755.6,270289.88,204465.72,2010-12-10,2010-12-10,2010-12-17,5da40061bfd3da5e5c205c6734422cec,2010-12-10,2010-12-10,2010-12-17
593,840747058,C,2010-12-10,,11,Online,3,4593,375385.89,260285.31,115100.58,2010-12-10,2010-12-10,2010-12-26,1b935dc823923639f9086041df4dac1b,2010-12-10,2010-12-10,2010-12-26
594,881915748,M,2010-12-12,,113,Offline,2,7323,347476.35,232798.17,114678.18,2010-12-12,2010-12-12,2010-12-14,4284baebdaec26825102aa8a81cda3cd,2010-12-12,2010-12-12,2010-12-14
595,663596808,L,2010-12-12,,97,Offline,8,1897,484266.16,302419.74,181846.42,2010-12-12,2010-12-12,2011-01-06,1439ed980a3a4b6e1cd16097ac5c9921,2010-12-12,2010-12-12,2011-01-06
596,208421218,L,2010-12-12,,46,Online,1,5325,49682.25,36849,12833.25,2010-12-12,2010-12-12,2011-01-08,27aa87759c9d2c440976c19fa114f965,2010-12-12,2010-12-12,2011-01-08
597,254037225,H,2010-12-12,,133,Offline,8,4115,1050477.2,656013.3,394463.9,2010-12-12,2010-12-12,2011-01-18,0217cbc991493d9bf13564e16350ffd7,2010-12-12,2010-12-12,2011-01-18
598,856648051,M,2010-12-13,,4,Online,7,50,10285,5855.5,4429.5,2010-12-13,2010-12-13,2010-12-23,d9341deadfdde4d66b66b5064944cb3c,2010-12-13,2010-12-13,2010-12-23
599,307721745,M,2010-12-14,,23,Online,5,558,85139.64,54371.52,30768.12,2010-12-14,2010-12-14,2011-01-01,853b4d720e93ebcfb9074af0583671a2,2010-12-14,2010-12-14,2011-01-01
600,962560546,M,2010-12-14,,75,Offline,7,1911,393092.7,223797.21,169295.49,2010-12-14,2010-12-14,2011-01-08,ea35f997f6e1ad45473d91ca0211026c,2010-12-14,2010-12-14,2011-01-08
601,585983121,H,2010-12-15,,38,Online,5,4282,653347.56,417238.08,236109.48,2010-12-15,2010-12-15,2011-01-09,37d53453c3735d608a58f955db8aa90d,2010-12-15,2010-12-15,2011-01-09
602,118291699,M,2010-12-15,,61,Offline,9,3997,1686294.33,1457665.93,228628.4,2010-12-15,2010-12-15,2011-01-15,76b6decc9f4866f925af69ea7188e3f6,2010-12-15,2010-12-15,2011-01-15
603,203501832,H,2010-12-16,,14,Offline,11,9569,6231428.49,5023342.24,1208086.25,2010-12-16,2010-12-16,2010-12-18,9463c0141d67619f95dd1307192feee3,2010-12-16,2010-12-16,2010-12-18
604,253211104,C,2010-12-16,,153,Online,11,9648,6282874.08,5064814.08,1218060,2010-12-16,2010-12-16,2010-12-27,f6004df32aa83c11b50689aa9195b9d1,2010-12-16,2010-12-16,2010-12-27
605,386319911,C,2010-12-16,,160,Online,6,9501,1463724.06,863925.93,599798.13,2010-12-16,2010-12-16,2011-01-02,cd0101f980f0cf5486bf7ea7ecf5dee8,2010-12-16,2010-12-16,2011-01-02
606,816463840,H,2010-12-17,,71,Online,7,8649,1779099.3,1012884.39,766214.91,2010-12-17,2010-12-17,2011-01-09,d4a05266bea274895c074162d4a1bc13,2010-12-17,2010-12-17,2011-01-09
607,111797749,L,2010-12-17,,129,Offline,9,2293,967393.77,836234.17,131159.6,2010-12-17,2010-12-17,2011-01-19,6d87be1c99a76d00acf0a429cfbcef78,2010-12-17,2010-12-17,2011-01-19
608,681308400,M,2010-12-17,,7,Online,9,3151,1329375.39,1149138.19,180237.2,2010-12-17,2010-12-17,2011-01-30,2fff9069688c73a16528096cb168b1c0,2010-12-17,2010-12-17,2011-01-30
609,863890445,C,2010-12-18,,139,Offline,12,3235,2161853.45,1625716.9,536136.55,2010-12-18,2010-12-18,2010-12-25,8f7132c0c9b30ae4ad601d88cecce65b,2010-12-18,2010-12-18,2010-12-25
610,741250836,H,2010-12-18,,52,Online,3,1450,118508.5,82171.5,36337,2010-12-18,2010-12-18,2011-01-10,fbc530ede8b9dcc3965b9478bddde70a,2010-12-18,2010-12-18,2011-01-10
611,346371734,C,2010-12-18,,114,Online,7,7948,1634903.6,930790.28,704113.32,2010-12-18,2010-12-18,2011-01-17,b3493005436fb05a3faa6c05c52969a1,2010-12-18,2010-12-18,2011-01-17
612,263208234,L,2010-12-18,,67,Online,5,8020,1223691.6,781468.8,442222.8,2010-12-18,2010-12-18,2011-01-20,4192541e99034086433b42608dccfadd,2010-12-18,2010-12-18,2011-01-20
613,469129359,M,2010-12-18,,79,Offline,9,4657,1964741.73,1698361.33,266380.4,2010-12-18,2010-12-18,2011-01-26,5094811d9fc05ad2ecd17f14336f0396,2010-12-18,2010-12-18,2011-01-26
614,570476520,L,2010-12-20,,163,Online,12,5534,3698206.18,2781056.36,917149.82,2010-12-20,2010-12-20,2010-12-24,bb79f360ce380e659ecae921ba91be8d,2010-12-20,2010-12-20,2010-12-24
615,905177152,C,2010-12-20,,158,Online,11,889,578925.69,466689.44,112236.25,2010-12-20,2010-12-20,2011-01-07,f99c873fa86a28a54cb6a038e2e2bfb2,2010-12-20,2010-12-20,2011-01-07
616,996645200,H,2010-12-20,,85,Offline,9,8317,3508859.13,3033126.73,475732.4,2010-12-20,2010-12-20,2011-01-27,f6a2b49f4f9d0eec581b1b64c0bf3831,2010-12-20,2010-12-20,2011-01-27
617,609952628,M,2010-12-20,,153,Online,9,7392,3118610.88,2695788.48,422822.4,2010-12-20,2010-12-20,2011-01-31,af0bec19d33b4968b1aa03d203c94d9b,2010-12-20,2010-12-20,2011-01-31
618,800957238,L,2010-12-21,,76,Offline,8,9901,2527527.28,1578417.42,949109.86,2010-12-21,2010-12-21,2010-12-23,cdad57a8f66ac72d62fd240936dbc877,2010-12-21,2010-12-21,2010-12-23
619,724169671,L,2010-12-21,,51,Offline,6,6753,1040367.18,614050.29,426316.89,2010-12-21,2010-12-21,2011-01-18,d64f8c54971d96255ea38f9b6e5bee6a,2010-12-21,2010-12-21,2011-01-18
620,530882394,M,2010-12-21,,144,Online,9,8753,3692803.17,3192131.57,500671.6,2010-12-21,2010-12-21,2011-02-02,db6a63426df1872f4c1a2b37eb9e2deb,2010-12-21,2010-12-21,2011-02-02
621,164774167,M,2010-12-22,,59,Online,10,9193,4019179.6,2420792.69,1598386.91,2010-12-22,2010-12-22,2011-01-05,0ac9fd1f5a0dc64942d85d38d2b38e21,2010-12-22,2010-12-22,2011-01-05
622,461691272,C,2010-12-23,,97,Offline,3,3562,291122.26,201858.54,89263.72,2010-12-23,2010-12-23,2011-02-02,65cbddecf6cb86f830b8ac4f8b4b5047,2010-12-23,2010-12-23,2011-02-02
623,708899104,M,2010-12-24,,38,Offline,8,7853,2004713.84,1251925.26,752788.58,2010-12-24,2010-12-24,2011-01-01,1b92ef88674186a446e79ce5c4ee2dbe,2010-12-24,2010-12-24,2011-01-01
624,350977408,C,2010-12-26,,167,Online,10,869,379926.8,228833.77,151093.03,2010-12-26,2010-12-26,2011-01-22,e13bae9287965bad6585ea1f506561c4,2010-12-26,2010-12-26,2011-01-22
625,959728133,C,2010-12-27,,81,Offline,10,3737,1633816.4,984064.21,649752.19,2010-12-27,2010-12-27,2011-01-20,5b9da80097f3b81ae0e53a7a874dd4af,2010-12-27,2010-12-27,2011-01-20
626,340390193,C,2010-12-27,,38,Online,2,7877,373763.65,250409.83,123353.82,2010-12-27,2010-12-27,2011-01-26,328534af18c0e970174536f24a64b0df,2010-12-27,2010-12-27,2011-01-26
627,249040162,M,2010-12-27,,148,Offline,7,5373,1105226.1,629232.03,475994.07,2010-12-27,2010-12-27,2011-02-01,979850eae140f530e556be777091789d,2010-12-27,2010-12-27,2011-02-01
628,296820819,C,2010-12-27,,68,Online,5,4731,721855.98,460988.64,260867.34,2010-12-27,2010-12-27,2011-02-10,8662236c06ef57f2cc1c49f1869d18ef,2010-12-27,2010-12-27,2011-02-10
629,903406894,C,2010-12-28,,72,Online,5,7030,1072637.4,685003.2,387634.2,2010-12-28,2010-12-28,2011-02-09,24e4800d98ebbd59287a64d62165ed8f,2010-12-28,2010-12-28,2011-02-09
630,707718932,M,2010-12-30,,167,Online,1,8614,80368.62,59608.88,20759.74,2010-12-30,2010-12-30,2011-01-06,8f5787d05bef157b6f6d74e447df15fe,2010-12-30,2010-12-30,2011-01-06
631,624555432,H,2010-12-30,,113,Offline,8,8686,2217362.08,1384722.12,832639.96,2010-12-30,2010-12-30,2011-01-09,2e4a8f5ae0f064604d20e8d773d69d04,2010-12-30,2010-12-30,2011-01-09
632,661866891,L,2010-12-30,,71,Online,5,9976,1522138.08,972061.44,550076.64,2010-12-30,2010-12-30,2011-02-16,77fcfc1d8dc702b1ec23b92f79f273aa,2010-12-30,2010-12-30,2011-02-16
633,279149568,M,2011-01-01,,126,Offline,12,5415,3618682.05,2721254.1,897427.95,2011-01-01,2011-01-01,2011-01-26,20af151f444b94091d0de066f52f2ceb,2011-01-01,2011-01-01,2011-01-26
634,318507659,M,2011-01-01,,60,Online,10,2349,1026982.8,618562.17,408420.63,2011-01-01,2011-01-01,2011-02-07,e63156a268c5502df609ccd92575dd7d,2011-01-01,2011-01-01,2011-02-07
635,626011979,L,2011-01-02,,171,Offline,4,9711,1061218.08,348042.24,713175.84,2011-01-02,2011-01-02,2011-01-11,05a320c9eb60010cba1bfdf878bec16f,2011-01-02,2011-01-02,2011-01-11
636,180479466,C,2011-01-05,,18,Online,6,6740,1038364.4,612868.2,425496.2,2011-01-05,2011-01-05,2011-01-12,a1e0f4a50f2f287003f7f340656e8534,2011-01-05,2011-01-05,2011-01-12
637,768527829,L,2011-01-06,,181,Offline,6,3318,511171.08,301705.74,209465.34,2011-01-06,2011-01-06,2011-01-17,42af03bd68b2ae5c2dc8f81667acbb43,2011-01-06,2011-01-06,2011-01-17
638,144978606,C,2011-01-06,,138,Online,11,1246,811407.66,654100.16,157307.5,2011-01-06,2011-01-06,2011-02-19,3cbbcc3d447e43f522e55540d0138020,2011-01-06,2011-01-06,2011-02-19
639,290603244,C,2011-01-06,,143,Online,2,4813,228376.85,153005.27,75371.58,2011-01-06,2011-01-06,2011-02-21,8d6d5ebdc4d03edb24dba0c07a1ac34d,2011-01-06,2011-01-06,2011-02-21
640,610387361,L,2011-01-07,,161,Online,6,6039,930368.34,549126.27,381242.07,2011-01-07,2011-01-07,2011-01-20,a474c3af35e8e28e0d983a6db8f95a18,2011-01-07,2011-01-07,2011-01-20
641,292413842,H,2011-01-07,,131,Offline,4,609,66551.52,21826.56,44724.96,2011-01-07,2011-01-07,2011-01-26,d9c8ea3dae3f118632fbaf27c916f9a7,2011-01-07,2011-01-07,2011-01-26
642,936547410,L,2011-01-08,,24,Offline,6,4046,623326.76,367902.78,255423.98,2011-01-08,2011-01-08,2011-01-12,fc460fdd5214dcf3c34bfff8ee62723c,2011-01-08,2011-01-08,2011-01-12
643,618455874,L,2011-01-08,,15,Offline,11,3692,2404267.32,1938152.32,466115,2011-01-08,2011-01-08,2011-02-13,b4589eccf5f39d1b0715e26bb8b5b0b4,2011-01-08,2011-01-08,2011-02-13
644,818119084,L,2011-01-08,,123,Online,2,8472,401996.4,269324.88,132671.52,2011-01-08,2011-01-08,2011-02-21,fe0449f459d63019263efc61878ea7d5,2011-01-08,2011-01-08,2011-02-21
645,167255532,M,2011-01-09,,182,Offline,3,3484,284747.32,197438.28,87309.04,2011-01-09,2011-01-09,2011-01-20,f67a6a6b6216fde6845fb5ea5321635c,2011-01-09,2011-01-09,2011-01-20
646,971576201,H,2011-01-09,,15,Online,5,9843,1501844.94,959101.92,542743.02,2011-01-09,2011-01-09,2011-01-26,eb8efc3e8c4b756b857423e3de11037f,2011-01-09,2011-01-09,2011-01-26
647,356449544,H,2011-01-09,,130,Offline,10,196,85691.2,51612.68,34078.52,2011-01-09,2011-01-09,2011-02-26,678d5be1b830e9639e64322489711bcd,2011-01-09,2011-01-09,2011-02-26
648,854958474,L,2011-01-10,,154,Online,1,66,615.78,456.72,159.06,2011-01-10,2011-01-10,2011-02-10,1319e8913d2b0c395369ea4dadf388c2,2011-01-10,2011-01-10,2011-02-10
649,484520947,H,2011-01-13,,49,Online,2,9370,444606.5,297872.3,146734.2,2011-01-13,2011-01-13,2011-01-17,3479ceac5da8f8ea96fb645eac0a3528,2011-01-13,2011-01-13,2011-01-17
650,469840466,H,2011-01-13,,172,Offline,6,5090,784165.4,462833.7,321331.7,2011-01-13,2011-01-13,2011-01-22,d1be6d9eeac6b3dd7e7fe2d6ba46ddcf,2011-01-13,2011-01-13,2011-01-22
651,733893430,C,2011-01-13,,135,Online,6,4229,651519.74,384542.97,266976.77,2011-01-13,2011-01-13,2011-02-03,b99329b0f564ed137fb25a1bd9b9d093,2011-01-13,2011-01-13,2011-02-03
652,417848527,M,2011-01-13,,129,Offline,8,9519,2430010.32,1517518.98,912491.34,2011-01-13,2011-01-13,2011-02-09,3c1469520947d5d17b92d24bfae20939,2011-01-13,2011-01-13,2011-02-09
653,941625154,C,2011-01-14,,115,Online,2,6663,316159.35,211816.77,104342.58,2011-01-14,2011-01-14,2011-01-15,6dfc4bc2148e45ab3400ea0b487f9ce9,2011-01-14,2011-01-14,2011-01-15
654,330355727,C,2011-01-14,,183,Online,4,8456,924071.68,303063.04,621008.64,2011-01-14,2011-01-14,2011-02-14,e8f945ad3e7bcff422a347a586943067,2011-01-14,2011-01-14,2011-02-14
655,926826655,H,2011-01-15,,23,Online,8,7458,1903878.24,1188954.36,714923.88,2011-01-15,2011-01-15,2011-02-16,dea41e4ce1adf6e941cbc7e70b591c28,2011-01-15,2011-01-15,2011-02-16
656,329529607,L,2011-01-18,,155,Online,10,3988,1743553.6,1050160.04,693393.56,2011-01-18,2011-01-18,2011-01-23,c6a9f3b1cda840569b567fa24215c647,2011-01-18,2011-01-18,2011-01-23
657,529192817,L,2011-01-18,,105,Offline,12,8769,5860059.63,4406773.26,1453286.37,2011-01-18,2011-01-18,2011-02-01,498a20c10ced32c7bfd8225faac77179,2011-01-18,2011-01-18,2011-02-01
658,522934901,M,2011-01-18,,181,Offline,6,6913,1065016.78,628599.09,436417.69,2011-01-18,2011-01-18,2011-02-03,6fcfd261fe5c328521f237be41fec7ba,2011-01-18,2011-01-18,2011-02-03
659,401751840,H,2011-01-21,,143,Offline,7,6152,1265466.4,720460.72,545005.68,2011-01-21,2011-01-21,2011-02-21,9007c1f06655fc515357d6ec0989d55d,2011-01-21,2011-01-21,2011-02-21
660,611766231,C,2011-01-21,,101,Offline,8,4077,1040776.56,649955.34,390821.22,2011-01-21,2011-01-21,2011-02-26,13337ac258ef9d07c4df77fabb3bec7d,2011-01-21,2011-01-21,2011-02-26
661,736452472,M,2011-01-21,,55,Online,4,1507,164684.96,54010.88,110674.08,2011-01-21,2011-01-21,2011-03-07,017e04648e795ae5407f43b3d596f9cd,2011-01-21,2011-01-21,2011-03-07
662,773645913,H,2011-01-22,,155,Online,10,7873,3442075.6,2073197.09,1368878.51,2011-01-22,2011-01-22,2011-01-28,026935627031fc3b791b11a7be24be0c,2011-01-22,2011-01-22,2011-01-28
663,276829564,M,2011-01-22,,62,Offline,3,8875,725353.75,502946.25,222407.5,2011-01-22,2011-01-22,2011-02-13,14a4fc77f65b88abb3e0a5c0f1f51207,2011-01-22,2011-01-22,2011-02-13
664,104008615,M,2011-01-23,,88,Online,7,7315,1504695.5,856659.65,648035.85,2011-01-23,2011-01-23,2011-02-22,ad4a817b5bccc0cdb3bb6b2762509ccc,2011-01-23,2011-01-23,2011-02-22
665,368061578,M,2011-01-23,,64,Online,8,6455,1647832.4,1029056.1,618776.3,2011-01-23,2011-01-23,2011-03-06,56079af58f443479ef1e89557189fbe5,2011-01-23,2011-01-23,2011-03-06
666,815050637,C,2011-01-23,,97,Offline,1,451,4207.83,3120.92,1086.91,2011-01-23,2011-01-23,2011-03-07,95a04dcf3af9b9d0f01185320978335f,2011-01-23,2011-01-23,2011-03-07
667,130850875,L,2011-01-24,,93,Online,8,537,137085.36,85608.54,51476.82,2011-01-24,2011-01-24,2011-03-11,84096209b5b04d7c1cbdf23012b2707e,2011-01-24,2011-01-24,2011-03-11
668,854054677,C,2011-01-25,,156,Online,3,2613,213560.49,148078.71,65481.78,2011-01-25,2011-01-25,2011-02-23,566e1d2aeec27b81cc209592cf1cfe51,2011-01-25,2011-01-25,2011-02-23
669,128686225,M,2011-01-25,,5,Online,8,9968,2544631.04,1589098.56,955532.48,2011-01-25,2011-01-25,2011-03-13,8d73a917da03f2feb04dbcc0897534c7,2011-01-25,2011-01-25,2011-03-13
670,739601600,L,2011-01-26,,124,Online,7,3404,700202.8,398642.44,301560.36,2011-01-26,2011-01-26,2011-03-10,18a2b7c743dac4e6439cbd25c3df801c,2011-01-26,2011-01-26,2011-03-10
671,286354625,C,2011-01-26,,83,Offline,3,7552,617224.96,427971.84,189253.12,2011-01-26,2011-01-26,2011-03-11,544d6891e18f98987f2eb190f8d53ba9,2011-01-26,2011-01-26,2011-03-11
672,878614270,M,2011-01-27,,145,Online,10,342,149522.4,90058.86,59463.54,2011-01-27,2011-01-27,2011-02-17,a26c60ea997ae527a5f442e4dfdde9d9,2011-01-27,2011-01-27,2011-02-17
673,815917098,M,2011-01-28,,138,Online,10,6856,2997443.2,1805390.48,1192052.72,2011-01-28,2011-01-28,2011-02-13,b9161c91fc98f764b73d3f652573de8b,2011-01-28,2011-01-28,2011-02-13
674,373021304,H,2011-01-29,,10,Online,1,4148,38700.84,28704.16,9996.68,2011-01-29,2011-01-29,2011-02-12,ae3c9bade3a15645dfc0fc48034f246d,2011-01-29,2011-01-29,2011-02-12
675,784627521,H,2011-01-29,,51,Online,2,7574,359386.3,240777.46,118608.84,2011-01-29,2011-01-29,2011-02-25,d783600e5ecf75fb30c290b93ed49bd9,2011-01-29,2011-01-29,2011-02-25
676,291904437,L,2011-01-29,,176,Offline,3,9865,806266.45,559049.55,247216.9,2011-01-29,2011-01-29,2011-03-11,a654924b0806b9c481caec9bb200a0a3,2011-01-29,2011-01-29,2011-03-11
677,298044335,M,2011-01-30,,47,Online,9,6797,2867586.33,2478797.93,388788.4,2011-01-30,2011-01-30,2011-02-13,a9d2ec53b56fef168eb34ea65ae6a858,2011-01-30,2011-01-30,2011-02-13
678,582563626,M,2011-01-31,,127,Online,12,2378,1589146.06,1195040.12,394105.94,2011-01-31,2011-01-31,2011-02-19,84c7e44e10fe31822c5c1fa5fb05f8c4,2011-01-31,2011-01-31,2011-02-19
679,391440999,L,2011-01-31,,112,Offline,2,4945,234640.25,157201.55,77438.7,2011-01-31,2011-01-31,2011-03-05,b4fab48b43d5b6bedfba0ba9790444f8,2011-01-31,2011-01-31,2011-03-05
680,515773189,H,2011-02-01,,33,Offline,9,7603,3207629.67,2772738.07,434891.6,2011-02-01,2011-02-01,2011-02-17,14ac55255956808023b277a4ba7f33fb,2011-02-01,2011-02-01,2011-02-17
681,977324712,H,2011-02-01,,79,Online,5,955,145713.9,93055.2,52658.7,2011-02-01,2011-02-01,2011-03-10,8ce0ace43a012c781a0077ab542b3193,2011-02-01,2011-02-01,2011-03-10
682,719293630,M,2011-02-02,,101,Offline,11,3824,2490227.04,2007447.04,482780,2011-02-02,2011-02-02,2011-02-25,276899b75256ae08443accc9dcbb9b75,2011-02-02,2011-02-02,2011-02-25
683,263882005,M,2011-02-03,,45,Online,2,7404,351319.8,235373.16,115946.64,2011-02-03,2011-02-03,2011-02-27,0589bc5d10b1bd240b3b022d57a150ee,2011-02-03,2011-02-03,2011-02-27
685,833274638,M,2011-02-04,,135,Online,9,3337,1407846.93,1216970.53,190876.4,2011-02-04,2011-02-04,2011-02-13,63a4c77dd5315e09281862de90ced58f,2011-02-04,2011-02-04,2011-02-13
686,733502042,C,2011-02-04,,151,Online,9,8409,3547673.01,3066678.21,480994.8,2011-02-04,2011-02-04,2011-02-22,7042e678208cb5e42732319744326dd6,2011-02-04,2011-02-04,2011-02-22
687,985039174,H,2011-02-04,,101,Online,2,3836,182018.2,121946.44,60071.76,2011-02-04,2011-02-04,2011-03-10,5e857877ebccc4f53454474a82d6efdf,2011-02-04,2011-02-04,2011-03-10
688,575479590,L,2011-02-04,,34,Online,5,6054,923719.32,589901.76,333817.56,2011-02-04,2011-02-04,2011-03-22,24321b6b6d40ce1da9936156b3c3b3c7,2011-02-04,2011-02-04,2011-03-22
689,344762837,L,2011-02-04,,184,Offline,5,1840,280747.2,179289.6,101457.6,2011-02-04,2011-02-04,2011-03-24,f0e1ad9316dd5289078b1f05066c3492,2011-02-04,2011-02-04,2011-03-24
690,473542344,H,2011-02-05,,129,Online,5,558,85139.64,54371.52,30768.12,2011-02-05,2011-02-05,2011-02-09,491523b51b3f277fa02bc158fda009a1,2011-02-05,2011-02-05,2011-02-09
691,521086966,L,2011-02-06,,156,Offline,4,68,7431.04,2437.12,4993.92,2011-02-06,2011-02-06,2011-02-19,89bfe22644e6a6afbc3c01d6c9e5694c,2011-02-06,2011-02-06,2011-02-19
692,716184842,H,2011-02-07,,115,Offline,9,3865,1630604.85,1409526.85,221078,2011-02-07,2011-02-07,2011-03-02,bc79fa6ecda2f3dedf4355694842e8bf,2011-02-07,2011-02-07,2011-03-02
693,898884904,M,2011-02-08,,65,Offline,7,8873,1825176.1,1039117.03,786059.07,2011-02-08,2011-02-08,2011-02-20,421ecb12b27ee160acd115b17268d3c6,2011-02-08,2011-02-08,2011-02-20
694,348029983,L,2011-02-09,,55,Offline,9,8661,3653989.29,3158580.09,495409.2,2011-02-09,2011-02-09,2011-03-02,5c9ea5c494e8edf83c1760523a90088a,2011-02-09,2011-02-09,2011-03-02
695,863502061,C,2011-02-09,,86,Online,9,8304,3503374.56,3028385.76,474988.8,2011-02-09,2011-02-09,2011-03-05,b0f365eb7faa59ec7ff04adf40537d6f,2011-02-09,2011-02-09,2011-03-05
696,206616628,M,2011-02-09,,130,Offline,12,1306,872760.62,656317.24,216443.38,2011-02-09,2011-02-09,2011-03-24,9d890da3a2107f93ca3d40f46a95c8a2,2011-02-09,2011-02-09,2011-03-24
697,649276387,M,2011-02-09,,110,Online,2,4166,197676.7,132437.14,65239.56,2011-02-09,2011-02-09,2011-03-26,f0db9789047fa5ef13b7220f8a21edcf,2011-02-09,2011-02-09,2011-03-26
698,942454278,M,2011-02-09,,145,Online,10,2019,882706.8,531663.27,351043.53,2011-02-09,2011-02-09,2011-03-29,817e3856ac29a043be54d80a9992cd86,2011-02-09,2011-02-09,2011-03-29
699,175209033,L,2011-02-10,,39,Online,8,7101,1812743.28,1132041.42,680701.86,2011-02-10,2011-02-10,2011-03-10,1ac090b28f8d6137622cce501d1d9746,2011-02-10,2011-02-10,2011-03-10
700,771561944,M,2011-02-11,,176,Online,5,1180,180044.4,114979.2,65065.2,2011-02-11,2011-02-11,2011-02-15,f18062ba54e675777d4190f468cad7d0,2011-02-11,2011-02-11,2011-02-15
701,754952847,H,2011-02-11,,41,Offline,7,6179,1271020.3,723622.69,547397.61,2011-02-11,2011-02-11,2011-02-20,f585cfd1d7bb8289b171a051bacb5b76,2011-02-11,2011-02-11,2011-02-20
702,627629888,H,2011-02-13,,47,Offline,2,8486,402660.7,269769.94,132890.76,2011-02-13,2011-02-13,2011-02-14,ff0ceffbf3e17af1ee06c79794614c35,2011-02-13,2011-02-13,2011-02-14
703,151751935,C,2011-02-13,,106,Online,7,5625,1157062.5,658743.75,498318.75,2011-02-13,2011-02-13,2011-02-23,b9121a41719f87e9d949b9700e470ad4,2011-02-13,2011-02-13,2011-02-23
704,295211923,L,2011-02-13,,60,Online,3,8623,704757.79,488665.41,216092.38,2011-02-13,2011-02-13,2011-02-25,d50e93d3cadf210c8404d050b6364be5,2011-02-13,2011-02-13,2011-02-25
705,741964948,C,2011-02-13,,155,Offline,7,2771,569994.7,324511.81,245482.89,2011-02-13,2011-02-13,2011-02-26,900dd6b0d8126719f98e17a8a9fef158,2011-02-13,2011-02-13,2011-02-26
706,203625857,C,2011-02-13,,49,Offline,7,6271,1289944.7,734396.81,555547.89,2011-02-13,2011-02-13,2011-03-03,142d425a59c4966827d8b6458019e20c,2011-02-13,2011-02-13,2011-03-03
707,912503230,H,2011-02-13,,135,Online,1,8838,82458.54,61158.96,21299.58,2011-02-13,2011-02-13,2011-03-17,360406b2805dbbdbfdcbfacf0c738a97,2011-02-13,2011-02-13,2011-03-17
708,128766906,C,2011-02-13,,185,Offline,12,3844,2568829.88,1931763.76,637066.12,2011-02-13,2011-02-13,2011-03-28,e12716b6b680f5ff98283f9bd03b3d27,2011-02-13,2011-02-13,2011-03-28
709,675056493,C,2011-02-15,,135,Online,9,3072,1296046.08,1120327.68,175718.4,2011-02-15,2011-02-15,2011-03-23,6c82d58ce89e192d2db0eacb6d97262f,2011-02-15,2011-02-15,2011-03-23
710,587799727,L,2011-02-15,,137,Offline,8,1856,473799.68,295883.52,177916.16,2011-02-15,2011-02-15,2011-03-27,9a0634dff4144bfb730c1195921f8a9f,2011-02-15,2011-02-15,2011-03-27
711,980396163,H,2011-02-16,,92,Online,10,9866,4313415.2,2598013.78,1715401.42,2011-02-16,2011-02-16,2011-02-24,8e8771ae6872083de8e3f47ec7d4e1fd,2011-02-16,2011-02-16,2011-02-24
712,481533181,L,2011-02-16,,25,Online,2,5224,247878.8,166070.96,81807.84,2011-02-16,2011-02-16,2011-04-07,5d5ea514a663244d79279e96bdd0a33f,2011-02-16,2011-02-16,2011-04-07
713,381524550,H,2011-02-17,,56,Offline,10,448,195865.6,117971.84,77893.76,2011-02-17,2011-02-17,2011-02-25,218d61be7f2ab20c46737b7331e0e970,2011-02-17,2011-02-17,2011-02-25
714,261049592,L,2011-02-17,,113,Online,7,9230,1898611,1080925.3,817685.7,2011-02-17,2011-02-17,2011-03-12,520c1ec3fbf91c94b3129a528ff052c6,2011-02-17,2011-02-17,2011-03-12
715,928168189,H,2011-02-17,,54,Offline,7,4448,914953.6,520905.28,394048.32,2011-02-17,2011-02-17,2011-03-15,1f51d3e0e2c10213fbdd6cb05bfb6602,2011-02-17,2011-02-17,2011-03-15
716,134316718,L,2011-02-17,,110,Offline,4,6157,672836.96,220666.88,452170.08,2011-02-17,2011-02-17,2011-03-30,5b9e74df6d0cb3aa7ba43a1bbbc3f9bb,2011-02-17,2011-02-17,2011-03-30
717,100744473,L,2011-02-18,,128,Online,7,1383,284483.1,161963.13,122519.97,2011-02-18,2011-02-18,2011-03-16,cf8d012feccfcebde8733daf623f4583,2011-02-18,2011-02-18,2011-03-16
718,495269525,C,2011-02-20,,142,Offline,9,113,47673.57,41209.97,6463.6,2011-02-20,2011-02-20,2011-04-06,31df14721676315b4b888364af3191d1,2011-02-20,2011-02-20,2011-04-06
719,759086453,L,2011-02-21,,84,Online,12,9405,6285079.35,4726388.7,1558690.65,2011-02-21,2011-02-21,2011-02-27,8074f12435a21b3144d8fa54f1f44615,2011-02-21,2011-02-21,2011-02-27
720,677851569,M,2011-02-22,,23,Offline,12,198,132317.46,99502.92,32814.54,2011-02-22,2011-02-22,2011-03-02,2994b55d265d03f2d7031e84bc26f3f6,2011-02-22,2011-02-22,2011-03-02
721,912543570,H,2011-02-23,,68,Offline,3,776,63422.48,43975.92,19446.56,2011-02-23,2011-02-23,2011-03-25,43214c3ee1f6981259e1cf6e14bf95dc,2011-02-23,2011-02-23,2011-03-25
722,958159577,L,2011-02-23,,105,Online,1,9566,89250.78,66196.72,23054.06,2011-02-23,2011-02-23,2011-04-04,ee7aad10229dc7326995cbad2ccd13ba,2011-02-23,2011-02-23,2011-04-04
723,309342658,C,2011-02-25,,23,Online,3,222,18144.06,12580.74,5563.32,2011-02-25,2011-02-25,2011-03-28,ec9b26e7f9dcba1f0fc0f37e475bdbbb,2011-02-25,2011-02-25,2011-03-28
724,681354749,L,2011-02-25,,59,Offline,7,6866,1412336.2,804077.26,608258.94,2011-02-25,2011-02-25,2011-03-29,2497c45d91ddb9fe9ce2d46eb3790cae,2011-02-25,2011-02-25,2011-03-29
726,535612094,H,2011-02-26,,31,Online,1,8376,78148.08,57961.92,20186.16,2011-02-26,2011-02-26,2011-03-03,289037cb45252b1eb16a776feba4011a,2011-02-26,2011-02-26,2011-03-03
727,668720901,H,2011-02-26,,178,Offline,10,8230,3598156,2167205.9,1430950.1,2011-02-26,2011-02-26,2011-03-09,18fe8677da58c86f2e9dba911cc0b759,2011-02-26,2011-02-26,2011-03-09
728,500229251,L,2011-02-26,,35,Online,12,7806,5216515.62,3922827.24,1293688.38,2011-02-26,2011-02-26,2011-03-15,52867a26a4d26eaea4720b818c467067,2011-02-26,2011-02-26,2011-03-15
729,762117564,M,2011-02-26,,155,Online,3,6378,521273.94,361441.26,159832.68,2011-02-26,2011-02-26,2011-03-28,71faa6d08c028cb8be0560f6b6431b5b,2011-02-26,2011-02-26,2011-03-28
730,188631665,H,2011-02-26,,126,Online,4,9156,1000567.68,328151.04,672416.64,2011-02-26,2011-02-26,2011-04-13,c981c155da05e25ed004567debb5c1d3,2011-02-26,2011-02-26,2011-04-13
731,134121024,L,2011-02-28,,164,Online,6,8246,1270378.76,749808.78,520569.98,2011-02-28,2011-02-28,2011-04-08,bb252904dea98fccb96569319667629e,2011-02-28,2011-02-28,2011-04-08
732,202604043,L,2011-02-28,,107,Online,7,3893,800790.1,455909.23,344880.87,2011-02-28,2011-02-28,2011-04-10,53d174f79cbe293d123f10a4b6371d3d,2011-02-28,2011-02-28,2011-04-10
733,196346127,H,2011-02-28,,11,Online,5,2037,310805.46,198485.28,112320.18,2011-02-28,2011-02-28,2011-04-12,84e6f11ac73bf278489117cb9743607c,2011-02-28,2011-02-28,2011-04-12
734,672106063,L,2011-03-01,,132,Offline,1,9975,93066.75,69027,24039.75,2011-03-01,2011-03-01,2011-03-10,d9e9505dd111cea7a5fbcb9cc7401baa,2011-03-01,2011-03-01,2011-03-10
735,541279923,M,2011-03-01,,41,Offline,12,5613,3750999.51,2820757.02,930242.49,2011-03-01,2011-03-01,2011-03-29,554fe46bf4b61630580ba544e88d6155,2011-03-01,2011-03-01,2011-03-29
736,622042739,H,2011-03-02,,89,Online,10,5124,2240212.8,1349302.92,890909.88,2011-03-02,2011-03-02,2011-03-28,430d78d72265a9faaa8e3cc5b9773a69,2011-03-02,2011-03-02,2011-03-28
737,832057130,C,2011-03-02,,160,Online,10,3050,1333460,803156.5,530303.5,2011-03-02,2011-03-02,2011-04-02,6f4056cb5775726257701b62e86dbc78,2011-03-02,2011-03-02,2011-04-02
738,418404281,M,2011-03-02,,11,Offline,5,3979,607115.82,387713.76,219402.06,2011-03-02,2011-03-02,2011-04-15,d76ab04542f1a0bf5a726253a3f5661c,2011-03-02,2011-03-02,2011-04-15
739,339334046,M,2011-03-02,,156,Offline,5,5340,814777.2,520329.6,294447.6,2011-03-02,2011-03-02,2011-04-16,9aacfab7a955000d3e36b50f15aaef37,2011-03-02,2011-03-02,2011-04-16
740,488815915,M,2011-03-03,,144,Offline,5,347,52945.26,33811.68,19133.58,2011-03-03,2011-03-03,2011-04-17,1d1b62995e8b75bf7775da291fab6753,2011-03-03,2011-03-03,2011-04-17
741,272425591,L,2011-03-04,,134,Online,1,5641,52630.53,39035.72,13594.81,2011-03-04,2011-03-04,2011-03-21,39220f3347eb26d888166da7cda34cb0,2011-03-04,2011-03-04,2011-03-21
742,237042748,H,2011-03-05,,14,Online,12,5072,3389465.44,2548882.88,840582.56,2011-03-05,2011-03-05,2011-04-03,83846bcef9c4e652213ea827aca0aabf,2011-03-05,2011-03-05,2011-04-03
743,157972514,H,2011-03-05,,19,Online,12,6432,4298312.64,3232337.28,1065975.36,2011-03-05,2011-03-05,2011-04-04,ae4d258d7f55ec658c7bc872d3760ffc,2011-03-05,2011-03-05,2011-04-04
744,508928191,L,2011-03-07,,57,Online,8,2016,514644.48,321390.72,193253.76,2011-03-07,2011-03-07,2011-03-19,39538c8d3cac8e6bc700b34bf034c03d,2011-03-07,2011-03-07,2011-03-19
745,866259801,M,2011-03-07,,143,Online,8,4380,1118126.4,698259.6,419866.8,2011-03-07,2011-03-07,2011-03-25,5e9703c9f923fc2cd5a390eb3ab46179,2011-03-07,2011-03-07,2011-03-25
746,992992675,M,2011-03-08,,30,Offline,6,7454,1148363.24,677792.22,470571.02,2011-03-08,2011-03-08,2011-03-09,6f9d1fcef6d8a81534213786280f9a2f,2011-03-08,2011-03-08,2011-03-09
747,749760091,M,2011-03-08,,122,Online,4,9527,1041110.56,341447.68,699662.88,2011-03-08,2011-03-08,2011-03-15,a79fc455cc23b0c30290c5b98bb7e9d7,2011-03-08,2011-03-08,2011-03-15
748,475355947,L,2011-03-08,,142,Offline,6,7243,1115856.58,658605.99,457250.59,2011-03-08,2011-03-08,2011-04-26,35efeb6949fc4066f2d30af20cb39cf4,2011-03-08,2011-03-08,2011-04-26
749,965796363,M,2011-03-09,,90,Online,1,9461,88271.13,65470.12,22801.01,2011-03-09,2011-03-09,2011-03-19,3180beffd9d5082d66156d2a544ba160,2011-03-09,2011-03-09,2011-03-19
750,897195327,L,2011-03-09,,63,Offline,10,8890,3886708,2341003.7,1545704.3,2011-03-09,2011-03-09,2011-04-11,2c2143183a6817645aa4076ffe9929b9,2011-03-09,2011-03-09,2011-04-11
751,529040467,H,2011-03-10,,150,Offline,10,3686,1611519.2,970634.38,640884.82,2011-03-10,2011-03-10,2011-04-10,2f44f27effd12804ab378c2d90144b36,2011-03-10,2011-03-10,2011-04-10
752,765661084,C,2011-03-11,,151,Offline,6,4984,767835.04,453195.12,314639.92,2011-03-11,2011-03-11,2011-03-12,51dfb25de2aeb8fad346d33088984e73,2011-03-11,2011-03-11,2011-03-12
753,614014565,L,2011-03-11,,174,Online,6,9410,1449704.6,855651.3,594053.3,2011-03-11,2011-03-11,2011-03-13,039f0bcd68f17a090f2f3ab1b9b00134,2011-03-11,2011-03-11,2011-03-13
754,813441741,M,2011-03-12,,3,Offline,7,4342,893149.4,508491.62,384657.78,2011-03-12,2011-03-12,2011-03-22,1c681d061ba00a721ad301ac353df3ab,2011-03-12,2011-03-12,2011-03-22
755,655301272,L,2011-03-12,,70,Offline,7,7064,1453064.8,827265.04,625799.76,2011-03-12,2011-03-12,2011-03-25,e9f0314aa787d5f23fe8b6416eea5b63,2011-03-12,2011-03-12,2011-03-25
756,977368056,M,2011-03-13,,53,Offline,5,3782,577057.56,368518.08,208539.48,2011-03-13,2011-03-13,2011-03-18,727b4d614dee3734e2eadf259a94db31,2011-03-13,2011-03-13,2011-03-18
757,141875827,C,2011-03-13,,172,Online,12,3065,2048247.55,1540285.1,507962.45,2011-03-13,2011-03-13,2011-04-16,136f67846c980549c0eabd4b58df7faa,2011-03-13,2011-03-13,2011-04-16
758,422301852,L,2011-03-13,,49,Online,12,7357,4916462.39,3697186.78,1219275.61,2011-03-13,2011-03-13,2011-04-23,ccbed7927c2c43077dca6ff8c7df480a,2011-03-13,2011-03-13,2011-04-23
760,989411818,C,2011-03-15,,48,Offline,5,7799,1189971.42,759934.56,430036.86,2011-03-15,2011-03-15,2011-03-16,3cdf4d94a3fe462a12271e8027e5af9b,2011-03-15,2011-03-15,2011-03-16
761,575758969,H,2011-03-15,,147,Online,3,8729,713421.17,494672.43,218748.74,2011-03-15,2011-03-15,2011-03-29,295d97fb38cfb30b14c9e4c89ac0fa9b,2011-03-15,2011-03-15,2011-03-29
762,216144692,C,2011-03-15,,175,Online,1,873,8145.09,6041.16,2103.93,2011-03-15,2011-03-15,2011-04-18,68eb3745ffb8e5991c08ed91fd930a4d,2011-03-15,2011-03-15,2011-04-18
763,346498763,L,2011-03-18,,171,Online,6,5539,853338.34,503661.27,349677.07,2011-03-18,2011-03-18,2011-04-02,a2c96a3bbb0b17ccf6ee243d3db1ef39,2011-03-18,2011-03-18,2011-04-02
764,254912698,C,2011-03-19,,71,Online,5,3187,486272.46,310541.28,175731.18,2011-03-19,2011-03-19,2011-04-08,433786d325bd08a8b512b960f5a4dc65,2011-03-19,2011-03-19,2011-04-08
765,587212646,L,2011-03-20,,154,Offline,4,8126,888009.28,291235.84,596773.44,2011-03-20,2011-03-20,2011-04-24,555388dfbdc6404b83b8ca41d92936bd,2011-03-20,2011-03-20,2011-04-24
766,547736537,C,2011-03-20,,170,Online,2,6268,297416.6,199259.72,98156.88,2011-03-20,2011-03-20,2011-05-07,cac5fea0adb9381b607e1fb1483d1708,2011-03-20,2011-03-20,2011-05-07
767,401993882,M,2011-03-21,,155,Offline,7,7778,1599934.6,910881.58,689053.02,2011-03-21,2011-03-21,2011-04-11,255d44471bd80275c95ce17d1e26d443,2011-03-21,2011-03-21,2011-04-11
768,917465960,C,2011-03-21,,71,Offline,7,7421,1526499.7,869073.31,657426.39,2011-03-21,2011-03-21,2011-04-14,370e7961a8dc1084ec48037248c11479,2011-03-21,2011-03-21,2011-04-14
769,326898896,H,2011-03-22,,83,Offline,8,5503,1404805.84,877288.26,527517.58,2011-03-22,2011-03-22,2011-05-07,ef07137c1c10a5b68f8812c1fe6daa5f,2011-03-22,2011-03-22,2011-05-07
770,120977771,M,2011-03-23,,11,Online,1,8866,82719.78,61352.72,21367.06,2011-03-23,2011-03-23,2011-05-02,4ede180977e254e8359913631bd786a8,2011-03-23,2011-03-23,2011-05-02
771,952140700,L,2011-03-24,,44,Offline,11,8447,5500770.87,4434337.12,1066433.75,2011-03-24,2011-03-24,2011-04-05,b812ba9ddd85d66b6092d1a18bf3e1c2,2011-03-24,2011-03-24,2011-04-05
772,948047435,M,2011-03-24,,1,Offline,10,7159,3129914.8,1885179.47,1244735.33,2011-03-24,2011-03-24,2011-04-06,03f2b4e2a155eb3f794e223585cdc5bf,2011-03-24,2011-03-24,2011-04-06
773,744054925,C,2011-03-25,,158,Online,12,1242,829991.34,624154.68,205836.66,2011-03-25,2011-03-25,2011-03-31,f26375d249d95d019b091e2b9913bc14,2011-03-25,2011-03-25,2011-03-31
774,941553485,L,2011-03-25,,73,Offline,10,5454,2384488.8,1436201.82,948286.98,2011-03-25,2011-03-25,2011-04-09,e08c7b2d67b8b1760f146a58b6c98ac8,2011-03-25,2011-03-25,2011-04-09
775,848156821,M,2011-03-25,,20,Offline,4,7306,798399.68,261847.04,536552.64,2011-03-25,2011-03-25,2011-05-11,a6200593f4b82f149dd721df8ff2da7e,2011-03-25,2011-03-25,2011-05-11
776,910263907,M,2011-03-26,,100,Offline,5,6173,941876.34,601497.12,340379.22,2011-03-26,2011-03-26,2011-04-21,da6f80c912035468c0eeab8ec8a0f5eb,2011-03-26,2011-03-26,2011-04-21
777,552814280,M,2011-03-26,,150,Offline,9,8885,3748492.65,3240270.65,508222,2011-03-26,2011-03-26,2011-05-10,3ac4bac2bc70f4574701ca6ef1f0e1da,2011-03-26,2011-03-26,2011-05-10
778,779201734,C,2011-03-26,,100,Online,9,1963,828170.07,715886.47,112283.6,2011-03-26,2011-03-26,2011-05-10,0d52ea0894554ef4a23941b7fb174f32,2011-03-26,2011-03-26,2011-05-10
779,930730235,L,2011-03-27,,157,Offline,10,2614,1142840.8,688344.62,454496.18,2011-03-27,2011-03-27,2011-04-15,83e11c08f477691dd3904fe0736d3399,2011-03-27,2011-03-27,2011-04-15
780,176118838,M,2011-03-28,,81,Offline,2,6333,300500.85,201326.07,99174.78,2011-03-28,2011-03-28,2011-04-17,05a521508a6d67932bbea60c292e356b,2011-03-28,2011-03-28,2011-04-17
781,242673242,M,2011-03-28,,98,Offline,6,1260,194115.6,114571.8,79543.8,2011-03-28,2011-03-28,2011-04-20,eef02c2d639bd8569ca710f14b01de93,2011-03-28,2011-03-28,2011-04-20
782,932776868,H,2011-03-28,,170,Offline,4,8258,902434.24,295966.72,606467.52,2011-03-28,2011-03-28,2011-05-10,ad833b39641dac1b0909a43d616910cb,2011-03-28,2011-03-28,2011-05-10
783,369170081,H,2011-03-29,,37,Offline,8,4486,1145186.08,715158.12,430027.96,2011-03-29,2011-03-29,2011-04-03,44b70c631b618e4496fb8ffac584f04f,2011-03-29,2011-03-29,2011-04-03
784,219452178,C,2011-03-29,,68,Offline,1,9631,89857.23,66646.52,23210.71,2011-03-29,2011-03-29,2011-04-03,382982651f1abfbd8f179d2b8a3fabe8,2011-03-29,2011-03-29,2011-04-03
785,140499961,L,2011-03-29,,139,Online,3,5915,483432.95,335203.05,148229.9,2011-03-29,2011-03-29,2011-04-30,6214730dfd8630e9982598a149e0812a,2011-03-29,2011-03-29,2011-04-30
786,639126908,C,2011-03-30,,32,Online,7,710,146047,83148.1,62898.9,2011-03-30,2011-03-30,2011-05-10,457e56304aaaad808676804aa4a82791,2011-03-30,2011-03-30,2011-05-10
787,784751546,L,2011-03-30,,97,Online,9,4276,1804001.64,1559414.44,244587.2,2011-03-30,2011-03-30,2011-05-11,7777df220074137a9283dc3efb1804d4,2011-03-30,2011-03-30,2011-05-11
788,890546023,H,2011-03-31,,69,Online,7,1213,249514.1,142054.43,107459.67,2011-03-31,2011-03-31,2011-05-02,ea4f7dbb16d18c29ae27643fa02acce1,2011-03-31,2011-03-31,2011-05-02
789,528295028,H,2011-04-03,,103,Online,1,3093,28857.69,21403.56,7454.13,2011-04-03,2011-04-03,2011-04-04,d7a1b7a67e06729a0e97a1de8f926f5e,2011-04-03,2011-04-03,2011-04-04
790,717134988,H,2011-04-04,,16,Offline,4,5034,550115.52,180418.56,369696.96,2011-04-04,2011-04-04,2011-04-17,499d6c67e0719a7812b4d23b2ae596db,2011-04-04,2011-04-04,2011-04-17
791,808367002,H,2011-04-05,,85,Online,10,2614,1142840.8,688344.62,454496.18,2011-04-05,2011-04-05,2011-05-08,4b8b301df2a1156b91066cbfd959fd3f,2011-04-05,2011-04-05,2011-05-08
792,556947886,L,2011-04-05,,34,Online,7,2111,434232.7,247219.21,187013.49,2011-04-05,2011-04-05,2011-05-17,f4347ed8d542a0f2df15376f67b33073,2011-04-05,2011-04-05,2011-05-17
793,787310588,H,2011-04-06,,128,Online,8,1554,396705.12,247738.68,148966.44,2011-04-06,2011-04-06,2011-04-21,6fa5b6a207820db8c176effd9c1dece7,2011-04-06,2011-04-06,2011-04-21
794,161832749,M,2011-04-06,,179,Offline,5,8762,1336905.96,853769.28,483136.68,2011-04-06,2011-04-06,2011-05-25,50d6e44f7c03dcafc9a7c5d47fe45253,2011-04-06,2011-04-06,2011-05-25
795,647943866,M,2011-04-07,,163,Online,4,9843,1075643.04,352773.12,722869.92,2011-04-07,2011-04-07,2011-04-18,a610b8040bcd7c82a2826415575c264e,2011-04-07,2011-04-07,2011-04-18
796,105039441,C,2011-04-09,,21,Offline,8,2360,602460.8,376231.2,226229.6,2011-04-09,2011-04-09,2011-04-26,46e1ab4c4855752ea46f2056ff729dd4,2011-04-09,2011-04-09,2011-04-26
797,923922574,M,2011-04-09,,138,Offline,6,8076,1244188.56,734350.68,509837.88,2011-04-09,2011-04-09,2011-05-23,fa77605ca7e2d701f187ac0368c4bf96,2011-04-09,2011-04-09,2011-05-23
798,680571973,L,2011-04-10,,183,Online,11,5225,3402572.25,2742916,659656.25,2011-04-10,2011-04-10,2011-05-05,20710f2c4d9c45414bb29e5dfc7bdf38,2011-04-10,2011-04-10,2011-05-05
799,842687690,H,2011-04-10,,140,Offline,6,8869,1366358.14,806458.17,559899.97,2011-04-10,2011-04-10,2011-05-26,093ae0d1aa1a60ee3ad7451b418c188c,2011-04-10,2011-04-10,2011-05-26
800,264636456,H,2011-04-11,,158,Offline,4,663,72452.64,23761.92,48690.72,2011-04-11,2011-04-11,2011-04-24,f765a2fe252459d1398b7899114700d7,2011-04-11,2011-04-11,2011-04-24
801,884092414,C,2011-04-11,,176,Offline,11,1447,942300.87,759617.12,182683.75,2011-04-11,2011-04-11,2011-05-13,40d9844453a4dabb11e49363780ed293,2011-04-11,2011-04-11,2011-05-13
802,898418843,H,2011-04-12,,141,Offline,5,955,145713.9,93055.2,52658.7,2011-04-12,2011-04-12,2011-04-14,edb308a1d3f175542f864ca39d5e3451,2011-04-12,2011-04-12,2011-04-14
803,892042911,H,2011-04-13,,172,Offline,10,4175,1825310,1099402.75,725907.25,2011-04-13,2011-04-13,2011-05-12,b0fb4445ce29e71f617ab8a7eb1ea8e5,2011-04-13,2011-04-13,2011-05-12
804,364055001,L,2011-04-13,,60,Offline,12,820,547981.4,412082.8,135898.6,2011-04-13,2011-04-13,2011-05-13,14f72d9d4aa54991994329dcc5bd6db5,2011-04-13,2011-04-13,2011-05-13
805,305569112,M,2011-04-14,,160,Offline,6,3545,546142.7,322346.85,223795.85,2011-04-14,2011-04-14,2011-06-03,3fe9f6b6b7b3823416288e1611e5ceb4,2011-04-14,2011-04-14,2011-06-03
806,114210450,M,2011-04-15,,6,Online,5,6265,955913.7,610461.6,345452.1,2011-04-15,2011-04-15,2011-04-28,ce0405e75424451052e905442a352ce0,2011-04-15,2011-04-15,2011-04-28
807,673369920,M,2011-04-15,,109,Offline,1,3978,37114.74,27527.76,9586.98,2011-04-15,2011-04-15,2011-05-12,be235a2e338febaa8eb7d779ef24d703,2011-04-15,2011-04-15,2011-05-12
808,117949664,C,2011-04-17,,48,Offline,2,2782,132005.9,88439.78,43566.12,2011-04-17,2011-04-17,2011-05-24,ffadda52987207c8b8145ca5abc5062c,2011-04-17,2011-04-17,2011-05-24
809,982566821,M,2011-04-17,,90,Online,11,2212,1440476.52,1161211.52,279265,2011-04-17,2011-04-17,2011-06-05,68fa6d2a7a38911c5dae96fa44495b12,2011-04-17,2011-04-17,2011-06-05
811,581193768,M,2011-04-18,,43,Online,5,7006,1068975.48,682664.64,386310.84,2011-04-18,2011-04-18,2011-04-24,40dd9dfa909123b54a38c08c5bd100a3,2011-04-18,2011-04-18,2011-04-24
812,321352088,M,2011-04-18,,174,Offline,3,4079,333376.67,231156.93,102219.74,2011-04-18,2011-04-18,2011-05-06,bf655115ac62175f87d9fdf34526edcc,2011-04-18,2011-04-18,2011-05-06
813,913729751,M,2011-04-18,,75,Online,9,1793,756448.77,653889.17,102559.6,2011-04-18,2011-04-18,2011-05-09,197546a5e06ff447e91c60df872737b2,2011-04-18,2011-04-18,2011-05-09
814,637278974,H,2011-04-18,,2,Offline,11,3865,2516926.65,2028970.4,487956.25,2011-04-18,2011-04-18,2011-05-26,ba5b04ed027529e43a2f9999b328c81d,2011-04-18,2011-04-18,2011-05-26
815,807581222,H,2011-04-19,,49,Offline,5,85,12969.3,8282.4,4686.9,2011-04-19,2011-04-19,2011-04-25,1415305b4e0eb8429a5ccc641f821de1,2011-04-19,2011-04-19,2011-04-25
816,129875409,L,2011-04-19,,90,Offline,3,1875,153243.75,106256.25,46987.5,2011-04-19,2011-04-19,2011-04-26,ede8d76d3e8ba7a309ea25ccc958b68e,2011-04-19,2011-04-19,2011-04-26
817,185960614,M,2011-04-20,,94,Offline,1,8733,81478.89,60432.36,21046.53,2011-04-20,2011-04-20,2011-05-28,955df6b25ad478d4f0a83901d05e5c76,2011-04-20,2011-04-20,2011-05-28
818,220753371,C,2011-04-22,,83,Online,2,4683,222208.35,148872.57,73335.78,2011-04-22,2011-04-22,2011-04-23,2e11800d8ad6356b6517462d32279bab,2011-04-22,2011-04-22,2011-04-23
819,819152915,H,2011-04-23,,140,Offline,11,4406,2869231.26,2312973.76,556257.5,2011-04-23,2011-04-23,2011-04-24,da4778adef3d5566b3e4d1127322a2ec,2011-04-23,2011-04-23,2011-04-24
820,735989415,C,2011-04-23,,57,Offline,10,4478,1957781.6,1179191.74,778589.86,2011-04-23,2011-04-23,2011-04-27,6b7dc0f0835797da236266aa98b1c9d7,2011-04-23,2011-04-23,2011-04-27
821,788099372,H,2011-04-23,,183,Offline,5,4972,758627.76,484471.68,274156.08,2011-04-23,2011-04-23,2011-05-05,f88d0b945fab2061c28237612f8509f0,2011-04-23,2011-04-23,2011-05-05
822,278767192,L,2011-04-23,,8,Offline,4,2262,247191.36,81070.08,166121.28,2011-04-23,2011-04-23,2011-05-25,b9539cc5ca176b550a96a80965943abc,2011-04-23,2011-04-23,2011-05-25
823,270580661,H,2011-04-23,,122,Offline,1,9685,90361.05,67020.2,23340.85,2011-04-23,2011-04-23,2011-05-28,0d61828b2ea2c92e33617ea78807bec4,2011-04-23,2011-04-23,2011-05-28
824,952025687,C,2011-04-24,,99,Offline,12,4412,2948407.24,2217206.48,731200.76,2011-04-24,2011-04-24,2011-05-01,d25a0be6f7c85d172bbdaf867b33bc73,2011-04-24,2011-04-24,2011-05-01
825,180923211,M,2011-04-24,,150,Online,8,8054,2056025.12,1283968.68,772056.44,2011-04-24,2011-04-24,2011-06-02,57f5e2a1d28f5e35483d01052e8b1143,2011-04-24,2011-04-24,2011-06-02
826,912313544,H,2011-04-25,,113,Offline,7,2706,556624.2,316899.66,239724.54,2011-04-25,2011-04-25,2011-05-15,cdd47f0bd28df8209fbd819ea1d379c2,2011-04-25,2011-04-25,2011-05-15
827,386254251,C,2011-04-26,,116,Offline,5,71,10833.18,6918.24,3914.94,2011-04-26,2011-04-26,2011-05-16,ee57cc20eac852c923f5f58a798acf4e,2011-04-26,2011-04-26,2011-05-16
828,587846076,C,2011-04-26,,37,Online,3,5572,455399.56,315765.24,139634.32,2011-04-26,2011-04-26,2011-05-24,5207e73ac02f9b7ed52e4d43bf7421fb,2011-04-26,2011-04-26,2011-05-24
829,974420630,H,2011-04-26,,4,Offline,1,1573,14676.09,10885.16,3790.93,2011-04-26,2011-04-26,2011-06-15,c5bf4bec34deee227e21b7f0d4aad6ad,2011-04-26,2011-04-26,2011-06-15
830,321628463,L,2011-04-27,,172,Online,12,5864,3918735.28,2946894.56,971840.72,2011-04-27,2011-04-27,2011-05-14,eb127bcc29cb13b7988682825269130d,2011-04-27,2011-04-27,2011-05-14
831,111496055,M,2011-04-28,,180,Online,1,3015,28129.95,20863.8,7266.15,2011-04-28,2011-04-28,2011-06-04,4075ac2441b686bff96bb81b67f7aad0,2011-04-28,2011-04-28,2011-06-04
832,206821334,L,2011-04-29,,55,Online,2,1884,89395.8,59892.36,29503.44,2011-04-29,2011-04-29,2011-05-03,03ab389a31cc5fda077968780f6893cf,2011-04-29,2011-04-29,2011-05-03
833,181789672,C,2011-04-30,,48,Offline,2,4459,211579.55,141751.61,69827.94,2011-04-30,2011-04-30,2011-05-13,667e0b1d15bfc01374beedef9f36c51b,2011-04-30,2011-04-30,2011-05-13
834,109095370,C,2011-04-30,,130,Offline,3,2599,212416.27,147285.33,65130.94,2011-04-30,2011-04-30,2011-06-06,d3c6ae877b02104b516eecbcc8589be5,2011-04-30,2011-04-30,2011-06-06
835,260623872,M,2011-05-01,,2,Online,10,3250,1420900,855822.5,565077.5,2011-05-01,2011-05-01,2011-05-12,229858ed1089f1f807a9233c03e8f31e,2011-05-01,2011-05-01,2011-05-12
836,187103450,M,2011-05-04,,180,Offline,1,6924,64600.92,47914.08,16686.84,2011-05-04,2011-05-04,2011-05-14,10fe9d8f03fa581e20fc550d440ec6a6,2011-05-04,2011-05-04,2011-05-14
837,827261769,H,2011-05-04,,73,Offline,2,3996,189610.2,127032.84,62577.36,2011-05-04,2011-05-04,2011-05-26,fabbabbc57d52c21ddd2e21df136d6f2,2011-05-04,2011-05-04,2011-05-26
838,382555377,L,2011-05-04,,38,Online,8,5492,1401997.76,875534.64,526463.12,2011-05-04,2011-05-04,2011-06-19,0f960f56c2e00c8800e3026ac4620478,2011-05-04,2011-05-04,2011-06-19
839,243070638,M,2011-05-05,,66,Offline,11,8858,5768418.18,4650095.68,1118322.5,2011-05-05,2011-05-05,2011-05-22,254aab5d3f887a672c94a65f9bc7013d,2011-05-05,2011-05-05,2011-05-22
840,384483993,L,2011-05-05,,94,Offline,6,6212,957020.72,564857.16,392163.56,2011-05-05,2011-05-05,2011-06-19,8c8f812609475158f0630c8a26ec4114,2011-05-05,2011-05-05,2011-06-19
841,380154693,H,2011-05-05,,27,Offline,6,5076,782008.56,461560.68,320447.88,2011-05-05,2011-05-05,2011-06-20,77e1aa705d1acb12b9104dad3b580bde,2011-05-05,2011-05-05,2011-06-20
842,217920958,H,2011-05-06,,5,Online,8,6509,1661617.52,1037664.78,623952.74,2011-05-06,2011-05-06,2011-06-25,49ea742a3256d9e868684894883d442d,2011-05-06,2011-05-06,2011-06-25
843,616775310,C,2011-05-07,,33,Offline,11,6375,4151463.75,3346620,804843.75,2011-05-07,2011-05-07,2011-05-24,2318e29c6651e4eda2a82f4a0db01c27,2011-05-07,2011-05-07,2011-05-24
844,835094249,C,2011-05-07,,71,Offline,6,1801,277462.06,163764.93,113697.13,2011-05-07,2011-05-07,2011-06-20,a86925c1dc65d012f4ff453cdf5c648b,2011-05-07,2011-05-07,2011-06-20
845,797310721,C,2011-05-08,,14,Offline,8,815,208053.2,129927.3,78125.9,2011-05-08,2011-05-08,2011-05-14,6b374762f65ab386f5b84b1772b527e4,2011-05-08,2011-05-08,2011-05-14
846,246573817,L,2011-05-08,,117,Offline,5,5527,843309.66,538550.88,304758.78,2011-05-08,2011-05-08,2011-06-17,5cfa29816685d6b7579ac942ebe4f86e,2011-05-08,2011-05-08,2011-06-17
847,146801221,M,2011-05-08,,123,Offline,5,598,91242.84,58269.12,32973.72,2011-05-08,2011-05-08,2011-06-26,d4182d86559cde5cebd696b7d5fcf137,2011-05-08,2011-05-08,2011-06-26
848,585249698,M,2011-05-09,,120,Online,11,7246,4718667.66,3803860.16,914807.5,2011-05-09,2011-05-09,2011-06-05,6b5e114bbac5ef99d0fcef8d2ab9733c,2011-05-09,2011-05-09,2011-06-05
849,296165072,L,2011-05-10,,87,Online,11,681,443474.01,357497.76,85976.25,2011-05-10,2011-05-10,2011-06-02,8208497a5c31f83627ecb75a5eaf6234,2011-05-10,2011-05-10,2011-06-02
850,566239917,C,2011-05-10,,82,Offline,2,1829,86786.05,58143.91,28642.14,2011-05-10,2011-05-10,2011-06-12,55a2a8d6dae27e6307205f289dddf21a,2011-05-10,2011-05-10,2011-06-12
851,428919827,H,2011-05-11,,99,Online,6,5763,887847.78,524029.59,363818.19,2011-05-11,2011-05-11,2011-05-14,9f3ad792ee3d7db2285a6ca7ac851fa7,2011-05-11,2011-05-11,2011-05-14
852,643027484,H,2011-05-11,,145,Online,9,4977,2099746.53,1815062.13,284684.4,2011-05-11,2011-05-11,2011-05-18,b7def1802126901ebfc89232455a0d99,2011-05-11,2011-05-11,2011-05-18
853,229374635,M,2011-05-11,,69,Offline,1,5906,55102.98,40869.52,14233.46,2011-05-11,2011-05-11,2011-05-31,114e532ae2f42676a8189bc1ff854adf,2011-05-11,2011-05-11,2011-05-31
854,300022304,L,2011-05-11,,135,Offline,8,2122,541704.16,338289.24,203414.92,2011-05-11,2011-05-11,2011-06-02,ad0d1c46a834c0ab40a9b65f7d87ff37,2011-05-11,2011-05-11,2011-06-02
855,599104058,M,2011-05-12,,174,Online,6,7059,1087509.54,641874.87,445634.67,2011-05-12,2011-05-12,2011-06-28,30ca5670dcdfde6abc7b4b8716247930,2011-05-12,2011-05-12,2011-06-28
856,492837512,M,2011-05-13,,64,Offline,6,427,65783.62,38827.11,26956.51,2011-05-13,2011-05-13,2011-05-20,5d3707d1361b5efbd0365292d0c6e5ef,2011-05-13,2011-05-13,2011-05-20
857,804671132,H,2011-05-13,,109,Online,2,8924,423443.8,283693.96,139749.84,2011-05-13,2011-05-13,2011-06-10,408e718811f586c41867b1abefcf3ddf,2011-05-13,2011-05-13,2011-06-10
858,475992381,H,2011-05-14,,79,Online,4,5578,609563.84,199915.52,409648.32,2011-05-14,2011-05-14,2011-05-26,219dcc4f3a14f220275dcd79acc8b991,2011-05-14,2011-05-14,2011-05-26
859,309901416,C,2011-05-14,,20,Offline,8,5570,1421909.6,887969.4,533940.2,2011-05-14,2011-05-14,2011-06-01,b0dbaab8f67cc245c3957a85c534b798,2011-05-14,2011-05-14,2011-06-01
860,866542184,C,2011-05-15,,7,Online,6,7944,1223852.64,722347.92,501504.72,2011-05-15,2011-05-15,2011-05-22,0da2110cd5058af67d49590af7b51d0d,2011-05-15,2011-05-15,2011-05-22
861,436280238,H,2011-05-15,,60,Offline,1,3872,36125.76,26794.24,9331.52,2011-05-15,2011-05-15,2011-06-10,09803b4f3f41da232a6604129ad2f6f2,2011-05-15,2011-05-15,2011-06-10
862,126729285,M,2011-05-15,,109,Offline,2,867,41139.15,27561.93,13577.22,2011-05-15,2011-05-15,2011-06-13,6cc280a858c0e6db10eb0c6963706fba,2011-05-15,2011-05-15,2011-06-13
863,194858253,L,2011-05-17,,79,Online,3,1742,142373.66,98719.14,43654.52,2011-05-17,2011-05-17,2011-05-22,5b36d95d65f98e664e6211d3ffd76736,2011-05-17,2011-05-17,2011-05-22
864,861976850,H,2011-05-17,,37,Offline,3,6960,568840.8,394423.2,174417.6,2011-05-17,2011-05-17,2011-05-25,887b68405e4e7e1e667d3b1fecdfd234,2011-05-17,2011-05-17,2011-05-25
865,637636029,H,2011-05-17,,53,Online,10,9526,4164767.2,2508481.58,1656285.62,2011-05-17,2011-05-17,2011-06-19,03e25150bfefca747e4f4e2491556202,2011-05-17,2011-05-17,2011-06-19
866,184389054,M,2011-05-17,,68,Offline,12,3674,2455223.98,1846331.96,608892.02,2011-05-17,2011-05-17,2011-06-20,ec1e074a92dc100fcd81990b0f865cb5,2011-05-17,2011-05-17,2011-06-20
867,749806439,L,2011-05-17,,162,Offline,11,3243,2111874.03,1702445.28,409428.75,2011-05-17,2011-05-17,2011-07-02,4e186c80b16ec479ec32503caf0d5c0b,2011-05-17,2011-05-17,2011-07-02
868,151052844,M,2011-05-18,,177,Online,4,8748,955981.44,313528.32,642453.12,2011-05-18,2011-05-18,2011-06-07,725f5a8ef06f535d62d755983df73758,2011-05-18,2011-05-18,2011-06-07
869,974147260,L,2011-05-18,,34,Offline,4,677,73982.56,24263.68,49718.88,2011-05-18,2011-05-18,2011-06-08,aae70758b000911754ba052f709b29fb,2011-05-18,2011-05-18,2011-06-08
870,427385604,H,2011-05-18,,141,Offline,9,1752,739151.28,638936.88,100214.4,2011-05-18,2011-05-18,2011-06-15,fa37bc6a0bd48d3abe9b7f8de9d1111a,2011-05-18,2011-05-18,2011-06-15
871,186317670,M,2011-05-18,,105,Online,2,4394,208495.3,139685.26,68810.04,2011-05-18,2011-05-18,2011-06-21,ae704e077fa7006d166b45d45bb96103,2011-05-18,2011-05-18,2011-06-21
872,298488080,C,2011-05-18,,121,Online,10,8111,3546129.2,2135869.63,1410259.57,2011-05-18,2011-05-18,2011-07-03,2789f2560eb98fa69bbfc02c244e3d6c,2011-05-18,2011-05-18,2011-07-03
873,265033853,M,2011-05-19,,22,Offline,5,8261,1260463.38,804951.84,455511.54,2011-05-19,2011-05-19,2011-05-26,f48004842bd0b712ffa7278d9e086d11,2011-05-19,2011-05-19,2011-05-26
874,790975129,H,2011-05-19,,9,Online,4,5973,652729.44,214072.32,438657.12,2011-05-19,2011-05-19,2011-06-20,2d465f61aa38e9eb4cdba029a08e464b,2011-05-19,2011-05-19,2011-06-20
875,667981469,M,2011-05-21,,103,Online,9,9416,3972516.24,3433921.04,538595.2,2011-05-21,2011-05-21,2011-06-12,d412bd387828455443d9397da1aa2349,2011-05-21,2011-05-21,2011-06-12
876,933963048,M,2011-05-21,,58,Offline,4,9275,1013572,332416,681156,2011-05-21,2011-05-21,2011-06-24,26bdb304b1a9df29605b38baebefa25c,2011-05-21,2011-05-21,2011-06-24
877,695059764,C,2011-05-21,,180,Offline,10,2485,1086442,654375.05,432066.95,2011-05-21,2011-05-21,2011-06-29,69e2331d1dcb69eb4c525751b8e6f375,2011-05-21,2011-05-21,2011-06-29
878,956594026,L,2011-05-22,,160,Offline,8,6285,1604434.8,1001954.7,602480.1,2011-05-22,2011-05-22,2011-06-17,f5a55cd38bf37b56e2d00b3b3fa64cee,2011-05-22,2011-05-22,2011-06-17
879,709268176,M,2011-05-22,,132,Offline,1,7070,65963.1,48924.4,17038.7,2011-05-22,2011-05-22,2011-06-25,a92489e3daeb1f195a591f1f0c9a8cee,2011-05-22,2011-05-22,2011-06-25
880,326904904,H,2011-05-22,,98,Offline,1,7281,67931.73,50384.52,17547.21,2011-05-22,2011-05-22,2011-06-27,c3f1b9879d6a6cf66848a5429896d160,2011-05-22,2011-05-22,2011-06-27
881,790149009,C,2011-05-23,,164,Online,10,1505,657986,396311.65,261674.35,2011-05-23,2011-05-23,2011-05-29,8a2830f6dc92b4f17d0b7512a9613e10,2011-05-23,2011-05-23,2011-05-29
882,927351081,H,2011-05-23,,4,Offline,6,2647,407796.82,240691.71,167105.11,2011-05-23,2011-05-23,2011-06-02,ec24294c5797852f7b53022eb3fbdce0,2011-05-23,2011-05-23,2011-06-02
883,642123687,M,2011-05-25,,24,Online,2,7523,356966.35,239156.17,117810.18,2011-05-25,2011-05-25,2011-05-30,1110810d3db96e695eb72cc0d8d52785,2011-05-25,2011-05-25,2011-05-30
884,234846770,C,2011-05-25,,40,Online,1,5233,48823.89,36212.36,12611.53,2011-05-25,2011-05-25,2011-07-06,427a692f6fcd2977b1da6e9fee3af386,2011-05-25,2011-05-25,2011-07-06
885,278062093,C,2011-05-27,,104,Offline,10,3607,1576980.4,949831.31,627149.09,2011-05-27,2011-05-27,2011-05-28,980ac47d5f8ac70416b74a3692faaf91,2011-05-27,2011-05-27,2011-05-28
886,976470267,C,2011-05-27,,80,Online,9,8106,3419840.34,2956177.14,463663.2,2011-05-27,2011-05-27,2011-07-10,d37f69ecf3e5d8d9858b527e81f0c50a,2011-05-27,2011-05-27,2011-07-10
887,150975167,H,2011-05-28,,50,Offline,4,5762,629671.36,206510.08,423161.28,2011-05-28,2011-05-28,2011-07-11,59f456195ff23bf7f9e2d4f3325e3cbc,2011-05-28,2011-05-28,2011-07-11
888,974069583,M,2011-05-28,,7,Online,4,7690,840363.2,275609.6,564753.6,2011-05-28,2011-05-28,2011-07-12,3e7603946a2f04678c4951b7401dd66c,2011-05-28,2011-05-28,2011-07-12
889,606032741,M,2011-05-29,,83,Online,7,7410,1524237,867785.1,656451.9,2011-05-29,2011-05-29,2011-06-15,228dca32ae656acdbd8f42f30c2d8237,2011-05-29,2011-05-29,2011-06-15
890,171677529,M,2011-05-29,,29,Online,4,2051,224133.28,73507.84,150625.44,2011-05-29,2011-05-29,2011-07-05,ef6a7a13e6b28767e69cb309be4fa17b,2011-05-29,2011-05-29,2011-07-05
891,389878451,L,2011-05-29,,102,Online,1,2553,23819.49,17666.76,6152.73,2011-05-29,2011-05-29,2011-07-07,5c03c6ba2443a8f5b20384ea29527b33,2011-05-29,2011-05-29,2011-07-07
892,296363770,C,2011-05-29,,39,Offline,9,9480,3999517.2,3457261.2,542256,2011-05-29,2011-05-29,2011-07-13,7c1f2c4477f9229279669c70bad4d505,2011-05-29,2011-05-29,2011-07-13
893,570413863,L,2011-05-30,,47,Offline,5,6993,1066991.94,681397.92,385594.02,2011-05-30,2011-05-30,2011-06-28,53f0e1424b6edef9c0b051434c64be0f,2011-05-30,2011-05-30,2011-06-28
894,171441495,H,2011-05-30,,14,Online,8,2203,562381.84,351202.26,211179.58,2011-05-30,2011-05-30,2011-07-06,b87fe6defeec0adb5c35f2735f35579e,2011-05-30,2011-05-30,2011-07-06
895,231383931,C,2011-05-31,,142,Offline,10,502,219474.4,132191.66,87282.74,2011-05-31,2011-05-31,2011-06-16,4b11a377b1a2d99e3100db709a2ce620,2011-05-31,2011-05-31,2011-06-16
896,977572762,M,2011-05-31,,151,Online,10,4359,1905754.8,1147855.47,757899.33,2011-05-31,2011-05-31,2011-06-17,4b34b54ba8f8ac6876513de312015244,2011-05-31,2011-05-31,2011-06-17
897,285186469,C,2011-06-02,,22,Online,6,1869,287938.14,169948.17,117989.97,2011-06-02,2011-06-02,2011-06-25,8b021e473f43b616afc33254f4bc6f50,2011-06-02,2011-06-02,2011-06-25
898,118859469,L,2011-06-02,,185,Offline,5,2013,307143.54,196146.72,110996.82,2011-06-02,2011-06-02,2011-07-01,90ca3fbad73373a04f70c850fe3dbf79,2011-06-02,2011-06-02,2011-07-01
899,819314277,H,2011-06-02,,120,Online,4,2156,235607.68,77271.04,158336.64,2011-06-02,2011-06-02,2011-07-17,bf357dcfefc76928054a599e769f8c1b,2011-06-02,2011-06-02,2011-07-17
900,162192809,H,2011-06-03,,57,Online,10,5311,2321969.2,1398545.63,923423.57,2011-06-03,2011-06-03,2011-06-17,bfe97f4271ebc8bf135943f805c1acf0,2011-06-03,2011-06-03,2011-06-17
901,526018369,M,2011-06-03,,33,Online,10,9379,4100498.8,2469772.07,1630726.73,2011-06-03,2011-06-03,2011-06-21,d55fc4aac7d35a64975c595cfaeaba18,2011-06-03,2011-06-03,2011-06-21
902,305416762,L,2011-06-04,,129,Online,2,8462,401521.9,269006.98,132514.92,2011-06-04,2011-06-04,2011-06-20,19ce4ffa4345586ff285437fe5052fa7,2011-06-04,2011-06-04,2011-06-20
903,432031619,H,2011-06-05,,11,Online,2,6612,313739.4,210195.48,103543.92,2011-06-05,2011-06-05,2011-06-29,e3d8148d26b4f7a853256c228b9d348a,2011-06-05,2011-06-05,2011-06-29
904,196985566,L,2011-06-06,,7,Offline,2,1261,59834.45,40087.19,19747.26,2011-06-06,2011-06-06,2011-07-03,b484f231330df85c373af339241f4793,2011-06-06,2011-06-06,2011-07-03
905,192892301,M,2011-06-06,,70,Offline,3,9973,815093.29,565169.91,249923.38,2011-06-06,2011-06-06,2011-07-04,b6d28ff969ccec6378bd4a38e0fd92fe,2011-06-06,2011-06-06,2011-07-04
906,240672957,H,2011-06-06,,7,Online,6,9331,1437533.86,848467.83,589066.03,2011-06-06,2011-06-06,2011-07-14,697b76dd1b8194b8188d028065deb84b,2011-06-06,2011-06-06,2011-07-14
907,610520398,L,2011-06-06,,143,Online,5,5408,825152.64,526955.52,298197.12,2011-06-06,2011-06-06,2011-07-15,3cbe6f7d9b88a0e6dd4badb09816e11a,2011-06-06,2011-06-06,2011-07-15
908,980603873,H,2011-06-06,,19,Offline,7,1332,273992.4,155990.52,118001.88,2011-06-06,2011-06-06,2011-07-17,6c44ad88284a155970079c98e091d2f5,2011-06-06,2011-06-06,2011-07-17
909,756145036,L,2011-06-06,,135,Online,6,8974,1382534.44,816005.82,566528.62,2011-06-06,2011-06-06,2011-07-17,43ef5827365b0bd2d645c184a137beea,2011-06-06,2011-06-06,2011-07-17
910,967733991,M,2011-06-08,,158,Offline,11,2848,1854646.08,1495086.08,359560,2011-06-08,2011-06-08,2011-06-28,9cbd3a71c42c480c4bc0ec20991d121f,2011-06-08,2011-06-08,2011-06-28
911,601861798,L,2011-06-08,,161,Offline,5,3136,478490.88,305571.84,172919.04,2011-06-08,2011-06-08,2011-07-20,c17963c4cc5057955c6745919b780286,2011-06-08,2011-06-08,2011-07-20
912,547587192,M,2011-06-09,,185,Online,7,2073,426416.1,242769.03,183647.07,2011-06-09,2011-06-09,2011-07-14,9b651ac97e64b83437a0a0d615925741,2011-06-09,2011-06-09,2011-07-14
913,154872739,H,2011-06-09,,48,Online,3,9140,747012.2,517963.8,229048.4,2011-06-09,2011-06-09,2011-07-20,1536ce99141893494c1fd86fc11faa84,2011-06-09,2011-06-09,2011-07-20
914,755318915,H,2011-06-10,,23,Online,4,4507,492524.96,161530.88,330994.08,2011-06-10,2011-06-10,2011-06-25,a9ad39f55c8c651bc5a7aad8a0185c02,2011-06-10,2011-06-10,2011-06-25
915,580569350,M,2011-06-10,,138,Offline,2,2227,105671.15,70796.33,34874.82,2011-06-10,2011-06-10,2011-07-03,2ac3f68fe2a04b368b11ce263c41d7a6,2011-06-10,2011-06-10,2011-07-03
916,765552079,M,2011-06-10,,91,Offline,5,2727,416085.66,265718.88,150366.78,2011-06-10,2011-06-10,2011-07-17,9b4eb1fd2770b9d2c405b0b7655268ed,2011-06-10,2011-06-10,2011-07-17
917,520390880,M,2011-06-10,,172,Offline,7,4080,839256,477808.8,361447.2,2011-06-10,2011-06-10,2011-07-24,66c2daece655644d2b9e6ba19692eb3b,2011-06-10,2011-06-10,2011-07-24
918,647005736,L,2011-06-11,,85,Online,7,2230,458711,261155.3,197555.7,2011-06-11,2011-06-11,2011-06-12,0eceab1603fe8f2d6c073b550c8350f9,2011-06-11,2011-06-11,2011-06-12
919,908658015,H,2011-06-12,,158,Online,1,954,8900.82,6601.68,2299.14,2011-06-12,2011-06-12,2011-06-25,f089550734ce0b387270a73702af4ec9,2011-06-12,2011-06-12,2011-06-25
920,827541148,L,2011-06-12,,17,Offline,3,6670,545139.1,377988.9,167150.2,2011-06-12,2011-06-12,2011-07-23,2eff94ed99a3d5720ef64096f55df32c,2011-06-12,2011-06-12,2011-07-23
921,365989625,C,2011-06-13,,176,Online,1,3318,30956.94,22960.56,7996.38,2011-06-13,2011-06-13,2011-07-02,a79dce7d74820808c5341cc135d398e2,2011-06-13,2011-06-13,2011-07-02
922,438683927,L,2011-06-13,,26,Online,3,5177,423116.21,293380.59,129735.62,2011-06-13,2011-06-13,2011-07-29,53973933dac9f88dede7bf26195ebd37,2011-06-13,2011-06-13,2011-07-29
923,775077140,L,2011-06-15,,149,Offline,5,1404,214222.32,136805.76,77416.56,2011-06-15,2011-06-15,2011-06-22,cd7bf1aa6ee111e112d23f26b8df2993,2011-06-15,2011-06-15,2011-06-22
924,361424291,H,2011-06-15,,6,Online,9,2334,984691.26,851186.46,133504.8,2011-06-15,2011-06-15,2011-07-05,bcf4477b63243a9031c7456ad6542845,2011-06-15,2011-06-15,2011-07-05
925,367328155,L,2011-06-16,,147,Online,12,9419,6294435.13,4733424.26,1561010.87,2011-06-16,2011-06-16,2011-07-30,3391a7dc63c0df5eb263cdf85be19e41,2011-06-16,2011-06-16,2011-07-30
926,244570529,M,2011-06-17,,31,Offline,10,2709,1184374.8,713360.97,471013.83,2011-06-17,2011-06-17,2011-07-21,e8dbf8941e2fd8ddaaa976f9f53dee51,2011-06-17,2011-06-17,2011-07-21
927,358669555,C,2011-06-18,,44,Online,12,7147,4776125.69,3591653.38,1184472.31,2011-06-18,2011-06-18,2011-08-03,029a5cd7cc9d7f418a07fa0c540d4ce5,2011-06-18,2011-06-18,2011-08-03
928,682310903,L,2011-06-21,,129,Offline,3,9813,802016.49,556102.71,245913.78,2011-06-21,2011-06-21,2011-07-03,b0ba0117f4c32e2299649f9a4f49338e,2011-06-21,2011-06-21,2011-07-03
929,426562488,C,2011-06-21,,1,Offline,9,8174,3448528.86,2980976.06,467552.8,2011-06-21,2011-06-21,2011-07-14,160cd0308e396ef49c394cb1c7278803,2011-06-21,2011-06-21,2011-07-14
930,703131282,L,2011-06-21,,146,Online,8,1026,261917.28,163564.92,98352.36,2011-06-21,2011-06-21,2011-07-22,4096e99000fa2f1b937c8d1ec82d4d5f,2011-06-21,2011-06-21,2011-07-22
931,486504924,L,2011-06-23,,7,Offline,12,6473,4325711.71,3252941.42,1072770.29,2011-06-23,2011-06-23,2011-06-25,20cbd6e48e18376f4cf57ba9fa4983fc,2011-06-23,2011-06-23,2011-06-25
932,546565377,C,2011-06-24,,120,Offline,7,9696,1994467.2,1135498.56,858968.64,2011-06-24,2011-06-24,2011-07-01,4775d52d6fa4ad7ee311109bd53b91bc,2011-06-24,2011-06-24,2011-07-01
933,656689155,C,2011-06-24,,37,Offline,12,7769,5191789.63,3904233.26,1287556.37,2011-06-24,2011-06-24,2011-08-09,b8129f7ec94cd25873190415883f6cd2,2011-06-24,2011-06-24,2011-08-09
934,392518174,M,2011-06-25,,30,Offline,6,3705,570792.3,336895.65,233896.65,2011-06-25,2011-06-25,2011-07-03,7cd65c4f16aef2b0b6b94bb9722de698,2011-06-25,2011-06-25,2011-07-03
935,523580348,C,2011-06-25,,30,Online,4,7915,864951.2,283673.6,581277.6,2011-06-25,2011-06-25,2011-08-04,054280be2d6b5805639be08e389e04c6,2011-06-25,2011-06-25,2011-08-04
936,797984492,M,2011-06-25,,16,Offline,10,199,87002.8,52402.67,34600.13,2011-06-25,2011-06-25,2011-08-13,20a916120b2372bf1b35d41184c77fec,2011-06-25,2011-06-25,2011-08-13
937,866349494,C,2011-06-26,,64,Online,9,922,388982.58,336244.18,52738.4,2011-06-26,2011-06-26,2011-07-22,0b5db4cc79821fc7df4c6faf44fcbe34,2011-06-26,2011-06-26,2011-07-22
938,446438729,C,2011-06-26,,98,Online,8,9996,2551778.88,1593562.32,958216.56,2011-06-26,2011-06-26,2011-08-06,0e39470dc09e358e1a3f9c082e22c135,2011-06-26,2011-06-26,2011-08-06
939,728793370,L,2011-06-27,,163,Offline,10,5009,2189934.8,1319019.97,870914.83,2011-06-27,2011-06-27,2011-08-12,5f72371406ef27ca8fe169592c7ea878,2011-06-27,2011-06-27,2011-08-12
940,524918878,C,2011-06-28,,99,Online,7,4016,826091.2,470313.76,355777.44,2011-06-28,2011-06-28,2011-07-12,c56b89f762de1218ac583cff5ef79ea9,2011-06-28,2011-06-28,2011-07-12
941,369179093,M,2011-06-28,,109,Offline,5,7153,1091404.74,696988.32,394416.42,2011-06-28,2011-06-28,2011-07-14,8020e5558aaaa484b3b447cbbd973714,2011-06-28,2011-06-28,2011-07-14
942,813885486,C,2011-06-28,,162,Online,4,5656,618087.68,202711.04,415376.64,2011-06-28,2011-06-28,2011-08-10,acee56f3e9e1ffa5ab3813579a972731,2011-06-28,2011-06-28,2011-08-10
943,944711625,H,2011-06-29,,178,Offline,6,18,2773.08,1636.74,1136.34,2011-06-29,2011-06-29,2011-07-23,e528a0b0e11bf977d467bfcd7f2a4e56,2011-06-29,2011-06-29,2011-07-23
944,196122109,H,2011-06-30,,117,Online,3,5745,469538.85,325569.15,143969.7,2011-06-30,2011-06-30,2011-07-23,80b8c55dff346deeed7280265c8f3400,2011-06-30,2011-06-30,2011-07-23
945,368589007,M,2011-06-30,,128,Online,8,2533,646624.24,403810.86,242813.38,2011-06-30,2011-06-30,2011-08-10,490bc257e00870686f743238cdf9adca,2011-06-30,2011-06-30,2011-08-10
946,624101388,C,2011-07-01,,19,Offline,6,4324,666155.44,393181.32,272974.12,2011-07-01,2011-07-01,2011-07-31,6fcaa45b22a68e42ef5d3487f19597a5,2011-07-01,2011-07-01,2011-07-31
947,389291369,L,2011-07-01,,183,Offline,8,8822,2252080.16,1406403.24,845676.92,2011-07-01,2011-07-01,2011-08-04,cd439edca2c849c953093e58c416f61c,2011-07-01,2011-07-01,2011-08-04
948,539009273,C,2011-07-01,,21,Online,4,3677,401822.56,131783.68,270038.88,2011-07-01,2011-07-01,2011-08-04,22edd5dbabe62c8fb2aafc574c31e672,2011-07-01,2011-07-01,2011-08-04
949,437072026,M,2011-07-01,,111,Online,4,8180,893910.4,293171.2,600739.2,2011-07-01,2011-07-01,2011-08-13,7a2bb211cc92e145dd7508c3d330a4ad,2011-07-01,2011-07-01,2011-08-13
950,636381185,L,2011-07-02,,154,Online,7,8189,1684477.3,959013.79,725463.51,2011-07-02,2011-07-02,2011-07-28,e2364c284d1b2889036c3b88c1a41cb8,2011-07-02,2011-07-02,2011-07-28
951,185180842,M,2011-07-03,,103,Offline,1,7981,74462.73,55228.52,19234.21,2011-07-03,2011-07-03,2011-07-04,1d3bb27716e415cc4666688c40236cb9,2011-07-03,2011-07-03,2011-07-04
952,557192933,H,2011-07-03,,113,Online,4,4626,505529.28,165795.84,339733.44,2011-07-03,2011-07-03,2011-07-05,61bd3d6c2665ebf4b8357fce867eb60f,2011-07-03,2011-07-03,2011-07-05
953,257757127,L,2011-07-04,,133,Online,1,4917,45875.61,34025.64,11849.97,2011-07-04,2011-07-04,2011-07-06,a4a60ce5f0d5c1a724e1128273639807,2011-07-04,2011-07-04,2011-07-06
954,540347802,C,2011-07-04,,12,Offline,10,9777,4274504.4,2574577.41,1699926.99,2011-07-04,2011-07-04,2011-07-11,b85e8302102e026461ca47b9965e67be,2011-07-04,2011-07-04,2011-07-11
955,850016772,H,2011-07-04,,20,Offline,5,7707,1175934.06,750970.08,424963.98,2011-07-04,2011-07-04,2011-08-03,bd4f8a0d3436a46ba01e29bb1fa2cf95,2011-07-04,2011-07-04,2011-08-03
956,128741586,C,2011-07-04,,121,Offline,9,6351,2679423.39,2316146.19,363277.2,2011-07-04,2011-07-04,2011-08-18,6dc68862704477041607505c2d304382,2011-07-04,2011-07-04,2011-08-18
957,735445678,H,2011-07-05,,172,Offline,2,3574,169586.3,113617.46,55968.84,2011-07-05,2011-07-05,2011-07-22,defee37e9c42753863af3a5624b6fb62,2011-07-05,2011-07-05,2011-07-22
958,789484250,M,2011-07-05,,84,Online,5,4789,730705.62,466640.16,264065.46,2011-07-05,2011-07-05,2011-07-30,f4296448d8b43a224c6813d12032cf8f,2011-07-05,2011-07-05,2011-07-30
959,188920056,C,2011-07-05,,166,Online,6,4498,692961.88,409003.14,283958.74,2011-07-05,2011-07-05,2011-07-30,290efb6733945fbf4fd00a946c73353c,2011-07-05,2011-07-05,2011-07-30
960,392676532,H,2011-07-05,,43,Offline,7,567,116631.9,66401.37,50230.53,2011-07-05,2011-07-05,2011-08-06,7f823f536d3a83ef3ec9c11c6ccfd10a,2011-07-05,2011-07-05,2011-08-06
961,427941358,C,2011-07-05,,135,Online,1,6212,57957.96,42987.04,14970.92,2011-07-05,2011-07-05,2011-08-20,6d1f987f1b1b2d298971ad9a45a281b1,2011-07-05,2011-07-05,2011-08-20
962,219737565,L,2011-07-07,,121,Offline,10,4083,1785087.6,1075176.39,709911.21,2011-07-07,2011-07-07,2011-07-21,d007b6882c68c78315f13c5ee6a360cf,2011-07-07,2011-07-07,2011-07-21
963,662397325,L,2011-07-07,,173,Offline,11,6943,4521351.03,3644797.28,876553.75,2011-07-07,2011-07-07,2011-07-23,a56e07c11ea67d589c4e383da46a566b,2011-07-07,2011-07-07,2011-07-23
964,909487140,L,2011-07-08,,176,Online,9,6310,2662125.9,2301193.9,360932,2011-07-08,2011-07-08,2011-07-17,20a42deda321b7609966cc3d6c583168,2011-07-08,2011-07-08,2011-07-17
965,886620128,C,2011-07-08,,23,Offline,11,9453,6155888.13,4962446.88,1193441.25,2011-07-08,2011-07-08,2011-07-25,bfcce4e2cf3def24cacbfb60b0e97c1d,2011-07-08,2011-07-08,2011-07-25
966,552037513,M,2011-07-08,,84,Online,7,9022,1855825.4,1056566.42,799258.98,2011-07-08,2011-07-08,2011-08-05,db79b685b4ab18eb10c48c9e840453a8,2011-07-08,2011-07-08,2011-08-05
967,996861922,L,2011-07-08,,176,Online,6,2450,377447,222778.5,154668.5,2011-07-08,2011-07-08,2011-08-07,bf4a840a6d1cccbb2152856c1b7416f7,2011-07-08,2011-07-08,2011-08-07
968,605722033,L,2011-07-10,,17,Online,8,5465,1395105.2,871230.3,523874.9,2011-07-10,2011-07-10,2011-07-20,4a331e8e78d0a897f39e7fbaee2d7c2a,2011-07-10,2011-07-10,2011-07-20
969,803102576,C,2011-07-10,,80,Offline,7,4754,977897.8,556740.94,421156.86,2011-07-10,2011-07-10,2011-08-24,b4948331011f84e9cc86df076edf81a5,2011-07-10,2011-07-10,2011-08-24
970,827780187,C,2011-07-11,,17,Offline,8,7407,1890858.96,1180823.94,710035.02,2011-07-11,2011-07-11,2011-07-22,21ce970001e4503121e9ebf7bb434aee,2011-07-11,2011-07-11,2011-07-22
971,372722613,L,2011-07-11,,57,Offline,3,5759,470683.07,326362.53,144320.54,2011-07-11,2011-07-11,2011-08-18,97199f5cb08437d95f934520d31b8bca,2011-07-11,2011-07-11,2011-08-18
972,867138278,C,2011-07-12,,147,Offline,11,4341,2826902.61,2278851.36,548051.25,2011-07-12,2011-07-12,2011-08-04,c709a5157ae071c55e7ef7ea029b5640,2011-07-12,2011-07-12,2011-08-04
973,403304088,M,2011-07-13,,8,Online,12,5497,3673480.19,2762462.38,911017.81,2011-07-13,2011-07-13,2011-08-09,bf61016ca1c0934b56ecea32734904d0,2011-07-13,2011-07-13,2011-08-09
974,956205642,C,2011-07-13,,182,Offline,5,1353,206440.74,131836.32,74604.42,2011-07-13,2011-07-13,2011-08-25,75d66c74c9c8e9afd54ac28524fff875,2011-07-13,2011-07-13,2011-08-25
975,499101436,C,2011-07-13,,33,Offline,5,4061,619627.38,395703.84,223923.54,2011-07-13,2011-07-13,2011-08-28,e216110efb0ad015745b2ef3738d99c2,2011-07-13,2011-07-13,2011-08-28
976,954040992,L,2011-07-14,,32,Offline,5,785,119775.3,76490.4,43284.9,2011-07-14,2011-07-14,2011-08-27,88d533bc6c4d99abddb5577a9657f791,2011-07-14,2011-07-14,2011-08-27
977,851867711,C,2011-07-15,,107,Online,7,5441,1119213.7,637195.51,482018.19,2011-07-15,2011-07-15,2011-07-17,56bc67c4800ab1e240fccff46d3812b9,2011-07-15,2011-07-15,2011-07-17
978,280192410,H,2011-07-16,,118,Online,7,4016,826091.2,470313.76,355777.44,2011-07-16,2011-07-16,2011-08-28,04968be076e62c6288c0ae3ddac87547,2011-07-16,2011-07-16,2011-08-28
979,633312737,L,2011-07-17,,147,Offline,9,167,70455.63,60903.23,9552.4,2011-07-17,2011-07-17,2011-08-11,3260a3b220583d752fc52b84954800fd,2011-07-17,2011-07-17,2011-08-11
980,999066913,C,2011-07-17,,120,Offline,12,4956,3311946.12,2490588.24,821357.88,2011-07-17,2011-07-17,2011-08-14,2ee25467b5cb88ecb8a5c9ed16a9edf3,2011-07-17,2011-07-17,2011-08-14
981,612610375,M,2011-07-17,,59,Offline,11,3878,2525392.38,2035794.88,489597.5,2011-07-17,2011-07-17,2011-08-18,42bf1a580751400b09ce607698cc5c2c,2011-07-17,2011-07-17,2011-08-18
982,861982858,M,2011-07-17,,108,Offline,5,8738,1333244.04,851430.72,481813.32,2011-07-17,2011-07-17,2011-09-04,614da806a5b65a35321c20de3b2e08b0,2011-07-17,2011-07-17,2011-09-04
983,711792886,L,2011-07-19,,29,Online,3,4187,342203.51,237277.29,104926.22,2011-07-19,2011-07-19,2011-09-06,fb683b9b6f40b1c30beec088832408f1,2011-07-19,2011-07-19,2011-09-06
984,821916663,L,2011-07-20,,108,Online,10,2260,988072,595125.8,392946.2,2011-07-20,2011-07-20,2011-08-26,c332fc7172b5cdd98eba4012655a3ceb,2011-07-20,2011-07-20,2011-08-26
985,146375501,H,2011-07-20,,120,Offline,2,4618,219124.1,146806.22,72317.88,2011-07-20,2011-07-20,2011-08-26,589e9512d205c56848355e6b31bf8d53,2011-07-20,2011-07-20,2011-08-26
986,597103774,H,2011-07-21,,55,Online,6,5131,790481.86,466561.83,323920.03,2011-07-21,2011-07-21,2011-08-01,af3f1c1ca6c577350bb244f8931d4ae7,2011-07-21,2011-07-21,2011-08-01
987,139763534,C,2011-07-21,,77,Offline,3,7990,653022.7,452793.3,200229.4,2011-07-21,2011-07-21,2011-08-03,14983455e1e11d9d58e760bfba66e31f,2011-07-21,2011-07-21,2011-08-03
988,359893071,H,2011-07-22,,23,Online,6,9212,1419200.72,837647.16,581553.56,2011-07-22,2011-07-22,2011-08-06,1ea94c186c96d0b564e482d251df4070,2011-07-22,2011-07-22,2011-08-06
989,459783685,H,2011-07-22,,35,Offline,4,9065,990623.2,324889.6,665733.6,2011-07-22,2011-07-22,2011-08-23,57e19cd09382a2ebf836686e03bc47df,2011-07-22,2011-07-22,2011-08-23
990,216551101,H,2011-07-22,,112,Online,10,1138,497533.6,299669.54,197864.06,2011-07-22,2011-07-22,2011-08-29,e3b6d25d0fda800f7875c34032c544f1,2011-07-22,2011-07-22,2011-08-29
991,393111264,M,2011-07-23,,168,Online,5,9214,1405872.12,897812.16,508059.96,2011-07-23,2011-07-23,2011-07-26,49a635871e6b4ab3ac40bbafc0692761,2011-07-23,2011-07-23,2011-07-26
992,638272464,M,2011-07-23,,106,Online,12,7861,5253270.47,3950466.94,1302803.53,2011-07-23,2011-07-23,2011-09-09,e4500ce08233ab24e927db3c176b93c4,2011-07-23,2011-07-23,2011-09-09
993,313923013,C,2011-07-24,,73,Online,9,5650,2383678.5,2060498.5,323180,2011-07-24,2011-07-24,2011-08-23,4941ed1bbd5dcd6768a3fc1835dbebbf,2011-07-24,2011-07-24,2011-08-23
994,825065791,C,2011-07-24,,139,Offline,9,4157,1753796.73,1516016.33,237780.4,2011-07-24,2011-07-24,2011-08-28,5010dea2cca31442115fd69ef40c5087,2011-07-24,2011-07-24,2011-08-28
995,259766423,H,2011-07-24,,113,Offline,10,9512,4158646.4,2504794.96,1653851.44,2011-07-24,2011-07-24,2011-09-11,c0d732fbe0a52c171fc63e2f7ce20cfc,2011-07-24,2011-07-24,2011-09-11
996,918462455,H,2011-07-25,,29,Online,2,2305,109372.25,73275.95,36096.3,2011-07-25,2011-07-25,2011-07-28,84bfed15b4f7b02f288a1e47fb539a61,2011-07-25,2011-07-25,2011-07-28
997,926767003,H,2011-07-25,,46,Offline,4,9806,1071599.68,351447.04,720152.64,2011-07-25,2011-07-25,2011-08-20,813eda47693f47a0ecd27c822397944e,2011-07-25,2011-07-25,2011-08-20
998,234262692,C,2011-07-27,,76,Offline,12,2391,1597833.57,1201573.14,396260.43,2011-07-27,2011-07-27,2011-08-02,6e2804bf0ccdd7e0544c331c9cbdefa6,2011-07-27,2011-07-27,2011-08-02
999,221628844,M,2011-07-28,,153,Offline,4,3755,410346.4,134579.2,275767.2,2011-07-28,2011-07-28,2011-09-01,559572647d424bc78fc37aa5003d9e9a,2011-07-28,2011-07-28,2011-09-01
1000,396024358,L,2011-07-29,,31,Offline,11,1263,822478.23,663024.48,159453.75,2011-07-29,2011-07-29,2011-07-30,b3e18a4ad3c2d4d71738dc0fc7885489,2011-07-29,2011-07-29,2011-07-30
1001,857457864,C,2011-07-29,,101,Online,11,9691,6310876.11,5087387.36,1223488.75,2011-07-29,2011-07-29,2011-09-16,7d80bcea59dfb3b1e06c61a10d591d07,2011-07-29,2011-07-29,2011-09-16
1002,823885619,C,2011-07-30,,8,Offline,4,4918,537439.04,176261.12,361177.92,2011-07-30,2011-07-30,2011-09-02,1ef25105e29b7f8eced9fa901fec6df5,2011-07-30,2011-07-30,2011-09-02
1003,794524657,L,2011-07-31,,157,Online,4,6357,694692.96,227834.88,466858.08,2011-07-31,2011-07-31,2011-09-13,f40e460aac6a1f97c1664ba021cf8aeb,2011-07-31,2011-07-31,2011-09-13
1004,995998466,H,2011-08-01,,53,Online,7,6934,1426323.8,812040.74,614283.06,2011-08-01,2011-08-01,2011-08-27,b38ea1ba391a0dc3239eb3294a3cd4dc,2011-08-01,2011-08-01,2011-08-27
1005,361862027,M,2011-08-02,,27,Offline,2,1870,88731.5,59447.3,29284.2,2011-08-02,2011-08-02,2011-08-14,a43b44210bd86f96b6a6e23817915a78,2011-08-02,2011-08-02,2011-08-14
1006,251738250,L,2011-08-02,,97,Offline,6,3797,584965.82,345261.21,239704.61,2011-08-02,2011-08-02,2011-08-26,40a4d776ce000e3c52e1774af893a158,2011-08-02,2011-08-02,2011-08-26
1007,342852246,C,2011-08-03,,162,Offline,6,6453,994149.18,586771.29,407377.89,2011-08-03,2011-08-03,2011-08-22,b2e3c2000f284b9ee014ec8bc356270a,2011-08-03,2011-08-03,2011-08-22
1008,216001355,H,2011-08-04,,119,Online,12,8456,5650891.12,4249478.24,1401412.88,2011-08-04,2011-08-04,2011-08-15,bb084dbf6018a8d4042784ea2591c550,2011-08-04,2011-08-04,2011-08-15
1009,292788922,M,2011-08-04,,184,Online,6,1603,246958.18,145760.79,101197.39,2011-08-04,2011-08-04,2011-09-08,ba20417fa7404cedc25f7ba2d7497b52,2011-08-04,2011-08-04,2011-09-08
1010,170031297,C,2011-08-05,,103,Online,5,4894,746726.52,476871.36,269855.16,2011-08-05,2011-08-05,2011-08-31,1e3f950c7eaba1324b7cd591ba7885a5,2011-08-05,2011-08-05,2011-08-31
1011,828963363,H,2011-08-05,,52,Online,6,7535,1160842.1,685157.55,475684.55,2011-08-05,2011-08-05,2011-09-06,8b883881d03956047664a4318e29e8f0,2011-08-05,2011-08-05,2011-09-06
1012,681056058,M,2011-08-06,,8,Offline,9,8477,3576361.53,3091477.13,484884.4,2011-08-06,2011-08-06,2011-08-11,8dffbee642473f3ceb221c28305c78a4,2011-08-06,2011-08-06,2011-08-11
1013,454550588,C,2011-08-06,,172,Online,7,475,97707.5,55627.25,42080.25,2011-08-06,2011-08-06,2011-09-06,d92ed21ac48c1d70628e0b69e915ce8d,2011-08-06,2011-08-06,2011-09-06
1014,585494744,C,2011-08-06,,29,Offline,7,9761,2007837.7,1143110.71,864726.99,2011-08-06,2011-08-06,2011-09-13,7cd319edd3f43c453346cbcef58244db,2011-08-06,2011-08-06,2011-09-13
1015,263427960,H,2011-08-06,,94,Offline,1,3042,28381.86,21050.64,7331.22,2011-08-06,2011-08-06,2011-09-20,fa8efcf474737a8aa919e0c7c2138e8a,2011-08-06,2011-08-06,2011-09-20
1016,552276551,L,2011-08-06,,84,Offline,9,9759,4117224.51,3559009.71,558214.8,2011-08-06,2011-08-06,2011-09-24,b7960ff2b93cf91ea53e468d0b46dcfd,2011-08-06,2011-08-06,2011-09-24
1017,593681275,M,2011-08-07,,110,Online,3,2337,191003.01,132437.79,58565.22,2011-08-07,2011-08-07,2011-09-11,a62409d3bc30c0cbe12cc327bb5a8d10,2011-08-07,2011-08-07,2011-09-11
1018,192190206,C,2011-08-08,,157,Online,12,2208,1475540.16,1109608.32,365931.84,2011-08-08,2011-08-08,2011-08-26,20484e8103d7691f0c8ad8d82e806c7d,2011-08-08,2011-08-08,2011-08-26
1019,986159694,H,2011-08-08,,44,Offline,6,5423,835467.38,493113.39,342353.99,2011-08-08,2011-08-08,2011-09-06,303491a09d1a37fb8e60949c98bfe7c3,2011-08-08,2011-08-08,2011-09-06
1020,125753819,M,2011-08-08,,102,Offline,3,2205,180214.65,124957.35,55257.3,2011-08-08,2011-08-08,2011-09-18,e4a5f9c9ba8aa61561fe72842086487f,2011-08-08,2011-08-08,2011-09-18
1021,387406098,C,2011-08-09,,154,Online,4,928,101411.84,33259.52,68152.32,2011-08-09,2011-08-09,2011-08-11,bb06d39f4f7da55e77edccb2a4b8055a,2011-08-09,2011-08-09,2011-08-11
1022,873871266,C,2011-08-09,,60,Offline,5,6782,1034797.56,660838.08,373959.48,2011-08-09,2011-08-09,2011-09-19,559467bea63db11c0aeda746f8538b2f,2011-08-09,2011-08-09,2011-09-19
1023,819478642,C,2011-08-10,,20,Online,4,796,86986.88,28528.64,58458.24,2011-08-10,2011-08-10,2011-08-18,8092be70a355d2e0ac21e13066cdca5f,2011-08-10,2011-08-10,2011-08-18
1024,407990443,L,2011-08-10,,107,Offline,11,2293,1493224.53,1203733.28,289491.25,2011-08-10,2011-08-10,2011-08-31,a09801a537a6c84bfecb19796d4d8470,2011-08-10,2011-08-10,2011-08-31
1025,541099250,L,2011-08-10,,85,Online,11,2147,1398147.87,1127089.12,271058.75,2011-08-10,2011-08-10,2011-09-06,fd7fd8c56b0ea4ea2aee32d0fccc6128,2011-08-10,2011-08-10,2011-09-06
1026,538698565,H,2011-08-11,,159,Offline,12,1731,1156775.37,869896.74,286878.63,2011-08-11,2011-08-11,2011-09-07,54a3b796df7d0f32caa4215d380bbd44,2011-08-11,2011-08-11,2011-09-07
1027,958491313,L,2011-08-12,,89,Offline,5,7734,1180053.72,753600.96,426452.76,2011-08-12,2011-08-12,2011-09-18,435c63acc737bfc538185236709364ea,2011-08-12,2011-08-12,2011-09-18
1028,303534495,H,2011-08-13,,145,Offline,1,1457,13593.81,10082.44,3511.37,2011-08-13,2011-08-13,2011-08-18,3ba0c9bb7a2d38f8cc4fb1d50149ff06,2011-08-13,2011-08-13,2011-08-18
1029,105799901,C,2011-08-14,,89,Online,7,7397,1521562.9,866262.67,655300.23,2011-08-14,2011-08-14,2011-09-29,82c31ed56fcf1d052f9de5ba49c0c4ca,2011-08-14,2011-08-14,2011-09-29
1031,354700314,M,2011-08-17,,111,Offline,8,2560,653516.8,408115.2,245401.6,2011-08-17,2011-08-17,2011-08-29,c13554de2a80d481a00cb0c118d3f72d,2011-08-17,2011-08-17,2011-08-29
1032,448096978,L,2011-08-17,,31,Offline,11,708,461056.68,371671.68,89385,2011-08-17,2011-08-17,2011-09-18,3d0f2eb352d4d481773be5568040f737,2011-08-17,2011-08-17,2011-09-18
1033,917835032,C,2011-08-17,,94,Offline,6,6637,1022496.22,603502.41,418993.81,2011-08-17,2011-08-17,2011-10-06,db19cf46920813517a1265298175f4eb,2011-08-17,2011-08-17,2011-10-06
1034,609976661,C,2011-08-18,,112,Online,3,4504,368111.92,255241.68,112870.24,2011-08-18,2011-08-18,2011-08-20,bae6e3eeb3b186c3f5316999d9d7173a,2011-08-18,2011-08-18,2011-08-20
1035,454236876,M,2011-08-18,,126,Offline,6,7641,1177172.46,694796.13,482376.33,2011-08-18,2011-08-18,2011-08-22,9ff1f7b0e8baa83caa5386ecdc3e1148,2011-08-18,2011-08-18,2011-08-22
1036,578923118,C,2011-08-18,,72,Online,8,5070,1294269.6,808259.4,486010.2,2011-08-18,2011-08-18,2011-08-30,c85d3f9d7dc3f1e8adfb222b91a9fa2e,2011-08-18,2011-08-18,2011-08-30
1037,649334752,C,2011-08-19,,29,Offline,8,1438,367092.64,229245.96,137846.68,2011-08-19,2011-08-19,2011-09-02,8b448729bc9ec665c1e670d095135e80,2011-08-19,2011-08-19,2011-09-02
1038,329196584,H,2011-08-19,,70,Offline,9,5439,2294659.71,1983548.91,311110.8,2011-08-19,2011-08-19,2011-09-09,4d3e6bed992f92d09cb4cff418e03766,2011-08-19,2011-08-19,2011-09-09
1039,586873614,H,2011-08-20,,181,Online,5,7799,1189971.42,759934.56,430036.86,2011-08-20,2011-08-20,2011-08-29,fbaac09655893eeaed726e312379f75b,2011-08-20,2011-08-20,2011-08-29
1040,994150531,L,2011-08-20,,55,Online,9,89,37548.21,32457.41,5090.8,2011-08-20,2011-08-20,2011-09-13,a1141d513894e29a00f8a266b5e69cb6,2011-08-20,2011-08-20,2011-09-13
1041,204392325,H,2011-08-20,,5,Online,11,3086,2009634.06,1620026.56,389607.5,2011-08-20,2011-08-20,2011-09-26,402b2f6ef7e0259579eaf4cc4c41684d,2011-08-20,2011-08-20,2011-09-26
1042,198134410,L,2011-08-20,,131,Online,10,1230,537756,323895.9,213860.1,2011-08-20,2011-08-20,2011-09-29,aa144cb5e5624db1808883e689a4ea37,2011-08-20,2011-08-20,2011-09-29
1043,276850593,L,2011-08-21,,66,Offline,8,5097,1301162.16,812563.74,488598.42,2011-08-21,2011-08-21,2011-09-03,785276764832e52f97bbfb2505aca91c,2011-08-21,2011-08-21,2011-09-03
1044,272639310,C,2011-08-21,,59,Offline,11,8885,5786000.85,4664269.6,1121731.25,2011-08-21,2011-08-21,2011-09-29,ab26633aebbf73d985aeaedad523b0f1,2011-08-21,2011-08-21,2011-09-29
1045,935664641,M,2011-08-21,,9,Online,10,2815,1230718,741273.95,489444.05,2011-08-21,2011-08-21,2011-10-04,49671d59c9cc56baa0a15962cf2e376e,2011-08-21,2011-08-21,2011-10-04
1046,640440118,L,2011-08-22,,105,Online,1,9318,86936.94,64480.56,22456.38,2011-08-22,2011-08-22,2011-09-07,ca2b2684edbe4d5cdba2c2747eb98cb1,2011-08-22,2011-08-22,2011-09-07
1047,470019853,H,2011-08-22,,16,Online,9,8174,3448528.86,2980976.06,467552.8,2011-08-22,2011-08-22,2011-09-14,13b52ca25363186162dc282c4d444162,2011-08-22,2011-08-22,2011-09-14
1048,153974950,L,2011-08-22,,37,Offline,1,3464,32319.12,23970.88,8348.24,2011-08-22,2011-08-22,2011-09-20,880717211289cde3c9270109b337959a,2011-08-22,2011-08-22,2011-09-20
1049,332699763,M,2011-08-22,,8,Offline,2,2108,100024.6,67013.32,33011.28,2011-08-22,2011-08-22,2011-10-05,6d44c1b94f94736664c4117b3ecca110,2011-08-22,2011-08-22,2011-10-05
1050,929052674,H,2011-08-23,,48,Online,4,6187,676115.36,221742.08,454373.28,2011-08-23,2011-08-23,2011-09-12,161f2ec8ac7022768441acdac5cac45e,2011-08-23,2011-08-23,2011-09-12
1051,212106788,H,2011-08-23,,90,Online,11,5967,3885770.07,3132436.32,753333.75,2011-08-23,2011-08-23,2011-09-26,e9b5c2db9c8920f9d6acf67b25430f3a,2011-08-23,2011-08-23,2011-09-26
1053,739740645,L,2011-08-24,,176,Online,5,4551,694391.58,443449.44,250942.14,2011-08-24,2011-08-24,2011-09-01,d971247e6fe07351b82e0fc1878a2113,2011-08-24,2011-08-24,2011-09-01
1054,752138459,C,2011-08-24,,42,Offline,8,3339,852379.92,532303.38,320076.54,2011-08-24,2011-08-24,2011-09-22,70726e7b1cb9d8ad652e8153e0d3125e,2011-08-24,2011-08-24,2011-09-22
1055,648272597,M,2011-08-24,,96,Offline,12,7122,4759418.94,3579089.88,1180329.06,2011-08-24,2011-08-24,2011-10-02,2fbe1cf66eafe806e65796c7db7b3c6c,2011-08-24,2011-08-24,2011-10-02
1056,346672141,L,2011-08-25,,77,Offline,10,6845,2992634,1802493.85,1190140.15,2011-08-25,2011-08-25,2011-10-03,fc5832231424d663cec560834114d892,2011-08-25,2011-08-25,2011-10-03
1057,830618607,L,2011-08-27,,156,Offline,10,7359,3217354.8,1937845.47,1279509.33,2011-08-27,2011-08-27,2011-08-29,3d42eda481e248f4ed95ebe5d16e4113,2011-08-27,2011-08-27,2011-08-29
1058,547909915,H,2011-08-27,,93,Offline,4,7574,827686.72,271452.16,556234.56,2011-08-27,2011-08-27,2011-09-17,492c103af5db99704c245e1091a6447a,2011-08-27,2011-08-27,2011-09-17
1059,919922006,L,2011-08-27,,33,Online,1,4219,39363.27,29195.48,10167.79,2011-08-27,2011-08-27,2011-09-18,08e465c3b8abea1f8c95461727f7561b,2011-08-27,2011-08-27,2011-09-18
1060,281810319,M,2011-08-27,,63,Online,1,2791,26040.03,19313.72,6726.31,2011-08-27,2011-08-27,2011-10-01,ec67d02a2497cf556cae98da67b8edd1,2011-08-27,2011-08-27,2011-10-01
1061,998756206,M,2011-08-28,,149,Online,3,3011,246089.03,170633.37,75455.66,2011-08-28,2011-08-28,2011-09-18,a2614afbf4b02d933a81aeadddbb4cdd,2011-08-28,2011-08-28,2011-09-18
1062,593171870,L,2011-08-29,,85,Online,11,1593,1037377.53,836261.28,201116.25,2011-08-29,2011-08-29,2011-09-04,d65ff286e80cf2ec73c908bd197de690,2011-08-29,2011-08-29,2011-09-04
1063,484976708,L,2011-08-30,,83,Offline,7,4240,872168,496546.4,375621.6,2011-08-30,2011-08-30,2011-09-16,3e6384d717ccc2c26b3c17ccb2960b44,2011-08-30,2011-08-30,2011-09-16
1064,162791907,M,2011-08-30,,153,Offline,2,2598,123275.1,82590.42,40684.68,2011-08-30,2011-08-30,2011-10-19,264ffafecd83ae4fa43b08651f2a818a,2011-08-30,2011-08-30,2011-10-19
1066,709081494,L,2011-09-01,,125,Online,4,1826,199545.28,65443.84,134101.44,2011-09-01,2011-09-01,2011-10-13,4c9a140e8408c56073e9ed284f90f871,2011-09-01,2011-09-01,2011-10-13
1067,114421164,L,2011-09-02,,64,Offline,6,8620,1327997.2,783816.6,544180.6,2011-09-02,2011-09-02,2011-09-17,7c85c378d1065985f25a2b99d2973549,2011-09-02,2011-09-02,2011-09-17
1068,613166129,M,2011-09-02,,18,Offline,10,8338,3645373.6,2195645.54,1449728.06,2011-09-02,2011-09-02,2011-10-21,ab88649f62c85fda0e61ab7a22c9f85a,2011-09-02,2011-09-02,2011-10-21
1069,348995149,C,2011-09-03,,51,Offline,2,4275,202848.75,135902.25,66946.5,2011-09-03,2011-09-03,2011-09-14,9c072625983f79a905afe111f5f02f26,2011-09-03,2011-09-03,2011-09-14
1070,488361871,M,2011-09-03,,39,Offline,7,5985,1231114.5,700903.35,530211.15,2011-09-03,2011-09-03,2011-09-18,bc1cea93ac9665687a21e2ba9f2930ae,2011-09-03,2011-09-03,2011-09-18
1071,515204131,M,2011-09-03,,78,Offline,7,9206,1893674.2,1078114.66,815559.54,2011-09-03,2011-09-03,2011-10-04,b39abcde5766ff8ea48bb1fb9439311b,2011-09-03,2011-09-03,2011-10-04
1072,903707301,L,2011-09-04,,95,Offline,2,5928,281283.6,188451.12,92832.48,2011-09-04,2011-09-04,2011-09-05,0c1268d87af2ca12c657fe0d0db5929c,2011-09-04,2011-09-04,2011-09-05
1073,949205291,L,2011-09-05,,48,Online,1,9794,91378.02,67774.48,23603.54,2011-09-05,2011-09-05,2011-10-11,d04c1f53b5c5623dfc5ebed4b7a6961e,2011-09-05,2011-09-05,2011-10-11
1074,888790786,M,2011-09-06,,39,Offline,12,1799,1202217.73,904069.46,298148.27,2011-09-06,2011-09-06,2011-09-12,4b80c7221eafee320039d3636e7dd2e2,2011-09-06,2011-09-06,2011-09-12
1075,880486238,H,2011-09-06,,51,Online,5,4299,655941.42,418894.56,237046.86,2011-09-06,2011-09-06,2011-10-10,792e294652169e84e3e049fda34e604d,2011-09-06,2011-09-06,2011-10-10
1076,477184569,M,2011-09-06,,22,Online,8,8373,2137459.44,1334823.66,802635.78,2011-09-06,2011-09-06,2011-10-20,b12ddad5f6c1ba153a23927daccec0bb,2011-09-06,2011-09-06,2011-10-20
1077,103007829,M,2011-09-07,,78,Offline,9,1160,489392.4,423040.4,66352,2011-09-07,2011-09-07,2011-10-20,7e384a40eaf967056ac5660130fdd672,2011-09-07,2011-09-07,2011-10-20
1078,628595054,M,2011-09-08,,5,Offline,1,4100,38253,28372,9881,2011-09-08,2011-09-08,2011-10-21,3c989d6315332d0887a6b97e70710e67,2011-09-08,2011-09-08,2011-10-21
1079,470690619,L,2011-09-08,,115,Online,8,6669,1702462.32,1063171.98,639290.34,2011-09-08,2011-09-08,2011-10-24,682c5679d0d048c06502cddc741efc2d,2011-09-08,2011-09-08,2011-10-24
1080,356001508,H,2011-09-09,,40,Online,4,7612,831839.36,272814.08,559025.28,2011-09-09,2011-09-09,2011-09-17,97dd1249543a3f8c7a605a1c11c9d311,2011-09-09,2011-09-09,2011-09-17
1081,782170188,L,2011-09-09,,13,Online,3,395,32283.35,22384.65,9898.7,2011-09-09,2011-09-09,2011-10-21,daea9a6c03721e417e03731ecb07d28b,2011-09-09,2011-09-09,2011-10-21
1082,578295695,L,2011-09-10,,112,Offline,9,9402,3966609.78,3428815.38,537794.4,2011-09-10,2011-09-10,2011-09-19,4dead12ad1fdaa27e9ef489138a41a70,2011-09-10,2011-09-10,2011-09-19
1083,580342328,H,2011-09-10,,11,Offline,7,5046,1037962.2,590937.06,447025.14,2011-09-10,2011-09-10,2011-10-14,e5293f6e452ae1ed243a6266ec8d70c8,2011-09-10,2011-09-10,2011-10-14
1084,804683148,M,2011-09-11,,159,Online,9,2480,1046287.2,904431.2,141856,2011-09-11,2011-09-11,2011-09-19,97eaef3ad13f2d5fbda674a4c60f3554,2011-09-11,2011-09-11,2011-09-19
1085,588528859,L,2011-09-11,,24,Online,3,7623,623027.79,431995.41,191032.38,2011-09-11,2011-09-11,2011-10-12,7051d02443f42720d2ec2411dce05a94,2011-09-11,2011-09-11,2011-10-12
1086,557239282,M,2011-09-11,,25,Offline,6,8341,1285014.46,758447.13,526567.33,2011-09-11,2011-09-11,2011-10-22,6de44834dd6891581c553c232872847e,2011-09-11,2011-09-11,2011-10-22
1087,478405082,L,2011-09-11,,16,Online,7,9550,1964435,1118400.5,846034.5,2011-09-11,2011-09-11,2011-10-24,072e85628cc66186d077de296fc02940,2011-09-11,2011-09-11,2011-10-24
1088,263943374,C,2011-09-12,,111,Offline,12,5565,3718922.55,2796635.1,922287.45,2011-09-12,2011-09-12,2011-09-25,4e02b698284ef2b1269a59fdd78608c4,2011-09-12,2011-09-12,2011-09-25
1089,478051030,C,2011-09-12,,84,Offline,2,4778,226716.1,151892.62,74823.48,2011-09-12,2011-09-12,2011-09-29,eb30483b26db8b06140e77a32a5a7618,2011-09-12,2011-09-12,2011-09-29
1090,501036059,H,2011-09-12,,173,Online,6,6559,1010479.54,596409.87,414069.67,2011-09-12,2011-09-12,2011-10-17,0ebbad6db841ca37c81970b3e71ddee0,2011-09-12,2011-09-12,2011-10-17
1091,273940503,L,2011-09-14,,26,Online,7,3937,809840.9,461062.07,348778.83,2011-09-14,2011-09-14,2011-10-19,703bd4cb61788477b562c0ce4724159d,2011-09-14,2011-09-14,2011-10-19
1092,483954894,M,2011-09-14,,3,Online,7,1863,383219.1,218175.93,165043.17,2011-09-14,2011-09-14,2011-10-24,14f8ec529e89a4b7d0e6303eecb64f45,2011-09-14,2011-09-14,2011-10-24
1093,531735551,H,2011-09-14,,17,Online,4,1221,133430.88,43760.64,89670.24,2011-09-14,2011-09-14,2011-11-02,eca406a5d81a1a6c30dea420393d6034,2011-09-14,2011-09-14,2011-11-02
1095,196798884,L,2011-09-15,,136,Online,6,6018,927133.08,547216.74,379916.34,2011-09-15,2011-09-15,2011-10-21,3047d7eccc97219f8107972a3a02c8ae,2011-09-15,2011-09-15,2011-10-21
1096,604311835,M,2011-09-15,,100,Offline,5,8156,1244442.48,794720.64,449721.84,2011-09-15,2011-09-15,2011-11-04,18a135301876282926f0e499d457f729,2011-09-15,2011-09-15,2011-11-04
1097,549919211,M,2011-09-16,,136,Offline,4,2170,237137.6,77772.8,159364.8,2011-09-16,2011-09-16,2011-10-03,0c45084addeb25d92fdc4239819b0e7f,2011-09-16,2011-09-16,2011-10-03
1098,157204759,M,2011-09-16,,16,Online,10,9236,4037979.2,2432115.88,1605863.32,2011-09-16,2011-09-16,2011-10-09,ac41822e405976bdaa3a25c730311346,2011-09-16,2011-09-16,2011-10-09
1099,759933602,M,2011-09-16,,50,Online,12,95,63485.65,47741.3,15744.35,2011-09-16,2011-09-16,2011-10-09,8aaee9205d10271434764cfd42cb9fd4,2011-09-16,2011-09-16,2011-10-09
1100,344116103,M,2011-09-17,,97,Offline,11,457,297602.97,239906.72,57696.25,2011-09-17,2011-09-17,2011-10-23,0033f196c14b91df4d0ecfed19cf332a,2011-09-17,2011-09-17,2011-10-23
1101,339786803,H,2011-09-17,,79,Offline,11,9321,6069928.41,4893152.16,1176776.25,2011-09-17,2011-09-17,2011-10-25,c327a7b876a52aaa4e4d58a14582e99a,2011-09-17,2011-09-17,2011-10-25
1102,358442533,C,2011-09-18,,128,Online,4,9966,1089084.48,357181.44,731903.04,2011-09-18,2011-09-18,2011-09-24,5b080ef892bac7de7229291acdf91acd,2011-09-18,2011-09-18,2011-09-24
1103,884147775,H,2011-09-18,,118,Online,2,7829,371486.05,248883.91,122602.14,2011-09-18,2011-09-18,2011-10-19,6ebc131e1d109055f03c781f59aabae3,2011-09-18,2011-09-18,2011-10-19
1104,642961823,C,2011-09-19,,7,Offline,8,5546,1415782.88,884143.32,531639.56,2011-09-19,2011-09-19,2011-09-30,f8fbedc0558fd8fb6b513b4d18cd0122,2011-09-19,2011-09-19,2011-09-30
1105,281064879,L,2011-09-20,,29,Offline,6,2199,338777.94,199955.07,138822.87,2011-09-20,2011-09-20,2011-09-26,da4c12a3ae9b8ae495563fa940d1995b,2011-09-20,2011-09-20,2011-09-26
1106,509380948,M,2011-09-22,,169,Offline,3,5997,490134.81,339849.99,150284.82,2011-09-22,2011-09-22,2011-09-27,88c2ec04e67f6f39bf33448feacba707,2011-09-22,2011-09-22,2011-09-27
1107,297319924,C,2011-09-22,,62,Offline,8,2428,619819.84,387071.76,232748.08,2011-09-22,2011-09-22,2011-10-18,aa0e7a0c733803ac41a20b26ade544df,2011-09-22,2011-09-22,2011-10-18
1108,742144334,H,2011-09-22,,72,Online,10,5855,2559806,1541797.15,1018008.85,2011-09-22,2011-09-22,2011-10-20,e2e05aa66b6545fd6a11494da2029973,2011-09-22,2011-09-22,2011-10-20
1109,922561728,M,2011-09-24,,60,Offline,11,5372,3498300.12,2820085.12,678215,2011-09-24,2011-09-24,2011-11-05,9f5678154ae9c4cb08e27aee29051587,2011-09-24,2011-09-24,2011-11-05
1110,317668235,M,2011-09-24,,131,Offline,2,3945,187190.25,125411.55,61778.7,2011-09-24,2011-09-24,2011-11-07,fb61808f37909c342c1626f334011f70,2011-09-24,2011-09-24,2011-11-07
1111,752141463,C,2011-09-24,,126,Offline,3,4228,345554.44,239600.76,105953.68,2011-09-24,2011-09-24,2011-11-12,d59bbf3fcf627349457db096b48985df,2011-09-24,2011-09-24,2011-11-12
1112,492063748,L,2011-09-25,,51,Offline,3,1453,118753.69,82341.51,36412.18,2011-09-25,2011-09-25,2011-10-05,8b2e8477f1405fc1f7c4156e5a32162d,2011-09-25,2011-09-25,2011-10-05
1113,660437381,M,2011-09-25,,132,Offline,4,6952,759714.56,249159.68,510554.88,2011-09-25,2011-09-25,2011-10-24,b2ac0088d768c598f58c3fa725402190,2011-09-25,2011-09-25,2011-10-24
1114,118005025,H,2011-09-25,,12,Online,11,9164,5967688.44,4810733.44,1156955,2011-09-25,2011-09-25,2011-10-30,7b1a4533d893c3d32978dceb3431a37c,2011-09-25,2011-09-25,2011-10-30
1115,685233008,C,2011-09-26,,172,Online,8,4529,1156163.12,722013.18,434149.94,2011-09-26,2011-09-26,2011-10-17,7741f64b6c4f36d5f7e4009ccff034a9,2011-09-26,2011-09-26,2011-10-17
1116,362812173,M,2011-09-27,,82,Offline,7,3039,625122.3,355897.29,269225.01,2011-09-27,2011-09-27,2011-09-30,bff0bdb138fc5c8941d82732dd87e7fd,2011-09-27,2011-09-27,2011-09-30
1117,400123631,C,2011-09-27,,102,Offline,2,4329,205411.05,137618.91,67792.14,2011-09-27,2011-09-27,2011-11-07,5f43d7e442269e2bd67b15b6b061652e,2011-09-27,2011-09-27,2011-11-07
1118,530831754,L,2011-09-28,,80,Offline,10,3767,1646932.4,991964.11,654968.29,2011-09-28,2011-09-28,2011-11-14,52d31236a959e4d1fc7adc8489ccd775,2011-09-28,2011-09-28,2011-11-14
1119,879858815,H,2011-09-29,,174,Offline,1,8631,80527.23,59726.52,20800.71,2011-09-29,2011-09-29,2011-10-30,0bd807ed041792bed43be917da23e989,2011-09-29,2011-09-29,2011-10-30
1120,384853065,L,2011-10-01,,152,Online,3,5429,443712.17,307661.43,136050.74,2011-10-01,2011-10-01,2011-10-21,4401cb01bddc592fb8661d127d892a60,2011-10-01,2011-10-01,2011-10-21
1121,985417258,M,2011-10-01,,169,Online,7,5720,1176604,669869.2,506734.8,2011-10-01,2011-10-01,2011-10-21,45c7c50b5725f458df6229181e367cf4,2011-10-01,2011-10-01,2011-10-21
1122,151971662,M,2011-10-01,,35,Offline,3,647,52879.31,36665.49,16213.82,2011-10-01,2011-10-01,2011-10-24,29647805a49e46c9b7a5cb9cfbbad854,2011-10-01,2011-10-01,2011-10-24
1123,160276210,M,2011-10-01,,76,Online,11,8147,5305407.87,4276849.12,1028558.75,2011-10-01,2011-10-01,2011-11-15,a64c2068da7c63e44ccf18418db6ac79,2011-10-01,2011-10-01,2011-11-15
1124,109976851,L,2011-10-03,,123,Online,12,3449,2304863.23,1733260.46,571602.77,2011-10-03,2011-10-03,2011-10-14,d3c80aa970ba38a0de978f768be57635,2011-10-03,2011-10-03,2011-10-14
1125,504973971,M,2011-10-03,,34,Online,9,1875,791043.75,683793.75,107250,2011-10-03,2011-10-03,2011-11-02,9412aa2f08bf15437f867d807f6d158b,2011-10-03,2011-10-03,2011-11-02
1126,606793200,M,2011-10-03,,102,Offline,10,2447,1069828.4,644368.51,425459.89,2011-10-03,2011-10-03,2011-11-18,77130981ef199666151f13cb0aa7dfcf,2011-10-03,2011-10-03,2011-11-18
1127,435900866,M,2011-10-05,,29,Offline,2,1608,76299.6,51118.32,25181.28,2011-10-05,2011-10-05,2011-10-07,95da35f6de10b1275d4ba43b0b5747c7,2011-10-05,2011-10-05,2011-10-07
1128,776623380,C,2011-10-06,,124,Online,10,8971,3922121.2,2362333.43,1559787.77,2011-10-06,2011-10-06,2011-10-20,4dafd8704f9bf6cca63d44f4e58307c6,2011-10-06,2011-10-06,2011-10-20
1129,296534144,C,2011-10-06,,96,Offline,4,9898,1081653.44,354744.32,726909.12,2011-10-06,2011-10-06,2011-11-24,eeb80d77e8d258641c2d47d304321798,2011-10-06,2011-10-06,2011-11-24
1130,439640080,L,2011-10-07,,172,Online,7,8124,1671106.8,951401.64,719705.16,2011-10-07,2011-10-07,2011-11-02,d7cb95cf1c844fd0dfa12defcff28985,2011-10-07,2011-10-07,2011-11-02
1131,479234206,H,2011-10-07,,79,Online,1,4906,45772.98,33949.52,11823.46,2011-10-07,2011-10-07,2011-11-14,19fc91049ca4270323d6ec7b703b8665,2011-10-07,2011-10-07,2011-11-14
1132,599591147,C,2011-10-08,,51,Offline,8,1200,306336,191304,115032,2011-10-08,2011-10-08,2011-11-25,1b24e102cc08f37023c950ea0f702c3c,2011-10-08,2011-10-08,2011-11-25
1133,904812800,M,2011-10-09,,26,Offline,1,3069,28633.77,21237.48,7396.29,2011-10-09,2011-10-09,2011-11-24,a4ebddeeff06c152deaa713df0e8ed1b,2011-10-09,2011-10-09,2011-11-24
1134,753166282,H,2011-10-09,,160,Online,1,7495,69928.35,51865.4,18062.95,2011-10-09,2011-10-09,2011-11-25,fc767da24917c478809c003b38ee3ee1,2011-10-09,2011-10-09,2011-11-25
1135,719712054,C,2011-10-10,,173,Offline,2,7645,362755.25,243034.55,119720.7,2011-10-10,2011-10-10,2011-10-17,0aa15a05d5388cd9a903834ae06505c2,2011-10-10,2011-10-10,2011-10-17
1136,675906646,L,2011-10-10,,73,Offline,10,4651,2033417.2,1224747.83,808669.37,2011-10-10,2011-10-10,2011-11-01,4a7f1e1929f1b5788639998ef2629723,2011-10-10,2011-10-10,2011-11-01
1137,580463349,C,2011-10-10,,155,Offline,7,859,176696.3,100597.49,76098.81,2011-10-10,2011-10-10,2011-11-08,97bd25d7a130a55032a9e475bdbce92a,2011-10-10,2011-10-10,2011-11-08
1138,166810500,M,2011-10-10,,32,Online,4,1789,195501.92,64117.76,131384.16,2011-10-10,2011-10-10,2011-11-21,7b26b6dccba752b0337341e370a1cf67,2011-10-10,2011-10-10,2011-11-21
1139,413192212,L,2011-10-14,,38,Online,3,1612,131748.76,91352.04,40396.72,2011-10-14,2011-10-14,2011-11-17,8adb1ed33226f6458fd4ef484dc37802,2011-10-14,2011-10-14,2011-11-17
1140,704205453,M,2011-10-14,,183,Online,5,8897,1357504.26,866923.68,490580.58,2011-10-14,2011-10-14,2011-11-20,40263ec16da9c77b69709650423b6622,2011-10-14,2011-10-14,2011-11-20
1141,743799579,L,2011-10-14,,133,Online,8,5679,1449735.12,905346.18,544388.94,2011-10-14,2011-10-14,2011-12-02,54a4d43637a996fd840d2bd6c9ac4325,2011-10-14,2011-10-14,2011-12-02
1142,604314839,M,2011-10-15,,87,Offline,11,9045,5890194.45,4748263.2,1141931.25,2011-10-15,2011-10-15,2011-11-04,a23e8ba838d0e3bd2e3adaf5e140fe25,2011-10-15,2011-10-15,2011-11-04
1143,520915305,H,2011-10-16,,153,Offline,11,9270,6036716.7,4866379.2,1170337.5,2011-10-16,2011-10-16,2011-11-07,0abaf50ad07193c9d3e6c55008950e79,2011-10-16,2011-10-16,2011-11-07
1144,757653939,M,2011-10-17,,80,Online,2,5492,260595.4,174590.68,86004.72,2011-10-17,2011-10-17,2011-11-04,c19d0665eed94addbe999fbdac946e98,2011-10-17,2011-10-17,2011-11-04
1145,312593495,H,2011-10-18,,124,Online,8,2217,565955.76,353434.14,212521.62,2011-10-18,2011-10-18,2011-11-03,bdf77ba0d1f93bd9712ac5c896096dec,2011-10-18,2011-10-18,2011-11-03
1146,146384513,M,2011-10-18,,14,Offline,5,7285,1111545.3,709850.4,401694.9,2011-10-18,2011-10-18,2011-12-04,a726de960ae310fc8179cc0daeb175ec,2011-10-18,2011-10-18,2011-12-04
1147,877892863,C,2011-10-19,,52,Online,1,6862,64022.46,47485.04,16537.42,2011-10-19,2011-10-19,2011-10-21,1c5ea0fe5fe51fea01ea5f5e65aac9cc,2011-10-19,2011-10-19,2011-10-21
1148,466286647,C,2011-10-19,,133,Offline,3,3436,280824.28,194718.12,86106.16,2011-10-19,2011-10-19,2011-11-28,beeef519dd679ad4198e37518abcd14e,2011-10-19,2011-10-19,2011-11-28
1149,653197991,C,2011-10-20,,36,Online,5,4656,710412.48,453680.64,256731.84,2011-10-20,2011-10-20,2011-10-22,f11b59a79610eef20531bdf7da745bf4,2011-10-20,2011-10-20,2011-10-22
1150,387098395,M,2011-10-20,,49,Offline,1,9872,92105.76,68314.24,23791.52,2011-10-20,2011-10-20,2011-11-05,7a7028c561e3f738bd536a573b92d308,2011-10-20,2011-10-20,2011-11-05
1151,567751824,C,2011-10-21,,66,Online,10,9236,4037979.2,2432115.88,1605863.32,2011-10-21,2011-10-21,2011-11-21,50a65931d65f57f5b90e68f5f4c37fe7,2011-10-21,2011-10-21,2011-11-21
1152,174683320,H,2011-10-22,,102,Online,9,1531,645913.59,558340.39,87573.2,2011-10-22,2011-10-22,2011-11-03,7382ec68ed80c27420b17b932952e80b,2011-10-22,2011-10-22,2011-11-03
1153,673546302,M,2011-10-22,,16,Online,4,6173,674585.44,221240.32,453345.12,2011-10-22,2011-10-22,2011-11-11,680844919ef8a5c8225e1dd0d14460c7,2011-10-22,2011-10-22,2011-11-11
1154,817006289,H,2011-10-22,,160,Online,1,9172,85574.76,63470.24,22104.52,2011-10-22,2011-10-22,2011-11-14,38a02bee3aa7427929a1cf9f1edb548f,2011-10-22,2011-10-22,2011-11-14
1155,280477797,L,2011-10-23,,24,Offline,7,8468,1741867.6,991687.48,750180.12,2011-10-23,2011-10-23,2011-10-24,dca56275e9d810a9710d958cd298ae12,2011-10-23,2011-10-23,2011-10-24
1156,893557822,H,2011-10-23,,7,Offline,7,2471,508284.7,289378.81,218905.89,2011-10-23,2011-10-23,2011-12-09,b3674ac1183ba9e684cad042da152600,2011-10-23,2011-10-23,2011-12-09
1157,587982118,C,2011-10-24,,107,Online,4,5830,637102.4,208947.2,428155.2,2011-10-24,2011-10-24,2011-11-17,0f106b0d8fbe305e209391e2817fddb1,2011-10-24,2011-10-24,2011-11-17
1158,469435775,H,2011-10-24,,120,Online,2,5333,253050.85,169536.07,83514.78,2011-10-24,2011-10-24,2011-12-02,dcb3f77d2fa26b0949a80b13d7d420df,2011-10-24,2011-10-24,2011-12-02
1159,575230252,L,2011-10-25,,99,Online,9,2269,957268.41,827481.61,129786.8,2011-10-25,2011-10-25,2011-11-22,8bee9ec9be59641d99e58dbb2b439a2d,2011-10-25,2011-10-25,2011-11-22
1160,408785235,C,2011-10-26,,110,Offline,3,7490,612157.7,424458.3,187699.4,2011-10-26,2011-10-26,2011-11-03,2afc41e98710a40ff0f91ba65d16f8ed,2011-10-26,2011-10-26,2011-11-03
1161,895014369,L,2011-10-26,,6,Online,2,3496,165885.2,111137.84,54747.36,2011-10-26,2011-10-26,2011-12-11,f94270ad6146a1119ac0259d0c46123c,2011-10-26,2011-10-26,2011-12-11
1162,190230262,L,2011-10-27,,12,Online,8,2217,565955.76,353434.14,212521.62,2011-10-27,2011-10-27,2011-11-27,ebb68a15aa1af799d6d89d5eddc2efcd,2011-10-27,2011-10-27,2011-11-27
1163,468727672,L,2011-10-27,,1,Offline,12,5789,3868615.03,2909204.06,959410.97,2011-10-27,2011-10-27,2011-12-04,cd0b8ca9280399c9ee0d112dbd09bf4e,2011-10-27,2011-10-27,2011-12-04
1164,755647647,H,2011-10-27,,47,Offline,12,1786,1193530.22,897536.44,295993.78,2011-10-27,2011-10-27,2011-12-09,c6a23946941ffae53a1b5af7b452724c,2011-10-27,2011-10-27,2011-12-09
1165,450189960,M,2011-10-27,,57,Online,12,68,45442.36,34172.72,11269.64,2011-10-27,2011-10-27,2011-12-11,53e3686af3fc2a948173d337d487df0c,2011-10-27,2011-10-27,2011-12-11
1166,990221631,H,2011-10-28,,129,Offline,10,7440,3252768,1959175.2,1293592.8,2011-10-28,2011-10-28,2011-12-06,9c8638c44441e3d8cde050dfe129e132,2011-10-28,2011-10-28,2011-12-06
1167,160751283,C,2011-10-29,,139,Offline,3,8732,713666.36,494842.44,218823.92,2011-10-29,2011-10-29,2011-11-13,5c3355fbe9e27166f483790c313a78f8,2011-10-29,2011-10-29,2011-11-13
1168,135719621,H,2011-10-29,,62,Online,9,1307,551410.23,476649.83,74760.4,2011-10-29,2011-10-29,2011-11-22,dae1209d6a3ef603223fb2c228d62095,2011-10-29,2011-10-29,2011-11-22
1169,746989047,H,2011-10-29,,56,Offline,12,9514,6357920.78,4781165.56,1576755.22,2011-10-29,2011-10-29,2011-12-13,0c2fe2c644d9a96f82dea458d4d34813,2011-10-29,2011-10-29,2011-12-13
1170,189640176,L,2011-10-30,,41,Offline,7,7597,1562702.9,889684.67,673018.23,2011-10-30,2011-10-30,2011-11-04,f81f2059abcf2ec3f1ee7742923069c8,2011-10-30,2011-10-30,2011-11-04
1171,813189399,M,2011-10-30,,95,Online,8,9669,2468302.32,1541431.98,926870.34,2011-10-30,2011-10-30,2011-11-22,429b2b2f15a63d89af05e7164b06fd0b,2011-10-30,2011-10-30,2011-11-22
1172,937875640,C,2011-10-30,,137,Online,4,7098,775669.44,254392.32,521277.12,2011-10-30,2011-10-30,2011-11-30,38ecd7b0f0d3f0cdd2b21657445dcbb0,2011-10-30,2011-10-30,2011-11-30
1173,960270583,C,2011-11-01,,152,Offline,6,4260,656295.6,387361.8,268933.8,2011-11-01,2011-11-01,2011-11-24,8557e827d68a2ad5badf1190d184763c,2011-11-01,2011-11-01,2011-11-24
1174,174487626,H,2011-11-02,,40,Offline,7,3621,744839.7,424055.31,320784.39,2011-11-02,2011-11-02,2011-11-12,23b117687489578b5fd4ae3594169425,2011-11-02,2011-11-02,2011-11-12
1175,332274043,H,2011-11-03,,82,Offline,8,6128,1564355.84,976925.76,587430.08,2011-11-03,2011-11-03,2011-12-05,7c45327f7bb7b0c3379489e8befa870d,2011-11-03,2011-11-03,2011-12-05
1176,671067941,L,2011-11-03,,64,Offline,2,2771,131483.95,88090.09,43393.86,2011-11-03,2011-11-03,2011-12-18,8621a15a996c42beae7fdf3ce9673ad9,2011-11-03,2011-11-03,2011-12-18
1177,510762822,L,2011-11-04,,185,Offline,2,4924,233643.8,156533.96,77109.84,2011-11-04,2011-11-04,2011-12-22,311b62c0a38efca2cdd9ddae231fa330,2011-11-04,2011-11-04,2011-12-22
1178,820195758,L,2011-11-05,,185,Offline,5,3006,458655.48,292904.64,165750.84,2011-11-05,2011-11-05,2011-11-24,6f9191edd2a7a713032dbe23fa52b72f,2011-11-05,2011-11-05,2011-11-24
1179,431574571,C,2011-11-05,,129,Offline,3,1361,111234.53,77127.87,34106.66,2011-11-05,2011-11-05,2011-11-29,8b1266abf96190908daecf0c379f0742,2011-11-05,2011-11-05,2011-11-29
1180,724398410,H,2011-11-06,,22,Online,12,4442,2968455.34,2232282.68,736172.66,2011-11-06,2011-11-06,2011-11-07,aeab5c8cbe6180de0c5e78f59fa1b816,2011-11-06,2011-11-06,2011-11-07
1181,570587241,L,2011-11-06,,36,Offline,12,8299,5545972.73,4170579.46,1375393.27,2011-11-06,2011-11-06,2011-11-08,ff26061702c7f3a70b2e28edc3c73b2b,2011-11-06,2011-11-06,2011-11-08
1182,446019017,C,2011-11-06,,155,Online,6,5794,892623.64,526848.42,365775.22,2011-11-06,2011-11-06,2011-11-25,5481957c334b1e13142dd7cc64e19c85,2011-11-06,2011-11-06,2011-11-25
1183,495138204,L,2011-11-09,,179,Offline,9,1252,528206.28,456591.88,71614.4,2011-11-09,2011-11-09,2011-11-11,e27c6ba3173cc4392d951625e1dd2c53,2011-11-09,2011-11-09,2011-11-11
1184,403788173,C,2011-11-09,,27,Offline,12,8748,5846025.96,4396219.92,1449806.04,2011-11-09,2011-11-09,2011-11-16,000a019ad58f2a6129ee0bde04060915,2011-11-09,2011-11-09,2011-11-16
1185,374663245,C,2011-11-09,,33,Online,11,35,22792.35,18373.6,4418.75,2011-11-09,2011-11-09,2011-11-26,efed439678b3f49a9a5807ba891c7e36,2011-11-09,2011-11-09,2011-11-26
1186,447357547,C,2011-11-09,,53,Online,4,1894,206976.32,67880.96,139095.36,2011-11-09,2011-11-09,2011-12-22,f19ab0b420e07b7c08e52f5203534832,2011-11-09,2011-11-09,2011-12-22
1187,821534287,L,2011-11-09,,86,Offline,1,9107,84968.31,63020.44,21947.87,2011-11-09,2011-11-09,2011-12-23,640077071b02ff407ab139eb3a0b0a44,2011-11-09,2011-11-09,2011-12-23
1188,730184257,H,2011-11-09,,29,Offline,9,6603,2785739.67,2408048.07,377691.6,2011-11-09,2011-11-09,2011-12-28,85e3dddc6188b7e122737b515e4506b7,2011-11-09,2011-11-09,2011-12-28
1189,382495725,L,2011-11-11,,31,Offline,4,7840,856755.2,280985.6,575769.6,2011-11-11,2011-11-11,2011-12-21,6201cc56f971366ce8592f51655c745c,2011-11-11,2011-11-11,2011-12-21
1190,103762280,M,2011-11-12,,160,Online,6,4419,680791.14,401819.67,278971.47,2011-11-12,2011-11-12,2011-12-14,ccd66645bf438110c0d5df3285410b69,2011-11-12,2011-11-12,2011-12-14
1191,473845756,H,2011-11-12,,153,Offline,3,344,28115.12,19494.48,8620.64,2011-11-12,2011-11-12,2011-12-16,4311c5faa7a95b2745f4252273de8490,2011-11-12,2011-11-12,2011-12-16
1192,808192336,L,2011-11-13,,179,Online,10,927,405284.4,244106.91,161177.49,2011-11-13,2011-11-13,2011-12-05,dbc622d81b7813c2dfcd8928508ca7cd,2011-11-13,2011-11-13,2011-12-05
1193,278275811,H,2011-11-13,,86,Online,11,6851,4461439.71,3596500.96,864938.75,2011-11-13,2011-11-13,2011-12-07,ce070dddfbc525717ab1c7fdb5998a21,2011-11-13,2011-11-13,2011-12-07
1194,340500915,C,2011-11-13,,109,Online,5,642,97956.36,62556.48,35399.88,2011-11-13,2011-11-13,2011-12-11,3fff72aa5cd53dbd0be5df8bfba942bf,2011-11-13,2011-11-13,2011-12-11
1195,802052438,L,2011-11-13,,152,Offline,1,3995,37273.35,27645.4,9627.95,2011-11-13,2011-11-13,2012-01-02,6c028fe7aae367860fad88a532ef7536,2011-11-13,2011-11-13,2012-01-02
1196,386116921,M,2011-11-14,,1,Offline,3,9432,770877.36,534511.44,236365.92,2011-11-14,2011-11-14,2011-12-22,a0221e0133bc9972d6c5fb6d684d1ff4,2011-11-14,2011-11-14,2011-12-22
1197,710230338,L,2011-11-15,,59,Offline,8,1795,458227.6,286158.9,172068.7,2011-11-15,2011-11-15,2011-11-19,324e0a4c4405217fc64b937b935b4449,2011-11-15,2011-11-15,2011-11-19
1198,236281001,M,2011-11-15,,135,Offline,11,9654,6286781.34,5067963.84,1218817.5,2011-11-15,2011-11-15,2011-11-27,8ef71f2eb99764a2d26fafc1c2a69d2d,2011-11-15,2011-11-15,2011-11-27
1199,383834254,M,2011-11-15,,77,Offline,10,3940,1722568,1037520.2,685047.8,2011-11-15,2011-11-15,2011-11-28,5450427a02c92b473be41b6262c3a30f,2011-11-15,2011-11-15,2011-11-28
1200,431378877,C,2011-11-16,,69,Online,10,3451,1508777.2,908751.83,600025.37,2011-11-16,2011-11-16,2011-12-08,54bbb5bb90c4a8a051ed9551e386baa8,2011-11-16,2011-11-16,2011-12-08
1201,514188325,M,2011-11-18,,81,Online,6,8607,1325994.42,782634.51,543359.91,2011-11-18,2011-11-18,2012-01-02,3cf4efea28e429f5c2b6412ef69c34bb,2011-11-18,2011-11-18,2012-01-02
1202,403828513,H,2011-11-19,,6,Online,8,686,175122.08,109362.12,65759.96,2011-11-19,2011-11-19,2011-11-25,d0536282524b0cb0ed4a2a23ce613c4e,2011-11-19,2011-11-19,2011-11-25
1203,526350104,M,2011-11-19,,140,Offline,4,7547,824736.16,270484.48,554251.68,2011-11-19,2011-11-19,2011-12-04,c27f87caaaf9692d9f605c3bb2cc9e16,2011-11-19,2011-11-19,2011-12-04
1204,663080108,H,2011-11-21,,28,Online,9,8994,3794478.66,3280021.86,514456.8,2011-11-21,2011-11-21,2011-12-10,6240c11cb5a299eab3f8147820fd737e,2011-11-21,2011-11-21,2011-12-10
1205,120765769,L,2011-11-21,,131,Offline,3,6130,501004.9,347387.1,153617.8,2011-11-21,2011-11-21,2012-01-10,947739ebe4dd15eef721e7eb3dccf80c,2011-11-21,2011-11-21,2012-01-10
1206,571494042,M,2011-11-22,,117,Offline,2,6642,315162.9,211149.18,104013.72,2011-11-22,2011-11-22,2011-12-16,8d0cc4ff72d84eb55a0afc06ea10733f,2011-11-22,2011-11-22,2011-12-16
1207,184801471,L,2011-11-22,,52,Offline,2,5717,271271.65,181743.43,89528.22,2011-11-22,2011-11-22,2011-12-20,5fafc81273c913997eaae62b605d987d,2011-11-22,2011-11-22,2011-12-20
1208,284692084,M,2011-11-22,,77,Offline,6,5569,857960.14,506389.17,351570.97,2011-11-22,2011-11-22,2012-01-07,fc949968ca6c9549b974dabc7814a04f,2011-11-22,2011-11-22,2012-01-07
1209,616755998,H,2011-11-24,,71,Online,9,660,278447.4,240695.4,37752,2011-11-24,2011-11-24,2011-12-03,e317558c626409f1f227e16edeaf6770,2011-11-24,2011-11-24,2011-12-03
1210,587749087,L,2011-11-24,,95,Offline,3,6871,561566.83,389379.57,172187.26,2011-11-24,2011-11-24,2012-01-07,dab1c20181e2f8460b50e304c08897b9,2011-11-24,2011-11-24,2012-01-07
1211,699801480,L,2011-11-25,,10,Offline,11,5664,3688453.44,2973373.44,715080,2011-11-25,2011-11-25,2011-12-26,aa99082f7352bf895ff3502ab508cc2d,2011-11-25,2011-11-25,2011-12-26
1212,537567746,M,2011-11-25,,135,Online,10,7097,3102808.4,1868853.01,1233955.39,2011-11-25,2011-11-25,2011-12-30,b36f35104f74843baaa94df30ecaf5ff,2011-11-25,2011-11-25,2011-12-30
1213,198537814,C,2011-11-26,,134,Online,9,606,255665.34,221002.14,34663.2,2011-11-26,2011-11-26,2011-12-19,089c0ee1c335f20a5a0fc721857ff892,2011-11-26,2011-11-26,2011-12-19
1214,984202754,H,2011-11-27,,110,Online,6,6321,973813.26,574768.53,399044.73,2011-11-27,2011-11-27,2011-12-08,34814a42179815c628c60768a2e708e2,2011-11-27,2011-11-27,2011-12-08
1215,905132520,H,2011-11-27,,64,Online,6,7681,1183334.86,698433.33,484901.53,2011-11-27,2011-11-27,2011-12-09,a5c24aac29dfb6d01723da2dd874248a,2011-11-27,2011-11-27,2011-12-09
1216,264856183,L,2011-11-27,,43,Online,1,5685,53041.05,39340.2,13700.85,2011-11-27,2011-11-27,2011-12-23,743f6c811cd0f8c2dfe44b645c51bbb9,2011-11-27,2011-11-27,2011-12-23
1217,146545875,M,2011-11-27,,91,Offline,10,5036,2201739.2,1326129.88,875609.32,2011-11-27,2011-11-27,2012-01-07,498fd65ffc5eac266aeb49526fec1892,2011-11-27,2011-11-27,2012-01-07
1218,809571206,L,2011-11-27,,20,Online,2,8965,425389.25,284997.35,140391.9,2011-11-27,2011-11-27,2012-01-11,cfb87d14c7bf96266e11a35a6163e650,2011-11-27,2011-11-27,2012-01-11
1219,229355323,L,2011-11-28,,4,Offline,6,192,29579.52,17458.56,12120.96,2011-11-28,2011-11-28,2011-12-10,08d9ae8ae21dbb5bad084d18346dd10e,2011-11-28,2011-11-28,2011-12-10
1220,944490611,H,2011-11-28,,67,Online,4,4615,504327.2,165401.6,338925.6,2011-11-28,2011-11-28,2011-12-22,3c70f7fa88e2067fedae50e5c4e4001b,2011-11-28,2011-11-28,2011-12-22
1221,967239606,H,2011-11-28,,6,Online,11,6548,4264123.08,3437438.08,826685,2011-11-28,2011-11-28,2012-01-09,0b389a9aa613e3afcb5b68662d67a606,2011-11-28,2011-11-28,2012-01-09
1222,690552794,L,2011-11-29,,65,Offline,3,8772,716935.56,497109.24,219826.32,2011-11-29,2011-11-29,2011-12-07,5b8523af9fed52029e985abd7230ccc8,2011-11-29,2011-11-29,2011-12-07
1223,436969029,C,2011-11-29,,160,Offline,9,7701,3248974.89,2808477.69,440497.2,2011-11-29,2011-11-29,2011-12-17,657d0a616fa10ff4aee0494c235e83c6,2011-11-29,2011-11-29,2011-12-17
1224,507616698,H,2011-11-29,,105,Offline,1,3916,36536.28,27098.72,9437.56,2011-11-29,2011-11-29,2011-12-18,df400ba36bf1da4a5ea9feef603dd1cb,2011-11-29,2011-11-29,2011-12-18
1225,445273578,H,2011-11-29,,118,Offline,11,5201,3386943.21,2730316.96,656626.25,2011-11-29,2011-11-29,2012-01-09,64ff1edbbaf3b7077f1a4d8dbdfe8333,2011-11-29,2011-11-29,2012-01-09
1226,844245946,M,2011-11-30,,156,Online,1,9991,93216.03,69137.72,24078.31,2011-11-30,2011-11-30,2012-01-01,6dd4af9bf31797ae1eddc9d6cc153e95,2011-11-30,2011-11-30,2012-01-01
1227,411701333,C,2011-12-01,,132,Online,4,428,46771.84,15339.52,31432.32,2011-12-01,2011-12-01,2011-12-27,7d55cdd4e0c2db94ad9fc399a25fa0c5,2011-12-01,2011-12-01,2011-12-27
1228,638088786,L,2011-12-02,,25,Offline,4,3506,383135.68,125655.04,257480.64,2011-12-02,2011-12-02,2011-12-28,76c9cfb174a3c7c2b8b9e96bacfb5210,2011-12-02,2011-12-02,2011-12-28
1229,914303529,L,2011-12-03,,63,Offline,7,1587,326445.9,185853.57,140592.33,2011-12-03,2011-12-03,2011-12-11,d838ee8767ea74c7ce3d86fa2892a7e3,2011-12-03,2011-12-03,2011-12-11
1230,326137149,M,2011-12-03,,102,Online,4,85,9288.8,3046.4,6242.4,2011-12-03,2011-12-03,2012-01-02,0e88070c89471b4876c829fddd81d3f1,2011-12-03,2011-12-03,2012-01-02
1231,621243655,M,2011-12-03,,35,Offline,1,8658,80779.14,59913.36,20865.78,2011-12-03,2011-12-03,2012-01-03,4fee46babb5f3a6733f1dda564baa5a3,2011-12-03,2011-12-03,2012-01-03
1232,839326560,C,2011-12-04,,168,Offline,6,4236,652598.16,385179.48,267418.68,2011-12-04,2011-12-04,2011-12-12,6dd8aa0a2f604d39c5a91dd8b20bc4a1,2011-12-04,2011-12-04,2011-12-12
1233,275955808,H,2011-12-04,,56,Online,6,311,47912.66,28279.23,19633.43,2011-12-04,2011-12-04,2011-12-25,e8b6f20d7ca85cfdad0c961544db1137,2011-12-04,2011-12-04,2011-12-25
1234,465031802,M,2011-12-04,,86,Offline,9,2099,885547.11,765484.31,120062.8,2011-12-04,2011-12-04,2012-01-06,c5f42e64d5d0db968024386a1184a6bf,2011-12-04,2011-12-04,2012-01-06
1235,525328290,H,2011-12-04,,9,Online,4,5170,564977.6,185292.8,379684.8,2011-12-04,2011-12-04,2012-01-11,54ed38f7c910f76ee8b8dbd0a0215da8,2011-12-04,2011-12-04,2012-01-11
1236,556263816,M,2011-12-05,,160,Online,2,9679,459268.55,307695.41,151573.14,2011-12-05,2011-12-05,2011-12-07,4c27d772b67b8b0175b36d68d2dc2210,2011-12-05,2011-12-05,2011-12-07
1237,693583905,M,2011-12-05,,84,Offline,9,5745,2423758.05,2095144.05,328614,2011-12-05,2011-12-05,2012-01-06,03c00c9afa07b6661e5d6ad575931510,2011-12-05,2011-12-05,2012-01-06
1238,242265546,L,2011-12-06,,79,Offline,1,614,5728.62,4248.88,1479.74,2011-12-06,2011-12-06,2012-01-07,78874d25bd54c371e29261329a6f133c,2011-12-06,2011-12-06,2012-01-07
1239,974009931,H,2011-12-06,,120,Offline,9,38,16031.82,13858.22,2173.6,2011-12-06,2011-12-06,2012-01-13,12ff64d8e38a13fe1fbc8f495e9e4173,2011-12-06,2011-12-06,2012-01-13
1240,377184951,H,2011-12-07,,157,Offline,7,6264,1288504.8,733577.04,554927.76,2011-12-07,2011-12-07,2011-12-19,223e54f540ff4b1361f8da7fb2067cf9,2011-12-07,2011-12-07,2011-12-19
1241,595385873,M,2011-12-07,,79,Offline,3,6765,552903.45,383372.55,169530.9,2011-12-07,2011-12-07,2011-12-21,3e8932c469de99d9c264fb8f5502c459,2011-12-07,2011-12-07,2011-12-21
1242,127694451,L,2011-12-07,,164,Offline,6,6481,998462.86,589317.33,409145.53,2011-12-07,2011-12-07,2011-12-27,5f72cfa6783c337a86df600361c56131,2011-12-07,2011-12-07,2011-12-27
1243,244194161,L,2011-12-07,,72,Offline,9,1334,562801.26,486496.46,76304.8,2011-12-07,2011-12-07,2012-01-07,c222246249545c25b172f8a735ae57cb,2011-12-07,2011-12-07,2012-01-07
1244,905054843,L,2011-12-07,,99,Online,1,4695,43804.35,32489.4,11314.95,2011-12-07,2011-12-07,2012-01-12,ad1085d49521a15ae3b838e5fa3969cb,2011-12-07,2011-12-07,2012-01-12
1245,520526921,H,2011-12-07,,95,Offline,1,4338,40473.54,30018.96,10454.58,2011-12-07,2011-12-07,2012-01-15,01f1f2f35a8e3ee3d3ff9441269ac63a,2011-12-07,2011-12-07,2012-01-15
1246,769899404,H,2011-12-08,,176,Offline,12,9197,6146079.19,4621860.38,1524218.81,2011-12-08,2011-12-08,2011-12-13,2e0a5d758296e846a0799c2f6fcd15c8,2011-12-08,2011-12-08,2011-12-13
1247,940201652,C,2011-12-08,,115,Offline,7,5417,1114276.9,634384.87,479892.03,2011-12-08,2011-12-08,2012-01-01,857d8fac899657b6c3b3631332b5c1f0,2011-12-08,2011-12-08,2012-01-01
1248,701298367,M,2011-12-08,,24,Offline,3,8626,705002.98,488835.42,216167.56,2011-12-08,2011-12-08,2012-01-06,766c40027503050ec76509f8c6e19b37,2011-12-08,2011-12-08,2012-01-06
1249,761594855,C,2011-12-08,,105,Offline,4,1697,185448.16,60820.48,124627.68,2011-12-08,2011-12-08,2012-01-11,b999e7f08ef08cd071051449ae4aac93,2011-12-08,2011-12-08,2012-01-11
1250,349870622,M,2011-12-08,,89,Online,4,3347,365760.16,119956.48,245803.68,2011-12-08,2011-12-08,2012-01-23,d745f60a9a28ce6134330c1aca12bb59,2011-12-08,2011-12-08,2012-01-23
1251,264778506,H,2011-12-08,,83,Offline,10,2699,1180002.8,710727.67,469275.13,2011-12-08,2011-12-08,2012-01-27,54c60f5f79fb902c46dfe751fa7f8d40,2011-12-08,2011-12-08,2012-01-27
1252,247815358,M,2011-12-09,,9,Offline,6,2926,450779.56,266061.18,184718.38,2011-12-09,2011-12-09,2012-01-08,69dad0ba66e61092ac57f9d7f4347cdd,2011-12-09,2011-12-09,2012-01-08
1253,528477418,M,2011-12-09,,59,Online,8,7067,1804063.76,1126621.14,677442.62,2011-12-09,2011-12-09,2012-01-14,bc446783999b62fac475533d69530283,2011-12-09,2011-12-09,2012-01-14
1254,281151568,H,2011-12-09,,133,Offline,1,7852,73259.16,54335.84,18923.32,2011-12-09,2011-12-09,2012-01-22,39eec8a93007edbe124adc3f7b475f85,2011-12-09,2011-12-09,2012-01-22
1255,572164809,C,2011-12-09,,59,Offline,9,5137,2167248.93,1873412.53,293836.4,2011-12-09,2011-12-09,2012-01-25,d9d62449e69c8e0feb2983ddb9740068,2011-12-09,2011-12-09,2012-01-25
1256,337354791,L,2011-12-09,,108,Offline,10,9634,4211984.8,2536921.22,1675063.58,2011-12-09,2011-12-09,2012-01-28,eeb417b7d451af1c90611a41dd7940b4,2011-12-09,2011-12-09,2012-01-28
1257,208221232,H,2011-12-10,,116,Offline,7,6145,1264026.5,719640.95,544385.55,2011-12-10,2011-12-10,2011-12-28,e02968764be500df0168ef42aa08c3c9,2011-12-10,2011-12-10,2011-12-28
1258,245650708,H,2011-12-10,,49,Offline,6,2358,363273.48,214412.94,148860.54,2011-12-10,2011-12-10,2012-01-09,7732c932eade947e3725219be95087bd,2011-12-10,2011-12-10,2012-01-09
1259,253719222,C,2011-12-11,,41,Online,11,11,7163.31,5774.56,1388.75,2011-12-11,2011-12-11,2011-12-13,848a6fb1e614e4cd923a0f2a4c740d04,2011-12-11,2011-12-11,2011-12-13
1260,101836669,M,2011-12-12,,135,Online,12,4588,3066022.76,2305653.52,760369.24,2011-12-12,2011-12-12,2011-12-14,9ec9a068b765037199190a3748039668,2011-12-12,2011-12-12,2011-12-14
1261,299335229,M,2011-12-12,,26,Offline,10,8801,3847797.2,2317567.33,1530229.87,2011-12-12,2011-12-12,2011-12-24,2bf08b05435d24b2da188b5974381ec2,2011-12-12,2011-12-12,2011-12-24
1262,589876401,L,2011-12-14,,57,Online,2,6390,303205.5,203138.1,100067.4,2011-12-14,2011-12-14,2011-12-29,aff7cc49ad1dfe357842c1c32b606c00,2011-12-14,2011-12-14,2011-12-29
1263,847317397,M,2011-12-15,,139,Offline,9,8902,3755664.78,3246470.38,509194.4,2011-12-15,2011-12-15,2011-12-18,67895d1f0dba4bdbb0c9c03d890e020b,2011-12-15,2011-12-15,2011-12-18
1264,342314517,H,2011-12-15,,80,Offline,11,7327,4771415.67,3846381.92,925033.75,2011-12-15,2011-12-15,2012-01-06,7a52ff4596ba4b140bfaf410e08759ef,2011-12-15,2011-12-15,2012-01-06
1265,259151017,H,2011-12-15,,29,Online,7,7400,1522180,866614,655566,2011-12-15,2011-12-15,2012-01-09,f51fdc65a0ab258f49ba3d49d5ef9217,2011-12-15,2011-12-15,2012-01-09
1266,374824607,C,2011-12-18,,122,Online,4,7785,850744.8,279014.4,571730.4,2011-12-18,2011-12-18,2011-12-28,b387a0abc186e5620dbe59c5d6b0385e,2011-12-18,2011-12-18,2011-12-28
1267,991761863,M,2011-12-20,,108,Offline,1,3229,30126.57,22344.68,7781.89,2011-12-20,2011-12-20,2011-12-24,498a00d6785c1e913d04b3ea9b679e8e,2011-12-20,2011-12-20,2011-12-24
1268,443071591,L,2011-12-20,,61,Offline,4,3585,391768.8,128486.4,263282.4,2011-12-20,2011-12-20,2012-01-01,cf1392305346ceb631d8b3b154564db4,2011-12-20,2011-12-20,2012-01-01
1269,424297845,M,2011-12-20,,30,Online,2,8016,380359.2,254828.64,125530.56,2011-12-20,2011-12-20,2012-01-08,596d8da50185e8a1dde03f8144cbe52a,2011-12-20,2011-12-20,2012-01-08
1270,574015748,M,2011-12-20,,87,Online,12,2871,1918603.17,1442792.34,475810.83,2011-12-20,2011-12-20,2012-01-08,3c170efc65764a77978777c3e796d204,2011-12-20,2011-12-20,2012-01-08
1271,634312236,H,2011-12-20,,49,Offline,2,5941,281900.45,188864.39,93036.06,2011-12-20,2011-12-20,2012-01-13,4a8718f240d75aecc782bc3f765cf5e3,2011-12-20,2011-12-20,2012-01-13
1272,380610454,C,2011-12-21,,30,Offline,9,9946,4196117.94,3627206.74,568911.2,2011-12-21,2011-12-21,2011-12-29,18c553ddb2ac8a72429af178d5c8a801,2011-12-21,2011-12-21,2011-12-29
1273,719404351,H,2011-12-21,,118,Online,11,6589,4290822.69,3458961.44,831861.25,2011-12-21,2011-12-21,2012-01-10,48239b7f9ff5aa6cf2c3321a5949bb52,2011-12-21,2011-12-21,2012-01-10
1274,201531589,M,2011-12-22,,161,Online,4,6530,713598.4,234035.2,479563.2,2011-12-22,2011-12-22,2012-01-09,a5cbfada447d46320ccd821e7907d91d,2011-12-22,2011-12-22,2012-01-09
1275,866603553,M,2011-12-22,,103,Offline,7,6104,1255592.8,714839.44,540753.36,2011-12-22,2011-12-22,2012-02-07,35993f1ae618de461334d8dcb7499af4,2011-12-22,2011-12-22,2012-02-07
1276,168195378,L,2011-12-23,,110,Offline,4,1605,175394.4,57523.2,117871.2,2011-12-23,2011-12-23,2011-12-27,fe5eab754ba20f50fe63861b059d427b,2011-12-23,2011-12-23,2011-12-27
1277,450550019,M,2011-12-24,,153,Offline,8,6618,1689443.04,1055041.56,634401.48,2011-12-24,2011-12-24,2012-01-02,8900ed57aea871d45e3a8b8caa9fb738,2011-12-24,2011-12-24,2012-01-02
1278,807999646,L,2011-12-24,,35,Offline,6,3906,601758.36,355172.58,246585.78,2011-12-24,2011-12-24,2012-02-03,2cb769778d074cdd2599bbd6728bf323,2011-12-24,2011-12-24,2012-02-03
1279,219597232,H,2011-12-25,,121,Offline,1,2556,23847.48,17687.52,6159.96,2011-12-25,2011-12-25,2012-01-05,45834fcb1922e8e0c141f473acce2012,2011-12-25,2011-12-25,2012-01-05
1280,371361768,C,2011-12-25,,131,Offline,12,3054,2040896.58,1534757.16,506139.42,2011-12-25,2011-12-25,2012-01-30,9291b17d6bbf74c4aec762165a2361af,2011-12-25,2011-12-25,2012-01-30
1281,394110763,C,2011-12-26,,180,Offline,6,4988,768451.28,453558.84,314892.44,2011-12-26,2011-12-26,2011-12-29,23fb76cc817212ba699d715eb70d9a8b,2011-12-26,2011-12-26,2011-12-29
1282,239945542,L,2011-12-27,,51,Offline,10,4073,1780715.6,1072543.09,708172.51,2011-12-27,2011-12-27,2012-01-25,e600feb7401bf73f98d63bbe941f6f46,2011-12-27,2011-12-27,2012-01-25
1283,507973754,H,2011-12-28,,6,Online,8,9577,2444816.56,1526765.34,918051.22,2011-12-28,2011-12-28,2012-01-12,341d0c50845e7daf6f596ff557a0297c,2011-12-28,2011-12-28,2012-01-12
1284,499551188,M,2011-12-28,,2,Online,4,7153,781679.84,256363.52,525316.32,2011-12-28,2011-12-28,2012-01-14,00aa14b1667639df0e015c9aa2ccc054,2011-12-28,2011-12-28,2012-01-14
1285,992156255,M,2011-12-28,,124,Offline,12,9939,6641935.53,4994745.06,1647190.47,2011-12-28,2011-12-28,2012-01-25,7bcfcabcb236a3ede036782708d3cd6a,2011-12-28,2011-12-28,2012-01-25
1286,969289243,C,2011-12-28,,32,Online,12,3082,2059608.14,1548828.28,510779.86,2011-12-28,2011-12-28,2012-02-02,aaa4c61f2b55f2ae486a1a328fe409c8,2011-12-28,2011-12-28,2012-02-02
1287,894548308,M,2011-12-28,,116,Offline,12,5578,3727610.06,2803168.12,924441.94,2011-12-28,2011-12-28,2012-02-02,ea7888076608e4dccbf3cadd6bf91467,2011-12-28,2011-12-28,2012-02-02
1288,449487864,C,2011-12-29,,59,Offline,12,2303,1539025.81,1157349.62,381676.19,2011-12-29,2011-12-29,2012-02-01,5cf6663fee4d3e2a404168ed05f754c2,2011-12-29,2011-12-29,2012-02-01
1289,846413600,L,2011-12-30,,138,Online,5,1448,220935.84,141093.12,79842.72,2011-12-30,2011-12-30,2011-12-31,38f81681b712f6b7890a74cb12aa23a3,2011-12-30,2011-12-30,2011-12-31
1290,954254710,C,2011-12-31,,7,Online,8,4029,1028523.12,642303.18,386219.94,2011-12-31,2011-12-31,2012-01-15,d0c9c9de706cfeaa27543cff7db5e4a6,2011-12-31,2011-12-31,2012-01-15
1291,586099851,H,2012-01-01,,76,Online,7,8825,1815302.5,1033495.75,781806.75,2012-01-01,2012-01-01,2012-01-14,79e981b76f6da633a7900aa78fd0abf9,2012-01-01,2012-01-01,2012-01-14
1293,810322654,L,2012-01-02,,117,Offline,7,1335,274609.5,156341.85,118267.65,2012-01-02,2012-01-02,2012-01-15,9d27c07aba92a374300bc3aef1907572,2012-01-02,2012-01-02,2012-01-15
1294,957875907,L,2012-01-02,,98,Offline,5,5622,857804.76,547807.68,309997.08,2012-01-02,2012-01-02,2012-01-16,0b5849af2860fed1ddf38439144bf2a3,2012-01-02,2012-01-02,2012-01-16
1295,542294442,H,2012-01-02,,39,Online,1,5831,54403.23,40350.52,14052.71,2012-01-02,2012-01-02,2012-01-30,fbd9702da5712cd2c831ac88038e056f,2012-01-02,2012-01-02,2012-01-30
1296,527259910,H,2012-01-04,,4,Online,3,6779,554047.67,384165.93,169881.74,2012-01-04,2012-01-04,2012-01-11,a3915fe5df1c93b248e712e9e2971d3e,2012-01-04,2012-01-04,2012-01-11
1297,458658874,M,2012-01-04,,3,Offline,9,6208,2619093.12,2263995.52,355097.6,2012-01-04,2012-01-04,2012-02-03,cfa8784fb6ee4f45af058a1e8c80f3fc,2012-01-04,2012-01-04,2012-02-03
1298,300754439,C,2012-01-04,,81,Online,1,8777,81889.41,60736.84,21152.57,2012-01-04,2012-01-04,2012-02-06,8f9657da1b84b264b29b293dd6fd4ce1,2012-01-04,2012-01-04,2012-02-06
1299,739320933,L,2012-01-04,,121,Online,1,348,3246.84,2408.16,838.68,2012-01-04,2012-01-04,2012-02-10,f70faf870409fdc4a1443258f95feb8f,2012-01-04,2012-01-04,2012-02-10
1301,801546037,H,2012-01-05,,123,Online,12,4139,2765969.53,2080013.06,685956.47,2012-01-05,2012-01-05,2012-02-15,74ae8a0000bd7759ec3641ee67bfc6b6,2012-01-05,2012-01-05,2012-02-15
1302,185947310,L,2012-01-06,,137,Online,3,4796,391977.08,271789.32,120187.76,2012-01-06,2012-01-06,2012-01-27,cd284f456b52963b071f5a615c5a08b5,2012-01-06,2012-01-06,2012-01-27
1303,325314033,H,2012-01-06,,43,Online,4,6506,710975.68,233175.04,477800.64,2012-01-06,2012-01-06,2012-01-30,353e401275cbcc71acf28597bf454b2f,2012-01-06,2012-01-06,2012-01-30
1304,420875346,L,2012-01-06,,90,Offline,10,5223,2283495.6,1375372.59,908123.01,2012-01-06,2012-01-06,2012-02-18,8cf8df7e61d0259e3d880618e51be0ed,2012-01-06,2012-01-06,2012-02-18
1305,715863835,C,2012-01-07,,37,Online,6,8872,1366820.32,806730.96,560089.36,2012-01-07,2012-01-07,2012-01-26,29ea1a585a8a4b3544c0d73c0c931ac4,2012-01-07,2012-01-07,2012-01-26
1306,125532805,M,2012-01-07,,38,Offline,8,6802,1736414.56,1084374.84,652039.72,2012-01-07,2012-01-07,2012-02-17,2ad5175571c15f8e1f196f703658358f,2012-01-07,2012-01-07,2012-02-17
1307,399936950,H,2012-01-07,,150,Online,11,9086,5916894.06,4769786.56,1147107.5,2012-01-07,2012-01-07,2012-02-26,20463a23624334a89bc4279ccafdefcd,2012-01-07,2012-01-07,2012-02-26
1308,399700915,C,2012-01-08,,71,Offline,12,9238,6173478.26,4642464.52,1531013.74,2012-01-08,2012-01-08,2012-02-27,73ce7efcd24a46c1d042630a3c9e9b1a,2012-01-08,2012-01-08,2012-02-27
1309,357942140,M,2012-01-09,,176,Offline,9,1888,796528.32,688534.72,107993.6,2012-01-09,2012-01-09,2012-02-16,cf1bd12bbbc3c183c653bc8e7a48949e,2012-01-09,2012-01-09,2012-02-16
1310,314136731,H,2012-01-10,,85,Offline,12,8894,5943593.38,4469590.76,1474002.62,2012-01-10,2012-01-10,2012-01-12,a7cfe8f7746a73d885237c6c10d7bed9,2012-01-10,2012-01-10,2012-01-12
1311,415837943,M,2012-01-10,,34,Offline,8,4543,1159737.04,724245.06,435491.98,2012-01-10,2012-01-10,2012-02-23,80cbba27e3672522eb2f31e8873e70cb,2012-01-10,2012-01-10,2012-02-23
1312,561462581,M,2012-01-10,,170,Offline,9,8109,3421106.01,2957271.21,463834.8,2012-01-10,2012-01-10,2012-02-24,11a5f9935f4a4dfc8c4e9b38c7e7237e,2012-01-10,2012-01-10,2012-02-24
1313,623687684,H,2012-01-10,,176,Offline,2,1900,90155,60401,29754,2012-01-10,2012-01-10,2012-02-29,b582acb3d605002c1bb86e4cdbc974f9,2012-01-10,2012-01-10,2012-02-29
1314,899784409,M,2012-01-12,,168,Offline,2,5057,239954.65,160762.03,79192.62,2012-01-12,2012-01-12,2012-01-18,ba0954971eff88851f9fad111749a55d,2012-01-12,2012-01-12,2012-01-18
1315,371796500,H,2012-01-12,,130,Offline,11,1701,1107708.21,892956.96,214751.25,2012-01-12,2012-01-12,2012-01-19,59dc640ff62ad0714c9ab6c589ebfc58,2012-01-12,2012-01-12,2012-01-19
1316,778955399,H,2012-01-13,,55,Offline,4,9068,990951.04,324997.12,665953.92,2012-01-13,2012-01-13,2012-02-29,daca800dde07605d4f844e9d75a234d0,2012-01-13,2012-01-13,2012-02-29
1317,847320401,M,2012-01-14,,3,Offline,7,9791,2014008.7,1146624.01,867384.69,2012-01-14,2012-01-14,2012-02-07,44523609a69bdc093ee6d1db890a5917,2012-01-14,2012-01-14,2012-02-07
1318,533322131,L,2012-01-15,,110,Online,9,725,305870.25,264400.25,41470,2012-01-15,2012-01-15,2012-01-18,9928a3865f5f705fa8e34c31af5f98c5,2012-01-15,2012-01-15,2012-01-18
1319,888843142,L,2012-01-15,,158,Offline,3,7293,596056.89,413294.31,182762.58,2012-01-15,2012-01-15,2012-02-19,2dbc212f89a26839348683ac47f02b53,2012-01-15,2012-01-15,2012-02-19
1320,874162662,L,2012-01-15,,125,Offline,8,3012,768903.36,480173.04,288730.32,2012-01-15,2012-01-15,2012-02-24,e2c5471167d0e35ddfc438cbb2bfd5ca,2012-01-15,2012-01-15,2012-02-24
1322,200432097,L,2012-01-17,,28,Online,12,1167,779871.09,586464.18,193406.91,2012-01-17,2012-01-17,2012-01-31,153774636bcc2188a8f6c4673649e163,2012-01-17,2012-01-17,2012-01-31
1323,345820701,M,2012-01-17,,129,Online,11,4885,3181160.85,2564429.6,616731.25,2012-01-17,2012-01-17,2012-02-01,5465c51f0edad585af370007f43c0526,2012-01-17,2012-01-17,2012-02-01
1324,179493701,H,2012-01-17,,41,Offline,2,5030,238673.5,159903.7,78769.8,2012-01-17,2012-01-17,2012-02-07,721f952fc59f7a2be8ce9ef9691aae8b,2012-01-17,2012-01-17,2012-02-07
1325,239554154,L,2012-01-18,,145,Offline,11,8253,5374436.13,4332494.88,1041941.25,2012-01-18,2012-01-18,2012-02-13,5b6d80a5c4e0742ed44628fd7724a948,2012-01-18,2012-01-18,2012-02-13
1326,516122949,M,2012-01-18,,94,Online,5,1105,168600.9,107671.2,60929.7,2012-01-18,2012-01-18,2012-02-21,99ff537b8d90a278ec4d66674701d3e8,2012-01-18,2012-01-18,2012-02-21
1327,349795949,H,2012-01-18,,111,Offline,6,1249,192420.94,113571.57,78849.37,2012-01-18,2012-01-18,2012-02-26,ea97ff2b964574f3704f51a4eeac83f0,2012-01-18,2012-01-18,2012-02-26
1328,170835101,H,2012-01-19,,182,Offline,2,2758,130867.1,87676.82,43190.28,2012-01-19,2012-01-19,2012-02-12,0dd433be9b230b7d3dd6d9abbf3f6632,2012-01-19,2012-01-19,2012-02-12
1329,391200673,L,2012-01-19,,147,Online,11,3827,2492180.67,2009021.92,483158.75,2012-01-19,2012-01-19,2012-02-13,7dd03f0b3c487908c82aa821e42575ce,2012-01-19,2012-01-19,2012-02-13
1330,939772927,C,2012-01-20,,81,Online,3,8548,698628.04,484415.16,214212.88,2012-01-20,2012-01-20,2012-03-03,bee7e323e2f2a722e2514d08d092702d,2012-01-20,2012-01-20,2012-03-03
1331,504945647,M,2012-01-22,,146,Offline,4,3493,381715.04,125189.12,256525.92,2012-01-22,2012-01-22,2012-02-03,9264c26ddfcdba9c60f05c3c8d75f193,2012-01-22,2012-01-22,2012-02-03
1332,806192052,H,2012-01-22,,12,Online,7,8998,1850888.6,1053755.78,797132.82,2012-01-22,2012-01-22,2012-02-28,1b2fd4667b9884ddb4e91d54eac2f017,2012-01-22,2012-01-22,2012-02-28
1333,804263436,H,2012-01-22,,120,Online,5,8278,1263057.24,806608.32,456448.92,2012-01-22,2012-01-22,2012-02-28,ed0030f37ccb29a545ecc47fe821d631,2012-01-22,2012-01-22,2012-02-28
1334,583543813,C,2012-01-23,,41,Online,1,2437,22737.21,16864.04,5873.17,2012-01-23,2012-01-23,2012-02-02,e01952960879ff63fc26ec5c83caed05,2012-01-23,2012-01-23,2012-02-02
1335,194922626,H,2012-01-23,,11,Offline,8,791,201926.48,126101.22,75825.26,2012-01-23,2012-01-23,2012-02-07,c55d3a4b5e7aa9ffe4c01151d6866130,2012-01-23,2012-01-23,2012-02-07
1336,706301438,M,2012-01-23,,24,Offline,12,9146,6111997.42,4596230.84,1515766.58,2012-01-23,2012-01-23,2012-02-11,d05fe1bf212a4e3016be11a29a12f909,2012-01-23,2012-01-23,2012-02-11
1337,602081525,H,2012-01-24,,93,Online,1,8158,76114.14,56453.36,19660.78,2012-01-24,2012-01-24,2012-01-28,b1cfaed9159c95de10aa7ad0768d674f,2012-01-24,2012-01-24,2012-01-28
1338,749752795,L,2012-01-24,,73,Online,11,7368,4798115.28,3867905.28,930210,2012-01-24,2012-01-24,2012-02-23,f4ef474b79fd30233f00af2995d7c6ad,2012-01-24,2012-01-24,2012-02-23
1339,763961207,M,2012-01-25,,44,Offline,11,1953,1271813.13,1025246.88,246566.25,2012-01-25,2012-01-25,2012-02-19,1e9583c68770bac2ddeea2e0d82be2f4,2012-01-25,2012-01-25,2012-02-19
1340,516635358,H,2012-01-25,,90,Online,12,2738,1829723.26,1375954.52,453768.74,2012-01-25,2012-01-25,2012-02-26,a73ef15eef2b3a1b4d8795d627bb65eb,2012-01-25,2012-01-25,2012-02-26
1341,863851821,H,2012-01-25,,63,Offline,5,1805,275406.9,175879.2,99527.7,2012-01-25,2012-01-25,2012-03-07,09e9232ca9e0398ca882bfff20525abf,2012-01-25,2012-01-25,2012-03-07
1343,981808078,L,2012-01-27,,66,Online,5,7683,1172272.14,748631.52,423640.62,2012-01-27,2012-01-27,2012-01-28,a50f8de747fe2c6f45bc518b7dfdbc17,2012-01-27,2012-01-27,2012-01-28
1344,158713662,M,2012-01-27,,106,Offline,5,5754,877945.32,560669.76,317275.56,2012-01-27,2012-01-27,2012-01-28,bfb7f672263b2c4432cf7d156f910a51,2012-01-27,2012-01-27,2012-01-28
1345,433117806,H,2012-01-27,,109,Online,1,8039,75003.87,55629.88,19373.99,2012-01-27,2012-01-27,2012-02-06,b452872172087c76cf97d4fb3650cd01,2012-01-27,2012-01-27,2012-02-06
1346,190003240,L,2012-01-27,,161,Online,7,5036,1035905.2,589765.96,446139.24,2012-01-27,2012-01-27,2012-03-08,344bee1bf4e494c3b12da79404684097,2012-01-27,2012-01-27,2012-03-08
1347,711733233,L,2012-01-27,,174,Offline,6,6535,1006782.1,594227.55,412554.55,2012-01-27,2012-01-27,2012-03-09,98e9651e7a95a75dba36d6facc96cb14,2012-01-27,2012-01-27,2012-03-09
1348,100463807,M,2012-01-28,,85,Online,1,8328,77700.24,57629.76,20070.48,2012-01-28,2012-01-28,2012-02-18,c96c6bcba510ec3f7043144bb386718d,2012-01-28,2012-01-28,2012-02-18
1349,601255404,L,2012-01-28,,159,Online,12,3690,2465916.3,1854372.6,611543.7,2012-01-28,2012-01-28,2012-02-26,3c09bec77e5a307a23ca40c38242fbdd,2012-01-28,2012-01-28,2012-02-26
1350,896243894,H,2012-01-29,,22,Online,5,7340,1119937.2,715209.6,404727.6,2012-01-29,2012-01-29,2012-02-03,e264613a58ed233deb5963f28d29aa7a,2012-01-29,2012-01-29,2012-02-03
1351,214562833,C,2012-01-29,,69,Online,12,2765,1847766.55,1389523.1,458243.45,2012-01-29,2012-01-29,2012-03-02,d72b1b28eb5c2b8122f4bcb64fcd5950,2012-01-29,2012-01-29,2012-03-02
1352,202047002,H,2012-01-29,,155,Online,10,9053,3957971.6,2383926.49,1574045.11,2012-01-29,2012-01-29,2012-03-06,6c7cd44008d7a35fd7ca83f5eed227b1,2012-01-29,2012-01-29,2012-03-06
1353,330590474,L,2012-01-30,,108,Online,11,7923,5159536.83,4159258.08,1000278.75,2012-01-30,2012-01-30,2012-03-14,2284253bd35afad57d05c191d68b22d6,2012-01-30,2012-01-30,2012-03-14
1354,623768365,M,2012-01-30,,105,Online,3,5776,472072.48,327325.92,144746.56,2012-01-30,2012-01-30,2012-03-16,d06c300d9130e23bf2939596e23f1cd7,2012-01-30,2012-01-30,2012-03-16
1355,449018800,M,2012-01-31,,143,Online,5,3496,533419.68,340650.24,192769.44,2012-01-31,2012-01-31,2012-02-04,bedd29da2541ed735c13586633b3582e,2012-01-31,2012-01-31,2012-02-04
1356,455040681,L,2012-02-01,,147,Offline,6,5504,847946.24,500478.72,347467.52,2012-02-01,2012-02-01,2012-02-02,9d1c7e286e2d26817110cf84a9127916,2012-02-01,2012-02-01,2012-02-02
1357,801313006,C,2012-02-05,,100,Online,3,5180,423361.4,293550.6,129810.8,2012-02-05,2012-02-05,2012-02-15,1b3c834c073e04c92a1114f6b9819473,2012-02-05,2012-02-05,2012-02-15
1358,262973916,C,2012-02-05,,158,Online,3,8680,709416.4,491895.6,217520.8,2012-02-05,2012-02-05,2012-02-20,ac322ce0639764c635e0811eb4326d77,2012-02-05,2012-02-05,2012-02-20
1359,840671098,C,2012-02-05,,150,Offline,8,2114,539661.92,337013.88,202648.04,2012-02-05,2012-02-05,2012-02-27,de45b11a3754d6dacbfc51f650554a8c,2012-02-05,2012-02-05,2012-02-27
1360,900967586,L,2012-02-05,,183,Online,1,5185,48376.05,35880.2,12495.85,2012-02-05,2012-02-05,2012-03-03,90239bfbc875222b0f39030daf2140b3,2012-02-05,2012-02-05,2012-03-03
1361,117467296,L,2012-02-05,,102,Online,11,38,24745.98,19948.48,4797.5,2012-02-05,2012-02-05,2012-03-15,f5843953b4974e094b7558b989c3bf59,2012-02-05,2012-02-05,2012-03-15
1362,998693549,M,2012-02-05,,116,Offline,12,4469,2986498.63,2245851.26,740647.37,2012-02-05,2012-02-05,2012-03-21,0ea83b15e74e6d2ab8616fe5c2728740,2012-02-05,2012-02-05,2012-03-21
1363,429064881,H,2012-02-06,,53,Online,6,8688,1338473.28,789999.84,548473.44,2012-02-06,2012-02-06,2012-02-15,568c62857f9538be31a35d6e4359585a,2012-02-06,2012-02-06,2012-02-15
1364,942372310,M,2012-02-06,,32,Offline,6,7763,1195967.78,705889.59,490078.19,2012-02-06,2012-02-06,2012-02-19,80f1cad10db8009c329d833d7ccb9dd0,2012-02-06,2012-02-06,2012-02-19
1365,410291135,L,2012-02-06,,45,Offline,3,3119,254915.87,176753.73,78162.14,2012-02-06,2012-02-06,2012-02-22,07d273d896d8f837099d563ebb391543,2012-02-06,2012-02-06,2012-02-22
1366,243964135,M,2012-02-06,,146,Online,7,3264,671404.8,382247.04,289157.76,2012-02-06,2012-02-06,2012-02-27,f31f81a07c56d5f3e9906d9a227b609b,2012-02-06,2012-02-06,2012-02-27
1367,919505298,L,2012-02-06,,68,Online,6,906,139578.36,82382.58,57195.78,2012-02-06,2012-02-06,2012-02-27,0819f9a1ea760e27ced28d19b1953248,2012-02-06,2012-02-06,2012-02-27
1368,549539840,L,2012-02-06,,142,Offline,11,9905,6450235.05,5199728.8,1250506.25,2012-02-06,2012-02-06,2012-03-22,2058d2a1666bf38ac39ffa570610152c,2012-02-06,2012-02-06,2012-03-22
1369,786278474,H,2012-02-07,,179,Offline,2,6128,290773.6,194809.12,95964.48,2012-02-07,2012-02-07,2012-03-19,c966f3de36180940f69b8214f73815c5,2012-02-07,2012-02-07,2012-03-19
1370,490935933,C,2012-02-08,,74,Offline,4,7707,842220.96,276218.88,566002.08,2012-02-08,2012-02-08,2012-03-18,b85862e09c1cd853b6128a4874af288d,2012-02-08,2012-02-08,2012-03-18
1371,185478246,H,2012-02-08,,78,Offline,4,5989,654477.92,214645.76,439832.16,2012-02-08,2012-02-08,2012-03-20,c7bb2cf75ca1a9f9615d8f82d9cf1fbe,2012-02-08,2012-02-08,2012-03-20
1372,205354487,H,2012-02-12,,32,Offline,10,7811,3414969.2,2056870.63,1358098.57,2012-02-12,2012-02-12,2012-02-20,8981a92641fabd6608a58bb3e9c2737e,2012-02-12,2012-02-12,2012-02-20
1373,128448903,L,2012-02-12,,157,Online,10,9740,4258328,2564834.2,1693493.8,2012-02-12,2012-02-12,2012-02-21,31ce5dd23f96236331343ee29e0b6eec,2012-02-12,2012-02-12,2012-02-21
1374,599997556,H,2012-02-13,,185,Offline,2,1465,69514.25,46572.35,22941.9,2012-02-13,2012-02-13,2012-02-14,bcac4ae80a50792ee6bb73a49f5f5b42,2012-02-13,2012-02-13,2012-02-14
1375,321382129,C,2012-02-14,,13,Online,5,2969,453010.02,289299.36,163710.66,2012-02-14,2012-02-14,2012-03-04,7f0757bd1a83a6e584d53a6292c290a6,2012-02-14,2012-02-14,2012-03-04
1376,217516267,M,2012-02-14,,9,Online,3,6752,551840.96,382635.84,169205.12,2012-02-14,2012-02-14,2012-03-14,f23dbaff8b5667a52f3c06640b5b5b3f,2012-02-14,2012-02-14,2012-03-14
1377,364715468,M,2012-02-15,,144,Offline,10,6267,2739932.4,1650289.11,1089643.29,2012-02-15,2012-02-15,2012-02-19,94f7c1fc19bd19bee2b8bd17cf5d64cb,2012-02-15,2012-02-15,2012-02-19
1378,684853637,H,2012-02-15,,28,Offline,4,2265,247519.2,81177.6,166341.6,2012-02-15,2012-02-15,2012-04-03,1ffea720e306a34ec80ae2e928308373,2012-02-15,2012-02-15,2012-04-03
1379,873929631,M,2012-02-16,,16,Offline,2,4053,192314.85,128844.87,63469.98,2012-02-16,2012-02-16,2012-02-25,c8fc0488dcba1c43a2551037cd766ece,2012-02-16,2012-02-16,2012-02-25
1380,767899119,L,2012-02-16,,80,Online,3,7269,594095.37,411934.23,182161.14,2012-02-16,2012-02-16,2012-03-07,c59d5a7391fe9727daef6c056a825249,2012-02-16,2012-02-16,2012-03-07
1381,775849616,C,2012-02-17,,28,Offline,11,9997,6510146.37,5248025.12,1262121.25,2012-02-17,2012-02-17,2012-03-05,fe1e2412485b239c9366b3f33a0362e1,2012-02-17,2012-02-17,2012-03-05
1382,694968783,L,2012-02-17,,133,Online,9,5562,2346552.18,2028405.78,318146.4,2012-02-17,2012-02-17,2012-04-02,68118f950b01155b071a5a2c541d55de,2012-02-17,2012-02-17,2012-04-02
1383,160722959,C,2012-02-17,,178,Online,4,350,38248,12544,25704,2012-02-17,2012-02-17,2012-04-05,c084a81bf1e43450ed79ab903c91dd7b,2012-02-17,2012-02-17,2012-04-05
1384,104165685,L,2012-02-19,,11,Online,12,3796,2536752.92,1907641.84,629111.08,2012-02-19,2012-02-19,2012-03-06,e7f3e8e5c95ae1b03a82895b5ecbe422,2012-02-19,2012-02-19,2012-03-06
1385,515771901,L,2012-02-19,,137,Offline,6,7222,1112621.32,656696.46,455924.86,2012-02-19,2012-02-19,2012-03-19,96cc4f0709b21412d67b207e4e9eff20,2012-02-19,2012-02-19,2012-03-19
1386,939539897,L,2012-02-20,,38,Offline,11,9589,6244452.69,5033841.44,1210611.25,2012-02-20,2012-02-20,2012-03-03,022a505817a1f9bb7ca59dada3aaf81c,2012-02-20,2012-02-20,2012-03-03
1387,168319404,H,2012-02-20,,91,Online,11,8307,5409601.47,4360842.72,1048758.75,2012-02-20,2012-02-20,2012-03-10,60ee67c6431a9a92e72e2b9d39907d95,2012-02-20,2012-02-20,2012-03-10
1388,652501904,M,2012-02-21,,45,Online,7,8668,1783007.6,1015109.48,767898.12,2012-02-21,2012-02-21,2012-03-25,e8a19776fe4ebd3e59d8280074dc0b66,2012-02-21,2012-02-21,2012-03-25
1389,540095460,L,2012-02-22,,2,Online,10,5104,2231468.8,1344036.32,887432.48,2012-02-22,2012-02-22,2012-03-13,5b4e6673d49832b7ad01041b39caab27,2012-02-22,2012-02-22,2012-03-13
1390,986966502,M,2012-02-22,,68,Offline,8,4175,1065794,665578.5,400215.5,2012-02-22,2012-02-22,2012-04-09,2a841fc29de159d8f05718eb4ae16646,2012-02-22,2012-02-22,2012-04-09
1391,795371806,H,2012-02-24,,115,Offline,4,7047,770096.16,252564.48,517531.68,2012-02-24,2012-02-24,2012-03-04,363fd55789f1ac940c63f72cfc8f50c8,2012-02-24,2012-02-24,2012-03-04
1392,504240548,C,2012-02-24,,52,Offline,10,4838,2115173.6,1273990.54,841183.06,2012-02-24,2012-02-24,2012-03-27,d88dfe384031796024f88ff4ffd4a8f7,2012-02-24,2012-02-24,2012-03-27
1393,566347634,C,2012-02-25,,1,Offline,1,3705,34567.65,25638.6,8929.05,2012-02-25,2012-02-25,2012-03-06,4e403a6806cf5503d602f7ee243b6abd,2012-02-25,2012-02-25,2012-03-06
1394,385340154,M,2012-02-26,,88,Offline,10,9569,4183566.8,2519804.77,1663762.03,2012-02-26,2012-02-26,2012-03-18,049a9fed8ec9ceecb6ca97cd80b662e1,2012-02-26,2012-02-26,2012-03-18
1395,640970551,L,2012-02-26,,19,Offline,2,6285,298223.25,199800.15,98423.1,2012-02-26,2012-02-26,2012-04-02,9cb048bd62eb6861b09ee139291b09e3,2012-02-26,2012-02-26,2012-04-02
1396,915020644,M,2012-02-28,,55,Offline,1,3797,35426.01,26275.24,9150.77,2012-02-28,2012-02-28,2012-03-18,ba624aeb65ca168fb734c2645a187f10,2012-02-28,2012-02-28,2012-03-18
1397,503178393,M,2012-02-29,,184,Offline,5,523,79799.34,50961.12,28838.22,2012-02-29,2012-02-29,2012-03-06,df0ad59a96085a8863948f341f1d7ac9,2012-02-29,2012-02-29,2012-03-06
1398,183158242,H,2012-02-29,,168,Offline,12,9449,6314483.23,4748500.46,1565982.77,2012-02-29,2012-02-29,2012-04-07,1d0f9e0d954de8745f3536f6fbda1ed4,2012-02-29,2012-02-29,2012-04-07
1399,176782310,H,2012-03-01,,14,Offline,8,2669,681342.32,425491.98,255850.34,2012-03-01,2012-03-01,2012-03-16,0833af0189e8e2c8c8dd0bb171a63d2f,2012-03-01,2012-03-01,2012-03-16
1400,991454160,L,2012-03-01,,31,Offline,4,2173,237465.44,77880.32,159585.12,2012-03-01,2012-03-01,2012-03-19,de0719253fecb904c2448f612fbfeb84,2012-03-01,2012-03-01,2012-03-19
1401,459372985,H,2012-03-01,,23,Offline,8,7529,1922003.12,1200273.18,721729.94,2012-03-01,2012-03-01,2012-03-22,ad7224545d65e6fbe8848e7cba4c5822,2012-03-01,2012-03-01,2012-03-22
1402,891681563,M,2012-03-01,,32,Offline,12,7245,4841616.15,3640902.3,1200713.85,2012-03-01,2012-03-01,2012-03-27,26aad66d27bb2c40018872440acaa51b,2012-03-01,2012-03-01,2012-03-27
1403,956071317,M,2012-03-01,,35,Offline,10,1603,700831.6,422117.99,278713.61,2012-03-01,2012-03-01,2012-03-31,9366b2fc02d331413af8cc64f354c7c6,2012-03-01,2012-03-01,2012-03-31
1404,303515183,H,2012-03-01,,16,Online,6,5742,884612.52,522120.06,362492.46,2012-03-01,2012-03-01,2012-04-18,14bacf5f768f7f2eba2e260b38868367,2012-03-01,2012-03-01,2012-04-18
1405,899868094,C,2012-03-02,,33,Online,1,9821,91629.93,67961.32,23668.61,2012-03-02,2012-03-02,2012-03-26,7db59371204f3fc14d47bc2744407a41,2012-03-02,2012-03-02,2012-03-26
1406,760619390,C,2012-03-02,,32,Online,6,3035,467572.1,275972.55,191599.55,2012-03-02,2012-03-02,2012-04-16,6cb91d8c505703ea4b39e6e50a1494b1,2012-03-02,2012-03-02,2012-04-16
1407,263685023,L,2012-03-03,,85,Offline,11,9113,5934476.73,4783960.48,1150516.25,2012-03-03,2012-03-03,2012-04-08,6793e45fdc75cc240045c09476b98096,2012-03-03,2012-03-03,2012-04-08
1408,338425958,H,2012-03-03,,27,Offline,11,6616,4308405.36,3473135.36,835270,2012-03-03,2012-03-03,2012-04-08,3421a9bfad5351ae37d752cc782ba3e6,2012-03-03,2012-03-03,2012-04-08
1409,381759297,C,2012-03-04,,140,Online,4,9914,1083401.92,355317.76,728084.16,2012-03-04,2012-03-04,2012-03-25,c1ab10ea472b244e67f0b6ece4c7ade0,2012-03-04,2012-03-04,2012-03-25
1410,246603858,H,2012-03-05,,139,Offline,10,4417,1931112.4,1163128.61,767983.79,2012-03-05,2012-03-05,2012-04-15,dde0233ef5b2a256640d00e0c1b861e4,2012-03-05,2012-03-05,2012-04-15
1411,454453599,L,2012-03-05,,12,Offline,10,1774,775592.8,467147.42,308445.38,2012-03-05,2012-03-05,2012-04-21,b797e3b794fe25cbe029952b464f4039,2012-03-05,2012-03-05,2012-04-21
1413,302216994,M,2012-03-07,,57,Offline,1,1579,14732.07,10926.68,3805.39,2012-03-07,2012-03-07,2012-03-29,70be1ef18c2ed45a1e52028e42cf77da,2012-03-07,2012-03-07,2012-03-29
1414,840084016,C,2012-03-09,,159,Online,5,8384,1279230.72,816936.96,462293.76,2012-03-09,2012-03-09,2012-03-26,828bd82f600b3cf7c6bc368150ac4277,2012-03-09,2012-03-09,2012-03-26
1415,326540553,L,2012-03-10,,53,Online,7,9461,1946127.7,1107977.71,838149.99,2012-03-10,2012-03-10,2012-03-23,01fda712ecd642ed1ba74e762917629c,2012-03-10,2012-03-10,2012-03-23
1416,544741475,C,2012-03-10,,101,Online,3,9963,814275.99,564603.21,249672.78,2012-03-10,2012-03-10,2012-03-25,47a1af32a088a6f5f6e1ff851676d8e7,2012-03-10,2012-03-10,2012-03-25
1417,702763926,H,2012-03-10,,52,Offline,1,2318,21626.94,16040.56,5586.38,2012-03-10,2012-03-10,2012-04-17,a1885afb14e4d9f1d20739b1639c9504,2012-03-10,2012-03-10,2012-04-17
1418,109914195,M,2012-03-12,,172,Offline,4,4908,536346.24,175902.72,360443.52,2012-03-12,2012-03-12,2012-04-16,83a239a1f8cc3143614d13ab96664dda,2012-03-12,2012-03-12,2012-04-16
1419,255538833,M,2012-03-12,,156,Offline,1,8474,79062.42,58640.08,20422.34,2012-03-12,2012-03-12,2012-04-18,22db136fb0c270ebf51a82424ad06e14,2012-03-12,2012-03-12,2012-04-18
1420,340512931,C,2012-03-13,,159,Online,11,4198,2733779.58,2203782.08,529997.5,2012-03-13,2012-03-13,2012-03-21,89d6093079cab53ec476f71fd4b78bf7,2012-03-13,2012-03-13,2012-03-21
1421,136874473,H,2012-03-13,,179,Offline,7,3053,628002.1,357536.83,270465.27,2012-03-13,2012-03-13,2012-04-08,7ba0d81046e10c104d2e3c6c11d96aed,2012-03-13,2012-03-13,2012-04-08
1422,334373033,H,2012-03-13,,82,Online,9,7266,3065452.74,2649837.54,415615.2,2012-03-13,2012-03-13,2012-04-18,fe4d3a79a956c39a13c1418ed24066c8,2012-03-13,2012-03-13,2012-04-18
1423,448354041,H,2012-03-14,,38,Offline,3,6779,554047.67,384165.93,169881.74,2012-03-14,2012-03-14,2012-04-05,b75a5a7dc8a85d905dc7e4104f8a45c0,2012-03-14,2012-03-14,2012-04-05
1424,631172120,C,2012-03-15,,75,Offline,9,6711,2831303.79,2447434.59,383869.2,2012-03-15,2012-03-15,2012-04-20,26e3c36c5b0f951a078087ba3972ef28,2012-03-15,2012-03-15,2012-04-20
1425,460751855,M,2012-03-15,,161,Offline,4,5568,608471.04,199557.12,408913.92,2012-03-15,2012-03-15,2012-04-27,cfaa965a2306d67cbdc37523dc916984,2012-03-15,2012-03-15,2012-04-27
1426,566428315,H,2012-03-16,,118,Online,2,7581,359718.45,240999.99,118718.46,2012-03-16,2012-03-16,2012-03-23,73b4f289c34682f62e8ca221cae75919,2012-03-16,2012-03-16,2012-03-23
1427,971658599,H,2012-03-16,,170,Offline,8,4227,1079068.56,673868.34,405200.22,2012-03-16,2012-03-16,2012-05-03,618481e1ea74fd81612d1d3432bcf021,2012-03-16,2012-03-16,2012-05-03
1428,938322389,M,2012-03-17,,124,Offline,8,9301,2374359.28,1482765.42,891593.86,2012-03-17,2012-03-17,2012-04-20,7741ef01eefb3d00698de6daeb038d1e,2012-03-17,2012-03-17,2012-04-20
1429,946390902,H,2012-03-18,,65,Online,10,6954,3040288.8,1831196.82,1209091.98,2012-03-18,2012-03-18,2012-03-23,635fc1e9e6dba7beaadd79977533dba7,2012-03-18,2012-03-18,2012-03-23
1430,755268275,M,2012-03-18,,53,Offline,6,9521,1466805.26,865744.53,601060.73,2012-03-18,2012-03-18,2012-04-06,12e617b53219a39fd6ec0562338911d7,2012-03-18,2012-03-18,2012-04-06
1431,754796206,C,2012-03-20,,22,Online,2,9826,466243.7,312368.54,153875.16,2012-03-20,2012-03-20,2012-04-08,5e019ff93efb0cb01f9a7b4957b960df,2012-03-20,2012-03-20,2012-04-08
1432,214292466,L,2012-03-20,,58,Online,5,2758,420815.64,268739.52,152076.12,2012-03-20,2012-03-20,2012-04-13,8a38447c9fa648ab298ffcb84eb9def3,2012-03-20,2012-03-20,2012-04-13
1433,567412793,M,2012-03-21,,58,Offline,1,8910,83130.3,61657.2,21473.1,2012-03-21,2012-03-21,2012-03-27,0dd511c355f06decf7d8b6bb1f6c85ef,2012-03-21,2012-03-21,2012-03-27
1434,610864150,L,2012-03-22,,130,Offline,2,7132,338413.4,226726.28,111687.12,2012-03-22,2012-03-22,2012-04-07,2b008c75102708f77df01cdc52788dec,2012-03-22,2012-03-22,2012-04-07
1435,263647687,M,2012-03-23,,185,Online,4,8064,881233.92,289013.76,592220.16,2012-03-23,2012-03-23,2012-03-30,936a51605a332a921843446d4d3758d8,2012-03-23,2012-03-23,2012-03-30
1436,548403012,C,2012-03-23,,169,Online,12,3493,2334267.11,1755372.22,578894.89,2012-03-23,2012-03-23,2012-04-04,db96020a32241b6400a9fbf846b4b8d2,2012-03-23,2012-03-23,2012-04-04
1437,456934964,L,2012-03-23,,137,Offline,9,6065,2558762.85,2211844.85,346918,2012-03-23,2012-03-23,2012-05-05,d736640277edb00ffa5091a418361ae6,2012-03-23,2012-03-23,2012-05-05
1438,741690289,C,2012-03-23,,26,Offline,9,1494,630303.66,544846.86,85456.8,2012-03-23,2012-03-23,2012-05-10,baf6eaf9c2429448b1e7aa558c39612f,2012-03-23,2012-03-23,2012-05-10
1439,622907912,H,2012-03-24,,7,Offline,2,1148,54472.6,36494.92,17977.68,2012-03-24,2012-03-24,2012-04-05,e231d405c2c888944144df33b75ca414,2012-03-24,2012-03-24,2012-04-05
1440,720515859,H,2012-03-25,,104,Offline,8,5509,1406337.52,878244.78,528092.74,2012-03-25,2012-03-25,2012-03-29,e13dccd5dd939aa9af2f18541550f6fa,2012-03-25,2012-03-25,2012-03-29
1441,350550401,H,2012-03-25,,30,Online,10,4508,1970897.6,1187091.64,783805.96,2012-03-25,2012-03-25,2012-04-22,03b1db0ac2a39e32793842f7cfc966f6,2012-03-25,2012-03-25,2012-04-22
1442,483423173,C,2012-03-26,,86,Online,6,4514,695426.84,410458.02,284968.82,2012-03-26,2012-03-26,2012-04-29,bad7160622319eac166742d610a75441,2012-03-26,2012-03-26,2012-04-29
1444,339727151,C,2012-03-27,,115,Online,10,1668,729249.6,439234.44,290015.16,2012-03-27,2012-03-27,2012-04-27,3a2aaeab832695b5170cc6e57ff168ee,2012-03-27,2012-03-27,2012-04-27
1445,846776664,L,2012-03-27,,158,Offline,5,8887,1355978.46,865949.28,490029.18,2012-03-27,2012-03-27,2012-05-03,249fa278a58d3651cfcfca903ef8637a,2012-03-27,2012-03-27,2012-05-03
1446,106727731,C,2012-03-28,,80,Online,4,1962,214407.36,70318.08,144089.28,2012-03-28,2012-03-28,2012-04-05,29c253004f71d635e091dc26d30818f4,2012-03-28,2012-03-28,2012-04-05
1447,530613744,L,2012-03-28,,113,Online,1,9253,86330.49,64030.76,22299.73,2012-03-28,2012-03-28,2012-04-14,2ea8d9a66f1096b984e542112863834e,2012-03-28,2012-03-28,2012-04-14
1448,441192328,C,2012-03-29,,87,Offline,12,7469,4991308.63,3753471.26,1237837.37,2012-03-29,2012-03-29,2012-04-20,7839b93474567561b760b657132c21b1,2012-03-29,2012-03-29,2012-04-20
1449,659393250,H,2012-03-29,,92,Offline,10,7971,3484921.2,2099003.43,1385917.77,2012-03-29,2012-03-29,2012-04-22,32f1850da267a88aaacafe0e1851314f,2012-03-29,2012-03-29,2012-04-22
1450,931632745,L,2012-03-29,,149,Online,12,9687,6473531.49,4868104.98,1605426.51,2012-03-29,2012-03-29,2012-05-02,d0389df2d60a374ca6aea5c4901f70c1,2012-03-29,2012-03-29,2012-05-02
1451,975320136,H,2012-03-29,,149,Offline,7,7757,1595614.9,908422.27,687192.63,2012-03-29,2012-03-29,2012-05-12,1ea44e55f679f924e7a5ba9c9d94b858,2012-03-29,2012-03-29,2012-05-12
1452,147778403,C,2012-03-30,,81,Offline,4,9768,1067447.04,350085.12,717361.92,2012-03-30,2012-03-30,2012-04-19,54619a5b1dffc1daecba57d3cd606752,2012-03-30,2012-03-30,2012-04-19
1453,850279843,C,2012-03-31,,43,Offline,1,5556,51837.48,38447.52,13389.96,2012-03-31,2012-03-31,2012-04-10,8e3c9de50a71c526766af6e2cde1df3a,2012-03-31,2012-03-31,2012-04-10
1454,264042079,L,2012-03-31,,111,Online,10,4774,2087192.8,1257137.42,830055.38,2012-03-31,2012-03-31,2012-05-01,8093c32a90d198de89f52aad51594d95,2012-03-31,2012-03-31,2012-05-01
1455,999879729,M,2012-03-31,,163,Offline,12,5486,3666129.22,2756934.44,909194.78,2012-03-31,2012-03-31,2012-05-06,ed3465f796b7308a9eb9f19ee9d205eb,2012-03-31,2012-03-31,2012-05-06
1456,388728320,C,2012-03-31,,32,Offline,5,2203,336133.74,214660.32,121473.42,2012-03-31,2012-03-31,2012-05-10,02eaedc6f204d82d9108cae40c6e68d9,2012-03-31,2012-03-31,2012-05-10
1457,565288484,M,2012-04-01,,6,Offline,3,279,22802.67,15810.93,6991.74,2012-04-01,2012-04-01,2012-04-06,7fc16a167c6534ff96737a3c2b5b409a,2012-04-01,2012-04-01,2012-04-06
1458,134790503,M,2012-04-02,,23,Online,4,6360,695020.8,227942.4,467078.4,2012-04-02,2012-04-02,2012-04-26,e9beac026941beaa5984e8ecb0f98de7,2012-04-02,2012-04-02,2012-04-26
1459,192922341,C,2012-04-02,,94,Offline,2,8863,420549.35,281754.77,138794.58,2012-04-02,2012-04-02,2012-05-01,3ef4ed9bfc6bd39d812e283a0940eb36,2012-04-02,2012-04-02,2012-05-01
1460,173676526,H,2012-04-05,,42,Offline,12,3598,2404435.46,1808138.92,596296.54,2012-04-05,2012-04-05,2012-05-10,a1c8e73d20ff8d370a7a99e2022de881,2012-04-05,2012-04-05,2012-05-10
1461,620429551,H,2012-04-05,,173,Offline,10,7746,3386551.2,2039754.18,1346797.02,2012-04-05,2012-04-05,2012-05-11,c83ae9788da54ed11d87e5e96ecf22e5,2012-04-05,2012-04-05,2012-05-11
1462,907349526,C,2012-04-05,,145,Online,10,3743,1636439.6,985644.19,650795.41,2012-04-05,2012-04-05,2012-05-16,480eb06b9c4cf742fca48aca08c43070,2012-04-05,2012-04-05,2012-05-16
1463,826350677,C,2012-04-05,,47,Online,2,4383,207973.35,139335.57,68637.78,2012-04-05,2012-04-05,2012-05-18,6fce5fdd1e7a45ddcdd4df557f4a4e63,2012-04-05,2012-04-05,2012-05-18
1464,722248780,H,2012-04-06,,58,Online,5,8319,1269313.02,810603.36,458709.66,2012-04-06,2012-04-06,2012-04-08,af668a99d8e282a71368f37180e50e1d,2012-04-06,2012-04-06,2012-04-08
1465,244088160,H,2012-04-06,,6,Online,12,9966,6659978.82,5008313.64,1651665.18,2012-04-06,2012-04-06,2012-05-13,0dbc4167004d100f7f1e33818deb56b0,2012-04-06,2012-04-06,2012-05-13
1466,518492305,L,2012-04-06,,157,Offline,10,2250,983700,592492.5,391207.5,2012-04-06,2012-04-06,2012-05-21,afb3d2d6f5790d78c4c629a7a5585068,2012-04-06,2012-04-06,2012-05-21
1467,948518216,H,2012-04-07,,54,Offline,9,6473,2730893.97,2360638.37,370255.6,2012-04-07,2012-04-07,2012-05-04,117dfe74843e6313823b5cad91bc1fa1,2012-04-07,2012-04-07,2012-05-04
1468,719730079,H,2012-04-08,,101,Offline,4,2979,325545.12,106767.36,218777.76,2012-04-08,2012-04-08,2012-05-06,95e595d629e12f91720877d88bcb88b0,2012-04-08,2012-04-08,2012-05-06
1469,110743319,C,2012-04-08,,112,Offline,8,264,67393.92,42086.88,25307.04,2012-04-08,2012-04-08,2012-05-09,1566e5f7336bd0eb3f44cc6654b13ae0,2012-04-08,2012-04-08,2012-05-09
1470,160334575,C,2012-04-09,,133,Offline,3,5418,442813.14,307038.06,135775.08,2012-04-09,2012-04-09,2012-04-23,6e690e3b00e152faf7aa2cc184b21321,2012-04-09,2012-04-09,2012-04-23
1471,871022546,M,2012-04-10,,85,Online,12,3782,2527397.14,1900606.28,626790.86,2012-04-10,2012-04-10,2012-04-11,0788b8c9572104a9808a3937a550a11c,2012-04-10,2012-04-10,2012-04-11
1472,253731238,H,2012-04-10,,62,Online,8,3567,910583.76,568651.14,341932.62,2012-04-10,2012-04-10,2012-05-13,f85ef7f2b1bb1c51c34db4e69505532b,2012-04-10,2012-04-10,2012-05-13
1473,291160714,H,2012-04-10,,34,Online,10,9780,4275816,2575367.4,1700448.6,2012-04-10,2012-04-10,2012-05-26,0cd12a29434f4983b2d16a2f2e687533,2012-04-10,2012-04-10,2012-05-26
1474,509361636,M,2012-04-10,,168,Online,12,282,188452.14,141716.28,46735.86,2012-04-10,2012-04-10,2012-05-28,e7a2c24618b796ddcbdd51e1d53956cb,2012-04-10,2012-04-10,2012-05-28
1475,943598830,L,2012-04-11,,152,Offline,12,718,479817.86,360823.72,118994.14,2012-04-11,2012-04-11,2012-04-13,50705cb260f0fb70c135ed0a48bc1b5b,2012-04-11,2012-04-11,2012-04-13
1476,184894168,H,2012-04-11,,143,Offline,7,3148,647543.6,368662.28,278881.32,2012-04-11,2012-04-11,2012-04-16,bb90b7c7116cd726ff3b11da47ab0f32,2012-04-11,2012-04-11,2012-04-16
1477,107870566,C,2012-04-11,,17,Offline,4,153,16719.84,5483.52,11236.32,2012-04-11,2012-04-11,2012-05-12,ff2fa449302118f64c9c30da38e123dc,2012-04-11,2012-04-11,2012-05-12
1478,987050187,C,2012-04-12,,167,Online,6,8940,1377296.4,812914.2,564382.2,2012-04-12,2012-04-12,2012-04-25,e1fdd983c1e876bbeb8d9d020b2bbe58,2012-04-12,2012-04-12,2012-04-25
1479,801949441,M,2012-04-12,,70,Online,8,3516,897564.48,560520.72,337043.76,2012-04-12,2012-04-12,2012-05-07,24a24b182dcd9792cd02da4b12c51da6,2012-04-12,2012-04-12,2012-05-07
1480,787504994,M,2012-04-12,,77,Offline,1,9083,84744.39,62854.36,21890.03,2012-04-12,2012-04-12,2012-05-12,3cb1654884c2d5180e83ecd0da65b817,2012-04-12,2012-04-12,2012-05-12
1481,313555657,M,2012-04-12,,148,Online,4,6942,758621.76,248801.28,509820.48,2012-04-12,2012-04-12,2012-05-20,1af5db59a4eb0d8f71f10d8c3768e677,2012-04-12,2012-04-12,2012-05-20
1482,585677134,H,2012-04-13,,134,Online,5,3734,569733.72,363840.96,205892.76,2012-04-13,2012-04-13,2012-05-04,55be5b8ed0dec3b2066f80314b479fdf,2012-04-13,2012-04-13,2012-05-04
1483,839142882,H,2012-04-13,,41,Online,9,9881,4168695.09,3603501.89,565193.2,2012-04-13,2012-04-13,2012-05-20,9e4a6c6d8248419132122ec41c6d9b0f,2012-04-13,2012-04-13,2012-05-20
1484,192608630,H,2012-04-14,,182,Offline,10,6029,2635878.8,1587616.57,1048262.23,2012-04-14,2012-04-14,2012-04-16,786687c61aad75aa33bbf0e53764add7,2012-04-14,2012-04-14,2012-04-16
1485,921716296,H,2012-04-16,,173,Online,2,5189,246218.05,164958.31,81259.74,2012-04-16,2012-04-16,2012-04-25,dca880a402ba7b246de076ebe7e7c02a,2012-04-16,2012-04-16,2012-04-25
1486,886097419,L,2012-04-17,,22,Offline,3,4772,390015.56,270429.24,119586.32,2012-04-17,2012-04-17,2012-05-08,5e161fdc6bc8f07dc60345376d885aa1,2012-04-17,2012-04-17,2012-05-08
1487,954580438,L,2012-04-18,,104,Offline,6,419,64551.14,38099.67,26451.47,2012-04-18,2012-04-18,2012-05-11,8ea9d376154dc29e35e2ccd05e71596e,2012-04-18,2012-04-18,2012-05-11
1488,314186084,L,2012-04-19,,74,Online,2,3499,166027.55,111233.21,54794.34,2012-04-19,2012-04-19,2012-04-30,8d243ee4777eeca807e5ff26fafbd47b,2012-04-19,2012-04-19,2012-04-30
1489,933642041,H,2012-04-19,,140,Online,3,4282,349967.86,242660.94,107306.92,2012-04-19,2012-04-19,2012-05-19,e55752c60eeb9377212b0461891e8eb3,2012-04-19,2012-04-19,2012-05-19
1490,918961560,C,2012-04-19,,12,Online,8,2,510.56,318.84,191.72,2012-04-19,2012-04-19,2012-05-24,4fb624cba3803201a5dec056538c52b2,2012-04-19,2012-04-19,2012-05-24
1491,677775609,L,2012-04-20,,114,Online,10,7719,3374746.8,2032644.27,1342102.53,2012-04-20,2012-04-20,2012-05-05,736bb281a676cbc97293407432912bab,2012-04-20,2012-04-20,2012-05-05
1492,812695014,H,2012-04-20,,110,Online,8,3369,860038.32,537085.98,322952.34,2012-04-20,2012-04-20,2012-06-04,19a243b300639f29d439f8d7126186c4,2012-04-20,2012-04-20,2012-06-04
1493,837608659,H,2012-04-21,,54,Online,12,5871,3923413.17,2950412.34,973000.83,2012-04-21,2012-04-21,2012-05-02,520175900282548801078d3fe0f145d1,2012-04-21,2012-04-21,2012-05-02
1494,685844123,M,2012-04-21,,142,Offline,1,5372,50120.76,37174.24,12946.52,2012-04-21,2012-04-21,2012-05-28,28847d221132a98931a08a8f823af49a,2012-04-21,2012-04-21,2012-05-28
1495,877084767,C,2012-04-21,,58,Online,9,7728,3260365.92,2818324.32,442041.6,2012-04-21,2012-04-21,2012-06-09,fe0d9c2301f11293b50641df404e6838,2012-04-21,2012-04-21,2012-06-09
1496,577530944,C,2012-04-22,,84,Online,3,3095,252954.35,175393.65,77560.7,2012-04-22,2012-04-22,2012-05-15,2e9ea0ddd4b254deb26c2b2b361775c0,2012-04-22,2012-04-22,2012-05-15
1497,309148681,M,2012-04-23,,160,Offline,12,2819,1883853.13,1416660.26,467192.87,2012-04-23,2012-04-23,2012-05-05,7a692c3b93ba4e13d51e1af062ef1a6a,2012-04-23,2012-04-23,2012-05-05
1498,533725535,L,2012-04-23,,48,Online,5,101,15410.58,9841.44,5569.14,2012-04-23,2012-04-23,2012-05-30,4c44b44308cacbaaa7a0b4661e26bf0b,2012-04-23,2012-04-23,2012-05-30
1499,786955249,L,2012-04-24,,22,Offline,4,6401,699501.28,229411.84,470089.44,2012-04-24,2012-04-24,2012-04-26,aef1efba7c7817fde49fd447025a9ed7,2012-04-24,2012-04-24,2012-04-26
1500,439856803,H,2012-04-24,,113,Offline,2,2257,107094.65,71750.03,35344.62,2012-04-24,2012-04-24,2012-05-12,42199570f082d5c5cc8c0282b8359f1e,2012-04-24,2012-04-24,2012-05-12
1501,182179772,H,2012-04-24,,20,Offline,3,9898,808963.54,560919.66,248043.88,2012-04-24,2012-04-24,2012-05-23,f43f1f2fd9903a8b005989cb0db217f3,2012-04-24,2012-04-24,2012-05-23
1502,651681792,M,2012-04-25,,39,Offline,4,5979,653385.12,214287.36,439097.76,2012-04-25,2012-04-25,2012-06-12,3748c7218b934040429d435df4d5d798,2012-04-25,2012-04-25,2012-06-12
1504,917545354,L,2012-04-26,,76,Offline,3,915,74782.95,51853.05,22929.9,2012-04-26,2012-04-26,2012-05-30,873e22fc3fceb83c68c6cfda6b6ace21,2012-04-26,2012-04-26,2012-05-30
1505,813325440,M,2012-04-27,,9,Online,10,9927,4340084.4,2614076.91,1726007.49,2012-04-27,2012-04-27,2012-05-15,9fb24846647b2c3bb904d00e235f24f3,2012-04-27,2012-04-27,2012-05-15
1506,547225844,L,2012-04-28,,138,Offline,3,5143,420337.39,291453.81,128883.58,2012-04-28,2012-04-28,2012-05-30,308447c58b94ecc43601773a643e42c1,2012-04-28,2012-04-28,2012-05-30
1507,709105527,C,2012-04-29,,108,Online,4,8938,976744.64,320337.92,656406.72,2012-04-29,2012-04-29,2012-05-01,a9f29b911abb7f25cd9ece75b1ebefce,2012-04-29,2012-04-29,2012-05-01
1508,530262696,C,2012-04-29,,90,Offline,4,5370,586833.6,192460.8,394372.8,2012-04-29,2012-04-29,2012-05-11,cd9e0441ccc6e627cedca16c97d92147,2012-04-29,2012-04-29,2012-05-11
1509,752792918,M,2012-04-29,,108,Offline,1,7008,65384.64,48495.36,16889.28,2012-04-29,2012-04-29,2012-05-12,e02f15780ba39a27df96a3b9f050349c,2012-04-29,2012-04-29,2012-05-12
1510,270421016,L,2012-04-29,,170,Online,11,2443,1590906.03,1282477.28,308428.75,2012-04-29,2012-04-29,2012-05-23,6bc03dd586d5a9368670904b55cf3e5a,2012-04-29,2012-04-29,2012-05-23
1511,118774497,M,2012-04-29,,97,Online,11,6868,4472510.28,3605425.28,867085,2012-04-29,2012-04-29,2012-05-24,14cab64342936d4f0c603a23840445a2,2012-04-29,2012-04-29,2012-05-24
1512,956431376,H,2012-04-29,,51,Online,3,8153,666344.69,462030.51,204314.18,2012-04-29,2012-04-29,2012-06-14,5b545dff0f162dc24fbcd1bbb5d72156,2012-04-29,2012-04-29,2012-06-14
1513,748463618,H,2012-04-30,,111,Offline,1,5872,54785.76,40634.24,14151.52,2012-04-30,2012-04-30,2012-05-14,719768c6c29129f27f04f3476ef29f6c,2012-04-30,2012-04-30,2012-05-14
1514,263927066,C,2012-05-01,,173,Offline,11,739,481244.19,387945.44,93298.75,2012-05-01,2012-05-01,2012-05-27,66d8f85ffc06455630c3e11a86407180,2012-05-01,2012-05-01,2012-05-27
1515,754249465,H,2012-05-02,,9,Online,8,8033,2050664.24,1280620.86,770043.38,2012-05-02,2012-05-02,2012-05-14,b6758d367502330725468272818a0ebb,2012-05-02,2012-05-02,2012-05-14
1516,498501050,H,2012-05-02,,25,Online,2,6393,303347.85,203233.47,100114.38,2012-05-02,2012-05-02,2012-05-24,6ad01a303110f43b796626151aface9d,2012-05-02,2012-05-02,2012-05-24
1517,862326610,M,2012-05-02,,139,Online,2,461,21874.45,14655.19,7219.26,2012-05-02,2012-05-02,2012-05-28,39656f9af0831d83cccc02ce67f25046,2012-05-02,2012-05-02,2012-05-28
1518,438086545,C,2012-05-03,,106,Offline,6,8399,1293949.94,763721.07,530228.87,2012-05-03,2012-05-03,2012-06-15,f64d308c82de131ea3386a0777bd067a,2012-05-03,2012-05-03,2012-06-15
1519,211463057,C,2012-05-03,,116,Offline,3,5473,447308.29,310154.91,137153.38,2012-05-03,2012-05-03,2012-06-15,a8a541f8f436b954c772e954a2f48fe7,2012-05-03,2012-05-03,2012-06-15
1520,427735364,H,2012-05-03,,157,Online,5,5254,801655.32,511949.76,289705.56,2012-05-03,2012-05-03,2012-06-18,10ae9272b351debefe495068fa63c5a5,2012-05-03,2012-05-03,2012-06-18
1521,726935136,M,2012-05-03,,151,Offline,3,5116,418130.68,289923.72,128206.96,2012-05-03,2012-05-03,2012-06-19,91c0953afa5762617cb4b4b185fffce4,2012-05-03,2012-05-03,2012-06-19
1522,751730763,C,2012-05-04,,173,Offline,2,2693,127782.85,85610.47,42172.38,2012-05-04,2012-05-04,2012-06-11,7e9266b4a62780e758580fec79ce74f7,2012-05-04,2012-05-04,2012-06-11
1523,179819428,C,2012-05-05,,54,Online,10,1420,620824,373928.6,246895.4,2012-05-05,2012-05-05,2012-06-02,1f7bb2274ee65534ec575bd2d60e2956,2012-05-05,2012-05-05,2012-06-02
1524,620550572,C,2012-05-05,,73,Online,10,3559,1555994.8,937191.47,618803.33,2012-05-05,2012-05-05,2012-06-05,1e9de86f4a7e6bbdb41eba667201c815,2012-05-05,2012-05-05,2012-06-05
1525,217248904,C,2012-05-05,,91,Online,11,7633,4970685.93,4007019.68,963666.25,2012-05-05,2012-05-05,2012-06-15,c503c3d13816c89734830affa002472f,2012-05-05,2012-05-05,2012-06-15
1526,786641538,C,2012-05-06,,135,Online,8,3567,910583.76,568651.14,341932.62,2012-05-06,2012-05-06,2012-06-01,b82cce464577df7884a0d0dbd573215e,2012-05-06,2012-05-06,2012-06-01
1527,686750924,H,2012-05-07,,165,Offline,3,3714,303545.22,210472.38,93072.84,2012-05-07,2012-05-07,2012-05-16,784700b9751ac700d9984afe29a5836c,2012-05-07,2012-05-07,2012-05-16
1528,152505099,M,2012-05-07,,137,Offline,4,8503,929207.84,304747.52,624460.32,2012-05-07,2012-05-07,2012-05-19,7894c2c81569316360924fb4002ee3c4,2012-05-07,2012-05-07,2012-05-19
1529,393336999,C,2012-05-08,,152,Offline,3,6014,491524.22,340813.38,150710.84,2012-05-08,2012-05-08,2012-05-14,86d0428946afef6af6f4e6faf8105ec0,2012-05-08,2012-05-08,2012-05-14
1530,713357150,H,2012-05-09,,134,Offline,4,7088,774576.64,254033.92,520542.72,2012-05-09,2012-05-09,2012-06-03,df0a8b044b71c13b5de4f3974b435d98,2012-05-09,2012-05-09,2012-06-03
1531,428247773,C,2012-05-10,,67,Online,12,6888,4603043.76,3461495.52,1141548.24,2012-05-10,2012-05-10,2012-06-24,146f6cd073aedcc160c3ee70adba640b,2012-05-10,2012-05-10,2012-06-24
1532,881140697,C,2012-05-11,,170,Online,8,7968,2034071.04,1270258.56,763812.48,2012-05-11,2012-05-11,2012-05-29,e979d0b20ae8fa81727a6aae67291d48,2012-05-11,2012-05-11,2012-05-29
1533,663057792,M,2012-05-11,,44,Offline,2,2390,113405.5,75978.1,37427.4,2012-05-11,2012-05-11,2012-06-22,9fae16833b39e10b5dbf36c9c1d291cc,2012-05-11,2012-05-11,2012-06-22
1534,189108455,H,2012-05-11,,84,Offline,11,249,162151.29,130715.04,31436.25,2012-05-11,2012-05-11,2012-06-30,a91d0cb93f1d68292ec4cdca01421b84,2012-05-11,2012-05-11,2012-06-30
1535,801598393,L,2012-05-14,,166,Offline,3,9633,787305.09,545902.11,241402.98,2012-05-14,2012-05-14,2012-06-02,366d7709bafb58d403c68860ec5b4d25,2012-05-14,2012-05-14,2012-06-02
1536,664278304,L,2012-05-15,,161,Offline,2,3567,169254.15,113394.93,55859.22,2012-05-15,2012-05-15,2012-06-24,b749450052518fa28f51ace1979f062a,2012-05-15,2012-05-15,2012-06-24
1537,211031329,C,2012-05-15,,166,Online,11,7715,5024085.15,4050066.4,974018.75,2012-05-15,2012-05-15,2012-06-25,8efb0c4ddc064b117ff2995c37a8e29d,2012-05-15,2012-05-15,2012-06-25
1538,562341058,H,2012-05-15,,126,Online,2,8070,382921.5,256545.3,126376.2,2012-05-15,2012-05-15,2012-07-04,fcaf822b6761232c0f957ce091e0a086,2012-05-15,2012-05-15,2012-07-04
1539,456074512,H,2012-05-16,,19,Online,2,1438,68233.1,45714.02,22519.08,2012-05-16,2012-05-16,2012-05-25,323ff9e7a0480205d09eeed8df533464,2012-05-16,2012-05-16,2012-05-25
1540,948679578,H,2012-05-16,,64,Online,5,4224,644497.92,411586.56,232911.36,2012-05-16,2012-05-16,2012-06-05,f7e1c89e05dff5da0cafdc640f3c62a9,2012-05-16,2012-05-16,2012-06-05
1541,487364089,M,2012-05-16,,85,Online,10,719,314346.8,189334.27,125012.53,2012-05-16,2012-05-16,2012-07-04,bad2053f7f7af61ec1d666648e07d8d4,2012-05-16,2012-05-16,2012-07-04
1542,593158566,C,2012-05-17,,43,Online,4,7656,836647.68,274391.04,562256.64,2012-05-17,2012-05-17,2012-06-25,04bdf8e2b0fc38706112833dc990b40d,2012-05-17,2012-05-17,2012-06-25
1543,125349128,L,2012-05-18,,137,Offline,7,2447,503347.9,286568.17,216779.73,2012-05-18,2012-05-18,2012-06-06,324a2a6314aab4ac84c49e21736e9a7d,2012-05-18,2012-05-18,2012-06-06
1544,871537959,H,2012-05-18,,27,Online,7,6304,1296732.8,738261.44,558471.36,2012-05-18,2012-05-18,2012-06-08,c0056ae5b8d3c57870428d69287957b7,2012-05-18,2012-05-18,2012-06-08
1545,152191388,L,2012-05-18,,163,Offline,8,5669,1447182.32,903751.98,543430.34,2012-05-18,2012-05-18,2012-06-22,bbd2b27be5121f567712a098004792a0,2012-05-18,2012-05-18,2012-06-22
1546,513852298,L,2012-05-18,,83,Offline,8,9169,2340662.32,1461721.98,878940.34,2012-05-18,2012-05-18,2012-06-27,5d75147868ad85f776a46339a01fd71e,2012-05-18,2012-05-18,2012-06-27
1547,704974925,L,2012-05-19,,6,Offline,5,6601,1007180.58,643201.44,363979.14,2012-05-19,2012-05-19,2012-06-14,803cd392d106bab2e35ac252233a0844,2012-05-19,2012-05-19,2012-06-14
1548,904402101,L,2012-05-19,,121,Offline,9,1534,647179.26,559434.46,87744.8,2012-05-19,2012-05-19,2012-06-23,089c886beb5c0da509168bdd4e2ac9b6,2012-05-19,2012-05-19,2012-06-23
1549,742404401,L,2012-05-19,,103,Online,8,2815,718613.2,448767.3,269845.9,2012-05-19,2012-05-19,2012-06-27,63eb639131734d28e9acaa6e5149b62f,2012-05-19,2012-05-19,2012-06-27
1550,380507457,M,2012-05-20,,146,Online,1,9467,88327.11,65511.64,22815.47,2012-05-20,2012-05-20,2012-06-23,09450b56198e42ad56b5d8846769e762,2012-05-20,2012-05-20,2012-06-23
1551,939666926,M,2012-05-20,,178,Offline,4,7180,784630.4,257331.2,527299.2,2012-05-20,2012-05-20,2012-07-07,39bad38f5cc7049b9e2ec18a7f659d59,2012-05-20,2012-05-20,2012-07-07
1552,143414771,H,2012-05-21,,138,Offline,12,8473,5662251.71,4258021.42,1404230.29,2012-05-21,2012-05-21,2012-06-03,45e0e82b6865c654f931e682a7d89426,2012-05-21,2012-05-21,2012-06-03
1553,982882249,M,2012-05-22,,36,Online,12,5554,3711571.58,2791107.16,920464.42,2012-05-22,2012-05-22,2012-05-29,8a746ed9d9969ef012a9ae5419d03c0b,2012-05-22,2012-05-22,2012-05-29
1554,513026177,M,2012-05-22,,54,Online,11,4701,3061338.21,2467836.96,593501.25,2012-05-22,2012-05-22,2012-06-05,2def2ce0ea1fadfd0159fe0abe64412b,2012-05-22,2012-05-22,2012-06-05
1555,197217309,H,2012-05-22,,100,Offline,5,9839,1501234.62,958712.16,542522.46,2012-05-22,2012-05-22,2012-06-11,8339cdfc9b7d5c77d1ef2a738cfe2946,2012-05-22,2012-05-22,2012-06-11
1556,604494225,L,2012-05-22,,75,Offline,3,2129,174003.17,120650.43,53352.74,2012-05-22,2012-05-22,2012-06-25,3105b40f4dacb33e53b30e9db876124f,2012-05-22,2012-05-22,2012-06-25
1557,292424571,C,2012-05-24,,185,Offline,10,3784,1654364.8,996440.72,657924.08,2012-05-24,2012-05-24,2012-06-05,9b4343ea62b017d4206f2904018f3ccc,2012-05-24,2012-05-24,2012-06-05
1558,336111962,M,2012-05-24,,185,Offline,3,1854,151527.42,105066.18,46461.24,2012-05-24,2012-05-24,2012-06-16,3d21fbdb42564a69bdbafc95c8da837c,2012-05-24,2012-05-24,2012-06-16
1559,622441852,L,2012-05-26,,45,Online,4,3231,353083.68,115799.04,237284.64,2012-05-26,2012-05-26,2012-05-28,71c2d9fbd3f4e37de644a7837cf3ca36,2012-05-26,2012-05-26,2012-05-28
1560,217211568,C,2012-05-26,,49,Offline,12,6585,4400557.95,3309225.9,1091332.05,2012-05-26,2012-05-26,2012-06-07,3013fe09b0354fd92432cd7b8e3182c9,2012-05-26,2012-05-26,2012-06-07
1561,319030797,L,2012-05-26,,68,Offline,6,7157,1102607.42,650786.01,451821.41,2012-05-26,2012-05-26,2012-06-23,66261bf4f76f663cedce729d7375d3ad,2012-05-26,2012-05-26,2012-06-23
1562,111063039,L,2012-05-26,,79,Online,8,4876,1244745.28,777331.92,467413.36,2012-05-26,2012-05-26,2012-07-13,3302a7628b2cc00b475a6432d4fc97a0,2012-05-26,2012-05-26,2012-07-13
1563,829937541,M,2012-05-28,,159,Offline,3,5816,475341.68,329592.72,145748.96,2012-05-28,2012-05-28,2012-06-30,bab0a0f1fb2987fd1a408f65f610b602,2012-05-28,2012-05-28,2012-06-30
1564,274989354,M,2012-05-28,,37,Online,5,4316,658535.28,420551.04,237984.24,2012-05-28,2012-05-28,2012-07-10,cd59b75338c32b8d8d37a104d8d3f9d0,2012-05-28,2012-05-28,2012-07-10
1565,567931210,H,2012-05-28,,142,Online,1,2321,21654.93,16061.32,5593.61,2012-05-28,2012-05-28,2012-07-12,aa8701da64d8866c9d82a209744ed19f,2012-05-28,2012-05-28,2012-07-12
1567,297502315,H,2012-05-29,,162,Online,4,6401,699501.28,229411.84,470089.44,2012-05-29,2012-05-29,2012-06-08,94ff798b1e830ede1f2340e43a754405,2012-05-29,2012-05-29,2012-06-08
1568,891808593,H,2012-05-30,,91,Offline,8,4835,1234278.8,770795.7,463483.1,2012-05-30,2012-05-30,2012-06-11,443cf2d29d88958387310a3333d9d650,2012-05-30,2012-05-30,2012-06-11
1569,592372786,C,2012-05-31,,165,Offline,9,5126,2162608.14,1869400.94,293207.2,2012-05-31,2012-05-31,2012-06-11,bdaf0c83fc0915985cb2bf07da9802b0,2012-05-31,2012-05-31,2012-06-11
1570,355398118,H,2012-05-31,,39,Online,10,9056,3959283.2,2384716.48,1574566.72,2012-05-31,2012-05-31,2012-06-15,67953b1e1c5696af08977a2447152bc5,2012-05-31,2012-05-31,2012-06-15
1571,230475842,L,2012-06-01,,14,Offline,4,1778,194299.84,63723.52,130576.32,2012-06-01,2012-06-01,2012-06-08,3ac145d0d538366fa3bd94b06b2ff062,2012-06-01,2012-06-01,2012-06-08
1572,637752759,H,2012-06-01,,6,Online,11,4069,2649773.49,2136062.24,513711.25,2012-06-01,2012-06-01,2012-06-22,5c698ed4d2d3b35f777139066d537958,2012-06-01,2012-06-01,2012-06-22
1573,668924319,L,2012-06-01,,150,Online,6,8426,1298109.56,766176.18,531933.38,2012-06-01,2012-06-01,2012-07-07,e68ede260fa8d07bfee116995db38f9c,2012-06-01,2012-06-01,2012-07-07
1574,205326163,H,2012-06-02,,128,Online,6,9429,1452631.74,857378.97,595252.77,2012-06-02,2012-06-02,2012-07-12,84c499ebd9b7db6922fd94eabfdb9a1f,2012-06-02,2012-06-02,2012-07-12
1575,679039466,H,2012-06-03,,37,Offline,10,1723,753295.6,453717.59,299578.01,2012-06-03,2012-06-03,2012-07-05,9ae0a656de20c8e206e0a5b56b9f87f9,2012-06-03,2012-06-03,2012-07-05
1576,684943330,C,2012-06-04,,141,Online,6,8807,1356806.42,800820.51,555985.91,2012-06-04,2012-06-04,2012-06-08,5c0cec3058cfbdc542733d4b990a9ed7,2012-06-04,2012-06-04,2012-06-08
1577,897122371,C,2012-06-04,,44,Offline,1,7300,68109,50516,17593,2012-06-04,2012-06-04,2012-06-13,309ca9395694449c5d414d22e8f69c2a,2012-06-04,2012-06-04,2012-06-13
1578,953207576,L,2012-06-04,,107,Offline,5,4159,634580.22,405252.96,229327.26,2012-06-04,2012-06-04,2012-07-15,89e2cff79c6a53f29ad26ecad66fd7d0,2012-06-04,2012-06-04,2012-07-15
1579,724419438,M,2012-06-04,,57,Online,7,665,136790.5,77878.15,58912.35,2012-06-04,2012-06-04,2012-07-16,56dff38cab0876898e31a71b16fb3175,2012-06-04,2012-06-04,2012-07-16
1580,323164403,H,2012-06-05,,17,Online,2,383,18173.35,12175.57,5997.78,2012-06-05,2012-06-05,2012-06-30,271b3eab33458112ec845fb5d3a57faa,2012-06-05,2012-06-05,2012-06-30
1581,495631301,M,2012-06-05,,5,Online,6,7171,1104764.26,652059.03,452705.23,2012-06-05,2012-06-05,2012-07-18,c0ffe40891e5b6ae73e4b3bb45911252,2012-06-05,2012-06-05,2012-07-18
1582,930104529,C,2012-06-05,,10,Online,7,7454,1533287.8,872937.94,660349.86,2012-06-05,2012-06-05,2012-07-24,365cd653dce9f5f5dee9b696b55520f6,2012-06-05,2012-06-05,2012-07-24
1583,670026814,M,2012-06-06,,158,Online,8,4679,1194455.12,745926.18,448528.94,2012-06-06,2012-06-06,2012-06-15,904d3f72574d81d06de8ccc5ef5151a0,2012-06-06,2012-06-06,2012-06-15
1584,815651452,M,2012-06-06,,168,Online,9,8245,3478483.05,3006869.05,471614,2012-06-06,2012-06-06,2012-06-17,cd825ce69e9baa99ee0a508280679770,2012-06-06,2012-06-06,2012-06-17
1585,940337693,C,2012-06-06,,102,Offline,1,5675,52947.75,39271,13676.75,2012-06-06,2012-06-06,2012-06-25,f77a6eaf94eda004d48b5010c9429c0c,2012-06-06,2012-06-06,2012-06-25
1586,187890946,C,2012-06-06,,62,Offline,8,9961,2542844.08,1587982.62,954861.46,2012-06-06,2012-06-06,2012-06-26,148df5c482fc248155acfb373fe7303a,2012-06-06,2012-06-06,2012-06-26
1587,767752778,H,2012-06-06,,47,Offline,11,3963,2580745.23,2080416.48,500328.75,2012-06-06,2012-06-06,2012-07-03,def5e2987c308eebd6ac3877d8e662b5,2012-06-06,2012-06-06,2012-07-03
1588,594813811,M,2012-06-08,,108,Offline,3,7480,611340.4,423891.6,187448.8,2012-06-08,2012-06-08,2012-06-17,852e33f092fb162b06aae06dacd688cb,2012-06-08,2012-06-08,2012-06-17
1589,129169023,M,2012-06-08,,33,Offline,2,2839,134710.55,90251.81,44458.74,2012-06-08,2012-06-08,2012-07-18,b69dbf648b07cd1aeabc3ac692abfbbb,2012-06-08,2012-06-08,2012-07-18
1590,263852393,L,2012-06-10,,33,Offline,8,8641,2205874.48,1377548.22,828326.26,2012-06-10,2012-06-10,2012-06-29,527bedc6d43605836c4d66545a86b3e5,2012-06-10,2012-06-10,2012-06-29
1591,351109158,H,2012-06-11,,71,Online,9,9857,4158569.73,3594749.33,563820.4,2012-06-11,2012-06-11,2012-06-26,20e70fb25e5341d55f43451618772a60,2012-06-11,2012-06-11,2012-06-26
1592,989102828,L,2012-06-11,,33,Online,1,6362,59357.46,44025.04,15332.42,2012-06-11,2012-06-11,2012-07-08,a394655e6a1842706a5963cb257de9d3,2012-06-11,2012-06-11,2012-07-08
1593,548489701,M,2012-06-11,,64,Offline,3,9146,747502.58,518303.82,229198.76,2012-06-11,2012-06-11,2012-07-31,086a516509f149f4615e7ecaab885870,2012-06-11,2012-06-11,2012-07-31
1594,251100528,L,2012-06-12,,44,Offline,4,5081,555251.68,182103.04,373148.64,2012-06-12,2012-06-12,2012-07-05,670e44cb194d636455d10d678e13de4d,2012-06-12,2012-06-12,2012-07-05
1595,643932998,H,2012-06-12,,170,Offline,12,2938,1963377.26,1476462.52,486914.74,2012-06-12,2012-06-12,2012-07-25,164caae8a9e201b475e376c596841f84,2012-06-12,2012-06-12,2012-07-25
1596,712416017,H,2012-06-12,,135,Offline,11,8586,5591289.06,4507306.56,1083982.5,2012-06-12,2012-06-12,2012-07-27,0920879eb1bbb669107f37b51c2b5c3e,2012-06-12,2012-06-12,2012-07-27
1597,697617518,M,2012-06-13,,185,Offline,9,9381,3957750.09,3421156.89,536593.2,2012-06-13,2012-06-13,2012-07-07,0d1351525936a1fa2e01a8e080891062,2012-06-13,2012-06-13,2012-07-07
1598,843242156,M,2012-06-13,,87,Offline,8,2948,752565.44,469970.16,282595.28,2012-06-13,2012-06-13,2012-07-09,6f242592b01898af24b26da7e00e4730,2012-06-13,2012-06-13,2012-07-09
1599,780899035,H,2012-06-13,,91,Offline,10,4233,1850667.6,1114675.89,735991.71,2012-06-13,2012-06-13,2012-07-30,68d68d1930dfaf1794bddc128703709d,2012-06-13,2012-06-13,2012-07-30
1600,527079236,M,2012-06-14,,84,Online,6,3314,510554.84,301342.02,209212.82,2012-06-14,2012-06-14,2012-06-20,9b71767a435825e0ec1331a862cefec7,2012-06-14,2012-06-14,2012-06-20
1601,838912856,H,2012-06-14,,71,Offline,8,1811,462312.08,288709.62,173602.46,2012-06-14,2012-06-14,2012-07-11,de1003f5f6eb720d69fff747d29c6dfb,2012-06-14,2012-06-14,2012-07-11
1602,948918616,M,2012-06-14,,64,Offline,10,4960,2168512,1306116.8,862395.2,2012-06-14,2012-06-14,2012-07-25,5bba9ea768d3536557859466d5301aea,2012-06-14,2012-06-14,2012-07-25
1603,314782178,L,2012-06-15,,23,Offline,8,9896,2526250.88,1577620.32,948630.56,2012-06-15,2012-06-15,2012-07-12,c95597592ab75bb64291430bdcd672bc,2012-06-15,2012-06-15,2012-07-12
1604,374724614,M,2012-06-17,,68,Offline,10,8195,3582854,2157989.35,1424864.65,2012-06-17,2012-06-17,2012-06-23,d4cc07b50e2118fd5f5e9c8d71e529b4,2012-06-17,2012-06-17,2012-06-23
1605,439114367,M,2012-06-17,,169,Online,3,2554,208738.42,144735.18,64003.24,2012-06-17,2012-06-17,2012-06-26,62355334ac68494b35dd335e2c4a473e,2012-06-17,2012-06-17,2012-06-26
1606,709071195,C,2012-06-18,,43,Online,12,8778,5866074.06,4411296.12,1454777.94,2012-06-18,2012-06-18,2012-08-02,2cc5e5ffd8fde9e6e2bb639a68bb7fa0,2012-06-18,2012-06-18,2012-08-02
1607,170732104,C,2012-06-18,,60,Online,12,2279,1522987.33,1145288.66,377698.67,2012-06-18,2012-06-18,2012-08-07,9df5bb204e586bfef2b5b8e6150e186c,2012-06-18,2012-06-18,2012-08-07
1608,904169070,M,2012-06-20,,123,Offline,11,2575,1676865.75,1351772,325093.75,2012-06-20,2012-06-20,2012-06-24,bb98c48d83205b4dd1dbbf39a9e5b15d,2012-06-20,2012-06-20,2012-06-24
1609,964347541,M,2012-06-20,,29,Offline,1,722,6736.26,4996.24,1740.02,2012-06-20,2012-06-20,2012-07-24,31828360c5af40ecafa0557428d0b18a,2012-06-20,2012-06-20,2012-07-24
1610,126808679,H,2012-06-20,,36,Online,9,4361,1839862.29,1590413.09,249449.2,2012-06-20,2012-06-20,2012-07-29,3b52f4cbe1218efe555395d357ddbfd5,2012-06-20,2012-06-20,2012-07-29
1611,997329699,M,2012-06-22,,131,Offline,7,876,180193.2,102588.36,77604.84,2012-06-22,2012-06-22,2012-07-15,09f3416e1f79274a1b78c715b6778b36,2012-06-22,2012-06-22,2012-07-15
1612,720878922,H,2012-06-22,,4,Online,8,2948,752565.44,469970.16,282595.28,2012-06-22,2012-06-22,2012-08-01,0a47048583a9d0e7e0511990b622f1f7,2012-06-22,2012-06-22,2012-08-01
1613,537588775,C,2012-06-23,,38,Offline,3,3320,271343.6,188144.4,83199.2,2012-06-23,2012-06-23,2012-07-19,41ee953f50d5af7d88b70cb20d563399,2012-06-23,2012-06-23,2012-07-19
1614,398104035,L,2012-06-25,,66,Offline,8,6686,1706802.08,1065882.12,640919.96,2012-06-25,2012-06-25,2012-08-12,180298c48927d3794bdc90bcf2993791,2012-06-25,2012-06-25,2012-08-12
1615,693210542,L,2012-06-25,,11,Online,9,5259,2218719.51,1917904.71,300814.8,2012-06-25,2012-06-25,2012-08-13,854aebf3dbcab0fb9b76a1708f2761ff,2012-06-25,2012-06-25,2012-08-13
1616,813213431,C,2012-06-27,,96,Online,7,6781,1394851.7,794122.91,600728.79,2012-06-27,2012-06-27,2012-07-31,f54bd4b89d4fc6fd40c1e6152143e645,2012-06-27,2012-06-27,2012-07-31
1617,659402263,M,2012-06-27,,89,Offline,7,638,131236.6,74716.18,56520.42,2012-06-27,2012-06-27,2012-08-01,f6b47a73cf6d78f1eadf515c66be5341,2012-06-27,2012-06-27,2012-08-01
1618,563722932,M,2012-06-28,,114,Online,1,6998,65291.34,48426.16,16865.18,2012-06-28,2012-06-28,2012-08-09,a8b9c2613eb58094efb9fbe5ab78b7a5,2012-06-28,2012-06-28,2012-08-09
1619,983397662,H,2012-06-29,,123,Online,7,8076,1661233.2,945780.36,715452.84,2012-06-29,2012-06-29,2012-07-25,77dd0545bc4fbc2a7ca7f18c22356503,2012-06-29,2012-06-29,2012-07-25
1620,958366000,M,2012-06-29,,153,Offline,7,651,133910.7,76238.61,57672.09,2012-06-29,2012-06-29,2012-08-03,370910f4f0312a789162fbf5ae78b524,2012-06-29,2012-06-29,2012-08-03
1621,249606645,C,2012-06-29,,4,Offline,1,3008,28064.64,20815.36,7249.28,2012-06-29,2012-06-29,2012-08-14,a42eda63aef95d30287a05b12a9aeb90,2012-06-29,2012-06-29,2012-08-14
1622,328322827,C,2012-06-30,,34,Online,10,6876,3006187.2,1810657.08,1195530.12,2012-06-30,2012-06-30,2012-07-19,8d1d557cd71f531b03efb7266cd3ad70,2012-06-30,2012-06-30,2012-07-19
1623,596469056,H,2012-06-30,,98,Offline,6,7303,1125100.18,664061.79,461038.39,2012-06-30,2012-06-30,2012-07-30,15846f04b72b1ace1ebde246e950ae6e,2012-06-30,2012-06-30,2012-07-30
1624,361659038,L,2012-06-30,,79,Online,7,1801,370465.7,210915.11,159550.59,2012-06-30,2012-06-30,2012-08-03,f245153bd8a14f86db99fe554f046681,2012-06-30,2012-06-30,2012-08-03
1625,559157598,L,2012-06-30,,36,Offline,3,6014,491524.22,340813.38,150710.84,2012-06-30,2012-06-30,2012-08-12,7109f3cc92e825d1983d62c785e96435,2012-06-30,2012-06-30,2012-08-12
1626,270072972,C,2012-07-01,,16,Offline,3,9449,772266.77,535474.83,236791.94,2012-07-01,2012-07-01,2012-08-09,e44f53d8a0bdad14271d22efa19d9797,2012-07-01,2012-07-01,2012-08-09
1627,437974536,M,2012-07-03,,103,Online,1,5253,49010.49,36350.76,12659.73,2012-07-03,2012-07-03,2012-07-10,68a70067ecf3ee44dce9c84ce7e28cd5,2012-07-03,2012-07-03,2012-07-10
1628,546051681,L,2012-07-03,,135,Online,10,7682,3358570.4,2022901.06,1335669.34,2012-07-03,2012-07-03,2012-07-25,cdf923fd146acdee92640cf421b04f45,2012-07-03,2012-07-03,2012-07-25
1629,337965905,C,2012-07-04,,115,Online,9,477,201241.53,173957.13,27284.4,2012-07-04,2012-07-04,2012-07-20,1079269059b0ccda5e430ca656e0b2f8,2012-07-04,2012-07-04,2012-07-20
1630,938648116,H,2012-07-04,,161,Online,6,5691,876755.46,517482.63,359272.83,2012-07-04,2012-07-04,2012-08-14,8fa1a9479e40e546d732ed5d79c39a2b,2012-07-04,2012-07-04,2012-08-14
1631,928296935,M,2012-07-04,,105,Offline,5,2547,388621.26,248179.68,140441.58,2012-07-04,2012-07-04,2012-08-17,91eab657bae5ef276ac2911bdfd15250,2012-07-04,2012-07-04,2012-08-17
1632,431362569,H,2012-07-05,,76,Online,2,8625,409256.25,274188.75,135067.5,2012-07-05,2012-07-05,2012-08-09,c218b0fc16a8bd74551f6c574449e0cc,2012-07-05,2012-07-05,2012-08-09
1633,416682088,H,2012-07-05,,108,Offline,6,4344,669236.64,394999.92,274236.72,2012-07-05,2012-07-05,2012-08-14,c7df47a775619ea616cb1e6ad09ee429,2012-07-05,2012-07-05,2012-08-14
1634,555694758,L,2012-07-06,,12,Online,9,1283,541284.87,467897.27,73387.6,2012-07-06,2012-07-06,2012-07-24,67b90f034f2262690a34387ee72a9d22,2012-07-06,2012-07-06,2012-07-24
1635,106659066,L,2012-07-07,,83,Offline,3,1643,134282.39,93108.81,41173.58,2012-07-07,2012-07-07,2012-08-19,591c491a063496127966be803a1ce31b,2012-07-07,2012-07-07,2012-08-19
1636,844307315,H,2012-07-08,,169,Online,8,8152,2081042.56,1299591.84,781450.72,2012-07-08,2012-07-08,2012-07-29,e54d239f2da309c01fcb69e13fdb6826,2012-07-08,2012-07-08,2012-07-29
1637,987767302,C,2012-07-08,,90,Online,11,1150,748891.5,603704,145187.5,2012-07-08,2012-07-08,2012-08-01,a5e85d13a6d5376c39d5a2ea9a1fb702,2012-07-08,2012-07-08,2012-08-01
1638,303331506,M,2012-07-11,,95,Online,9,1388,585583.32,506189.72,79393.6,2012-07-11,2012-07-11,2012-08-06,e971597f71a1e36fe0ade263e0240325,2012-07-11,2012-07-11,2012-08-06
1639,434275662,H,2012-07-11,,32,Offline,11,674,438915.54,353823.04,85092.5,2012-07-11,2012-07-11,2012-08-13,4157a4ed66d2adb8dce608e4d091ded8,2012-07-11,2012-07-11,2012-08-13
1640,569313085,M,2012-07-11,,98,Offline,12,1248,834000.96,627169.92,206831.04,2012-07-11,2012-07-11,2012-08-18,3075b1d855e0082501f0c9bf9e893bec,2012-07-11,2012-07-11,2012-08-18
1641,500476014,M,2012-07-12,,119,Offline,5,829,126488.82,80777.76,45711.06,2012-07-12,2012-07-12,2012-07-22,6d292e36c207251086a7934a7728e75d,2012-07-12,2012-07-12,2012-07-22
1642,760317695,L,2012-07-12,,52,Online,7,3757,772814.9,439982.27,332832.63,2012-07-12,2012-07-12,2012-08-30,248ac7babf1de96ecfcd2a91c7ee87ac,2012-07-12,2012-07-12,2012-08-30
1643,884767901,C,2012-07-13,,111,Offline,7,1338,275226.6,156693.18,118533.42,2012-07-13,2012-07-13,2012-07-20,1479b104d29a029a127f8f26338d6332,2012-07-13,2012-07-13,2012-07-20
1644,564629733,H,2012-07-13,,40,Online,3,5340,436438.2,302617.8,133820.4,2012-07-13,2012-07-13,2012-07-26,25b12f2936d19662afac550aa63f7ba1,2012-07-13,2012-07-13,2012-07-26
1645,799439752,M,2012-07-14,,17,Offline,5,843,128624.94,82141.92,46483.02,2012-07-14,2012-07-14,2012-07-24,adb09203ec112fc0ad14242663bdeaf8,2012-07-14,2012-07-14,2012-07-24
1646,581120812,L,2012-07-14,,9,Offline,2,5417,257036.65,172206.43,84830.22,2012-07-14,2012-07-14,2012-08-16,a0ddca4fd6b8bdf7423a0c5739204704,2012-07-14,2012-07-14,2012-08-16
1647,431402909,M,2012-07-14,,61,Offline,1,562,5243.46,3889.04,1354.42,2012-07-14,2012-07-14,2012-08-16,8f2b31de9c9f4f0c29667453ce080a53,2012-07-14,2012-07-14,2012-08-16
1648,554160535,C,2012-07-14,,39,Offline,12,7272,4859659.44,3654470.88,1205188.56,2012-07-14,2012-07-14,2012-08-25,3aa3b40d5b336b561c86f605fb447983,2012-07-14,2012-07-14,2012-08-25
1650,265075910,H,2012-07-15,,21,Offline,12,707,472466.89,355295.78,117171.11,2012-07-15,2012-07-15,2012-08-23,1a8c8c846d317109c8103245f8b32bb9,2012-07-15,2012-07-15,2012-08-23
1651,640709197,M,2012-07-17,,8,Online,8,8944,2283224.32,1425852.48,857371.84,2012-07-17,2012-07-17,2012-08-24,0d8cf48fe3cf05d7f3f9ab5969768872,2012-07-17,2012-07-17,2012-08-24
1652,385196816,C,2012-07-17,,111,Offline,12,7153,4780135.31,3594668.62,1185466.69,2012-07-17,2012-07-17,2012-09-03,344b53ca620024af0dd85be3eec97636,2012-07-17,2012-07-17,2012-09-03
1653,141846215,H,2012-07-18,,75,Online,4,4302,470122.56,154183.68,315938.88,2012-07-18,2012-07-18,2012-08-16,1a7d79c85c203e2f7e8cf0b213dc75dd,2012-07-18,2012-07-18,2012-08-16
1654,937744319,M,2012-07-18,,78,Offline,4,8238,900248.64,295249.92,604998.72,2012-07-18,2012-07-18,2012-08-26,b0d3a06bcad46bf77938757b4b37e0fc,2012-07-18,2012-07-18,2012-08-26
1655,549123132,L,2012-07-18,,86,Offline,11,6592,4292776.32,3460536.32,832240,2012-07-18,2012-07-18,2012-08-30,046780e6e7e347a09dbbda5cc09ce276,2012-07-18,2012-07-18,2012-08-30
1656,280740869,H,2012-07-19,,93,Online,9,6317,2665079.13,2303746.73,361332.4,2012-07-19,2012-07-19,2012-08-20,67bd2657aad5cf5ddd7b76b98436810c,2012-07-19,2012-07-19,2012-08-20
1657,885516345,L,2012-07-20,,20,Online,12,2819,1883853.13,1416660.26,467192.87,2012-07-20,2012-07-20,2012-07-25,ce0bdfc436001191f07c28b7cd075839,2012-07-20,2012-07-20,2012-07-25
1658,802116811,M,2012-07-21,,124,Online,12,3044,2034213.88,1529731.76,504482.12,2012-07-21,2012-07-21,2012-07-29,16ccdf4535ebe1aa2e6a01ade6ec26b2,2012-07-21,2012-07-21,2012-07-29
1659,805974042,M,2012-07-22,,134,Offline,10,4484,1960404.8,1180771.72,779633.08,2012-07-22,2012-07-22,2012-07-28,19e5118bba75f13267b133d79a678c4c,2012-07-22,2012-07-22,2012-07-28
1660,554554927,C,2012-07-22,,137,Offline,7,3981,818891.7,466214.91,352676.79,2012-07-22,2012-07-22,2012-08-06,fce125d609997a2e53bae7f2d219e5fe,2012-07-22,2012-07-22,2012-08-06
1661,972419059,H,2012-07-22,,45,Online,7,9264,1905604.8,1084907.04,820697.76,2012-07-22,2012-07-22,2012-08-17,b287bb2170b0d201d190d3d3c6d4ddbf,2012-07-22,2012-07-22,2012-08-17
1662,589701735,H,2012-07-23,,107,Offline,2,4703,223157.35,149508.37,73648.98,2012-07-23,2012-07-23,2012-07-26,95780cc129e6f80279548178e79af43c,2012-07-23,2012-07-23,2012-07-26
1663,190611350,C,2012-07-23,,48,Offline,4,4989,545197.92,178805.76,366392.16,2012-07-23,2012-07-23,2012-08-29,fc4e1497a918ca408f1c4a23e6a6acb7,2012-07-23,2012-07-23,2012-08-29
1664,862059247,H,2012-07-23,,113,Online,4,1343,146763.04,48133.12,98629.92,2012-07-23,2012-07-23,2012-08-30,76cfa5ce7c3c70c56b9fd07492aa9891,2012-07-23,2012-07-23,2012-08-30
1665,354655683,M,2012-07-24,,167,Offline,2,9353,443799.85,297331.87,146467.98,2012-07-24,2012-07-24,2012-07-31,351fd31d486ef1435693c855b2da4fbb,2012-07-24,2012-07-24,2012-07-31
1666,123938930,M,2012-07-24,,18,Online,2,5138,243798.1,163337.02,80461.08,2012-07-24,2012-07-24,2012-08-02,72ed46d44cd66ebae1d49e14a2c68357,2012-07-24,2012-07-24,2012-08-02
1667,477177274,L,2012-07-24,,67,Online,3,6214,507870.22,352147.38,155722.84,2012-07-24,2012-07-24,2012-08-09,7ca38010fa7cc1d23088f5d21fd2f22e,2012-07-24,2012-07-24,2012-08-09
1668,520864665,H,2012-07-24,,67,Online,7,4284,881218.8,501699.24,379519.56,2012-07-24,2012-07-24,2012-08-20,24fb306e82d572c4e00d3be39443a991,2012-07-24,2012-07-24,2012-08-20
1669,660231387,L,2012-07-24,,78,Online,6,5994,923435.64,545034.42,378401.22,2012-07-24,2012-07-24,2012-08-23,ad67b22e5335c3398073a39d80601de4,2012-07-24,2012-07-24,2012-08-23
1670,410740888,H,2012-07-24,,32,Online,9,6211,2620358.79,2265089.59,355269.2,2012-07-24,2012-07-24,2012-09-01,587cddb45a6eeed2776a4468601197df,2012-07-24,2012-07-24,2012-09-01
1671,807430589,C,2012-07-25,,131,Offline,2,5509,261402.05,175131.11,86270.94,2012-07-25,2012-07-25,2012-07-30,174124d3e1151d8cf6e23b93c54b0350,2012-07-25,2012-07-25,2012-07-30
1672,289793860,H,2012-07-26,,77,Online,2,5298,251390.1,168423.42,82966.68,2012-07-26,2012-07-26,2012-07-29,b76dc33a99030cde1baea97bcca0caf5,2012-07-26,2012-07-26,2012-07-29
1673,894569337,L,2012-07-26,,149,Online,7,1801,370465.7,210915.11,159550.59,2012-07-26,2012-07-26,2012-08-22,f46ae325205e024b77b92610f036b991,2012-07-26,2012-07-26,2012-08-22
1674,524485862,C,2012-07-27,,105,Offline,5,5877,896712.66,572654.88,324057.78,2012-07-27,2012-07-27,2012-08-21,da3cb119c43f7c4d557c96dd940ef6de,2012-07-27,2012-07-27,2012-08-21
1675,470211255,L,2012-07-28,,125,Offline,10,4814,2104680.8,1267670.62,837010.18,2012-07-28,2012-07-28,2012-08-15,17336a83982726c91f387c1a8a88c367,2012-07-28,2012-07-28,2012-08-15
1676,287275159,H,2012-07-28,,142,Offline,5,9958,1519391.64,970307.52,549084.12,2012-07-28,2012-07-28,2012-08-26,d37ee875e6c93a7e2e138afe4f643504,2012-07-28,2012-07-28,2012-08-26
1677,432663762,C,2012-07-28,,27,Offline,3,3677,300521.21,208375.59,92145.62,2012-07-28,2012-07-28,2012-08-27,ab6a02cc2d6b25230bb05f193162686b,2012-07-28,2012-07-28,2012-08-27
1678,651100718,M,2012-07-28,,162,Offline,5,4026,614287.08,392293.44,221993.64,2012-07-28,2012-07-28,2012-08-30,efffa58d10ba2eb2a95c9fc7294f73a2,2012-07-28,2012-07-28,2012-08-30
1679,189667212,H,2012-07-28,,153,Offline,5,5598,854142.84,545469.12,308673.72,2012-07-28,2012-07-28,2012-09-03,1c6ca474cdfb8b5023eb34216cd35255,2012-07-28,2012-07-28,2012-09-03
1680,465881955,H,2012-07-29,,89,Offline,10,3678,1608021.6,968527.74,639493.86,2012-07-29,2012-07-29,2012-08-17,d2ef4f77c7270e0cfc3d155dd2647235,2012-07-29,2012-07-29,2012-08-17
1681,858360373,C,2012-07-30,,20,Online,2,6764,320951.8,215027.56,105924.24,2012-07-30,2012-07-30,2012-08-12,25675aa84d0e1d97121a62568906d163,2012-07-30,2012-07-30,2012-08-12
1682,918656861,M,2012-07-30,,181,Offline,10,9835,4299862,2589850.55,1710011.45,2012-07-30,2012-07-30,2012-08-17,5e96f657827f8f2774cc1509fdb8c059,2012-07-30,2012-07-30,2012-08-17
1683,839704644,H,2012-07-30,,151,Offline,9,6119,2581544.91,2231538.11,350006.8,2012-07-30,2012-07-30,2012-09-13,c2c2349c6e9439c02b975e96dccfce14,2012-07-30,2012-07-30,2012-09-13
1684,459151971,H,2012-07-31,,15,Online,11,2126,1384472.46,1116064.96,268407.5,2012-07-31,2012-07-31,2012-08-21,f2b408375860f0238ec70dd22b35346b,2012-07-31,2012-07-31,2012-08-21
1685,230599868,M,2012-07-31,,111,Offline,11,8480,5522260.8,4451660.8,1070600,2012-07-31,2012-07-31,2012-08-22,27f71eec56fce800dda4af202f8e01c1,2012-07-31,2012-07-31,2012-08-22
1686,677352893,M,2012-07-31,,135,Online,2,2628,124698.6,83544.12,41154.48,2012-07-31,2012-07-31,2012-08-23,cb842bc837e7ad936521966f11067d25,2012-07-31,2012-07-31,2012-08-23
1687,750047194,M,2012-07-31,,94,Online,1,4487,41863.71,31050.04,10813.67,2012-07-31,2012-07-31,2012-09-18,60e4d64d867d9151daa8a609e8c0b22c,2012-07-31,2012-07-31,2012-09-18
1688,760280358,M,2012-08-01,,33,Offline,11,2708,1763476.68,1421591.68,341885,2012-08-01,2012-08-01,2012-08-21,9ccbfd0dab74db0d3f8e922252f15109,2012-08-01,2012-08-01,2012-08-21
1689,292234885,C,2012-08-03,,38,Online,8,7651,1953147.28,1219722.42,733424.86,2012-08-03,2012-08-03,2012-08-04,fbe5e49c08587cf52e506b4c335b1ef2,2012-08-03,2012-08-03,2012-08-04
1690,861745536,M,2012-08-03,,12,Online,8,8509,2172177.52,1356504.78,815672.74,2012-08-03,2012-08-03,2012-08-14,46bb007efcd0ecdd98346c8a416a4992,2012-08-03,2012-08-03,2012-08-14
1691,163337361,L,2012-08-03,,6,Offline,12,4010,2679762.7,2015185.4,664577.3,2012-08-03,2012-08-03,2012-08-22,0c542f9ca9abcbe10f157c6a69284f82,2012-08-03,2012-08-03,2012-08-22
1692,450021302,C,2012-08-04,,95,Offline,2,159,7544.55,5054.61,2489.94,2012-08-04,2012-08-04,2012-08-27,277510ed6ee9fb9cf38eeb4ede5adbc2,2012-08-04,2012-08-04,2012-08-27
1693,639097297,H,2012-08-04,,41,Online,7,1947,400497.9,228013.17,172484.73,2012-08-04,2012-08-04,2012-09-08,09c975237b3c2abdc0f6a17f053b981a,2012-08-04,2012-08-04,2012-09-08
1694,389606797,L,2012-08-05,,129,Online,6,2164,333385.84,196772.52,136613.32,2012-08-05,2012-08-05,2012-09-18,b19ad77667695b6811c09dfdebf9e8bb,2012-08-05,2012-08-05,2012-09-18
1695,534641349,L,2012-08-07,,153,Offline,2,1111,52716.95,35318.69,17398.26,2012-08-07,2012-08-07,2012-08-27,5fadc515fba062f6816e4482366f0e2d,2012-08-07,2012-08-07,2012-08-27
1696,626109397,C,2012-08-07,,155,Online,7,8539,1756472.3,1000002.29,756470.01,2012-08-07,2012-08-07,2012-09-15,e2ee0956ab227945aa658f4f8a2940ca,2012-08-07,2012-08-07,2012-09-15
1697,216431796,C,2012-08-08,,142,Online,12,5833,3898018.91,2931315.82,966703.09,2012-08-08,2012-08-08,2012-09-03,727747194fb7f40d0f58bff14111ffa1,2012-08-08,2012-08-08,2012-09-03
1698,725645959,C,2012-08-08,,76,Online,11,3620,2357380.2,1900355.2,457025,2012-08-08,2012-08-08,2012-09-08,b1de1d0d87c4559f893260b0da6ca5ab,2012-08-08,2012-08-08,2012-09-08
1699,615522181,C,2012-08-08,,156,Online,5,5547,846361.26,540499.68,305861.58,2012-08-08,2012-08-08,2012-09-20,1621720aa42756236c3f1b57ff12f999,2012-08-08,2012-08-08,2012-09-20
1700,341000020,L,2012-08-09,,57,Offline,8,8339,2128779.92,1329403.38,799376.54,2012-08-09,2012-08-09,2012-08-18,6f8557ec89727634d398acb02faa12bb,2012-08-09,2012-08-09,2012-08-18
1701,779566514,M,2012-08-09,,86,Online,8,9910,2529824.8,1579852.2,949972.6,2012-08-09,2012-08-09,2012-08-22,7310f6349260ba981b2419cd731a0176,2012-08-09,2012-08-09,2012-08-22
1702,893783557,L,2012-08-09,,42,Online,5,9271,1414569.18,903366.24,511202.94,2012-08-09,2012-08-09,2012-09-28,a5231af7a0a65694c8d03b4d89247c38,2012-08-09,2012-08-09,2012-09-28
1703,197185981,H,2012-08-10,,165,Online,11,568,369887.28,298177.28,71710,2012-08-10,2012-08-10,2012-09-11,187dc9ec5775960c7a198db15a0f8d9f,2012-08-10,2012-08-10,2012-09-11
1704,612767446,L,2012-08-11,,20,Online,8,359,91645.52,57231.78,34413.74,2012-08-11,2012-08-11,2012-08-29,d79ae493d0f672ea7f9fd69193e33b96,2012-08-11,2012-08-11,2012-08-29
1705,959983909,C,2012-08-11,,175,Offline,10,9426,4121047.2,2482148.58,1638898.62,2012-08-11,2012-08-11,2012-09-07,78254e681215ae743ec1612fc95bb414,2012-08-11,2012-08-11,2012-09-07
1706,103435266,H,2012-08-11,,30,Offline,2,7648,362897.6,243129.92,119767.68,2012-08-11,2012-08-11,2012-09-18,d6b4746420207dd5e41ca9d119221a0e,2012-08-11,2012-08-11,2012-09-18
1707,196831929,M,2012-08-12,,110,Offline,6,5797,893085.82,527121.21,365964.61,2012-08-12,2012-08-12,2012-08-18,01cc7f6ab0d94a1040f53121421289c0,2012-08-12,2012-08-12,2012-08-18
1708,595922315,M,2012-08-12,,134,Offline,9,5510,2324613.9,2009441.9,315172,2012-08-12,2012-08-12,2012-09-04,44e0abdf1658bdfd693620db6ec3605b,2012-08-12,2012-08-12,2012-09-04
1709,404799687,M,2012-08-12,,150,Online,12,8078,5398285.06,4059518.12,1338766.94,2012-08-12,2012-08-12,2012-09-18,dd971ebede30df397a99fd7fc5292e17,2012-08-12,2012-08-12,2012-09-18
1710,393858420,L,2012-08-14,,91,Offline,1,314,2929.62,2172.88,756.74,2012-08-14,2012-08-14,2012-08-29,dbf1ac0d1297451a7d94a56e6f4a734a,2012-08-14,2012-08-14,2012-08-29
1711,306601655,M,2012-08-14,,126,Online,4,9098,994229.44,326072.32,668157.12,2012-08-14,2012-08-14,2012-09-02,204b8d390a47999f7e40adb79ae85969,2012-08-14,2012-08-14,2012-09-02
1712,373156058,M,2012-08-14,,82,Online,1,4025,37553.25,27853,9700.25,2012-08-14,2012-08-14,2012-09-05,08fe89902b1f72a8ef79ebf3de469ffe,2012-08-14,2012-08-14,2012-09-05
1713,971437585,H,2012-08-15,,106,Offline,11,8824,5746277.04,4632247.04,1114030,2012-08-15,2012-08-15,2012-10-02,a301f8c5082b636a77e9b1ba06acbb62,2012-08-15,2012-08-15,2012-10-02
1714,374848639,H,2012-08-16,,160,Online,4,4897,535144.16,175508.48,359635.68,2012-08-16,2012-08-16,2012-09-06,c65c9e2bf275485da5e3d7adcf262dd8,2012-08-16,2012-08-16,2012-09-06
1715,227295386,H,2012-08-16,,136,Online,8,611,155976.08,97405.62,58570.46,2012-08-16,2012-08-16,2012-09-06,60b738d4224af4422043ede6661b80ab,2012-08-16,2012-08-16,2012-09-06
1716,792358720,L,2012-08-17,,181,Online,3,5408,441995.84,306471.36,135524.48,2012-08-17,2012-08-17,2012-08-24,46c51b958244b498f210607a46bc222b,2012-08-17,2012-08-17,2012-08-24
1717,987692630,M,2012-08-17,,2,Offline,7,9053,1862202.1,1060196.83,802005.27,2012-08-17,2012-08-17,2012-09-03,db5ee164027ca59ae4c81964095fa4a3,2012-08-17,2012-08-17,2012-09-03
1718,283026540,H,2012-08-17,,36,Online,9,2697,1137837.33,983568.93,154268.4,2012-08-17,2012-08-17,2012-09-13,597f19723abf2ad92692258796867ba0,2012-08-17,2012-08-17,2012-09-13
1719,727732932,L,2012-08-18,,86,Offline,6,1201,185026.06,109206.93,75819.13,2012-08-18,2012-08-18,2012-08-21,8f150d03bc860033c211dfe41e14cafe,2012-08-18,2012-08-18,2012-08-21
1720,482453715,H,2012-08-18,,1,Online,1,7630,71187.9,52799.6,18388.3,2012-08-18,2012-08-18,2012-09-22,12693659d37914e7b06a3bf7e7ee4769,2012-08-18,2012-08-18,2012-09-22
1721,353320157,L,2012-08-19,,140,Offline,10,4141,1810445.2,1090449.53,719995.67,2012-08-19,2012-08-19,2012-08-22,46bc68acc3a138c349b4526758dfba9a,2012-08-19,2012-08-19,2012-08-22
1722,615208470,M,2012-08-19,,22,Online,7,2713,558064.1,317719.43,240344.67,2012-08-19,2012-08-19,2012-09-04,8fa9119098db605954915dcc3d123531,2012-08-19,2012-08-19,2012-09-04
1723,733636796,M,2012-08-20,,155,Online,9,8286,3495780.54,3021821.34,473959.2,2012-08-20,2012-08-20,2012-09-15,04bc5bec35cd6c71e1a8427ba26b5782,2012-08-20,2012-08-20,2012-09-15
1724,342850959,M,2012-08-20,,124,Offline,1,6072,56651.76,42018.24,14633.52,2012-08-20,2012-08-20,2012-09-21,29413342a568a200cc86aaa65708ad1e,2012-08-20,2012-08-20,2012-09-21
1725,631463515,L,2012-08-21,,84,Offline,4,2942,321501.76,105441.28,216060.48,2012-08-21,2012-08-21,2012-09-25,ea4dd045b01744cd8dd7d841314e2ac5,2012-08-21,2012-08-21,2012-09-25
1726,922240722,H,2012-08-22,,59,Online,1,379,3536.07,2622.68,913.39,2012-08-22,2012-08-22,2012-09-29,95ffa4ea4259a0d34080737fe7e4ea6f,2012-08-22,2012-08-22,2012-09-29
1727,161607444,L,2012-08-22,,26,Offline,9,2089,881328.21,761837.41,119490.8,2012-08-22,2012-08-22,2012-10-03,ea2fb44ab41181ff053f784785d30f90,2012-08-22,2012-08-22,2012-10-03
1728,483438193,H,2012-08-23,,75,Online,9,8959,3779712.51,3267257.71,512454.8,2012-08-23,2012-08-23,2012-09-26,6f6670d8cefda4a0928fd6562879743e,2012-08-23,2012-08-23,2012-09-26
1729,171722590,H,2012-08-23,,6,Offline,1,5385,50242.05,37264.2,12977.85,2012-08-23,2012-08-23,2012-09-30,7fa4e45146af5efc1304434a283a7ce9,2012-08-23,2012-08-23,2012-09-30
1730,368985116,C,2012-08-24,,141,Online,2,9750,462637.5,309952.5,152685,2012-08-24,2012-08-24,2012-10-11,f991ffd696bd2b0529a549a6380be585,2012-08-24,2012-08-24,2012-10-11
1731,495481956,L,2012-08-25,,61,Online,3,2976,243228.48,168649.92,74578.56,2012-08-25,2012-08-25,2012-09-24,b7326f89a9107b3305924d1e8b93a057,2012-08-25,2012-08-25,2012-09-24
1732,524724900,H,2012-08-25,,105,Offline,1,6613,61699.29,45761.96,15937.33,2012-08-25,2012-08-25,2012-10-09,38b0d57e8669ec0ef10150a62e55ca43,2012-08-25,2012-08-25,2012-10-09
1733,445654666,M,2012-08-25,,111,Offline,1,7974,74397.42,55180.08,19217.34,2012-08-25,2012-08-25,2012-10-11,e7bfa6ae249f8a97618faa3d622b7af7,2012-08-25,2012-08-25,2012-10-11
1734,969195258,L,2012-08-26,,134,Online,6,5269,811742.14,479110.17,332631.97,2012-08-26,2012-08-26,2012-09-17,8b571d687488c642bbab5ba4e322942c,2012-08-26,2012-08-26,2012-09-17
1735,484776723,H,2012-08-27,,6,Online,2,5060,240097,160857.4,79239.6,2012-08-27,2012-08-27,2012-09-04,15cd342d37f436bf47afea0d4bc577f0,2012-08-27,2012-08-27,2012-09-04
1736,511855018,M,2012-08-27,,128,Offline,3,8129,664383.17,460670.43,203712.74,2012-08-27,2012-08-27,2012-09-20,8bb7b3004d7c55179c5a9e083883e0af,2012-08-27,2012-08-27,2012-09-20
1737,226863658,C,2012-08-28,,173,Online,5,2853,435310.74,277996.32,157314.42,2012-08-28,2012-08-28,2012-09-16,55c76f4d832a668f0b9217760356f15f,2012-08-28,2012-08-28,2012-09-16
1738,829356467,L,2012-08-29,,140,Online,12,3864,2582195.28,1941814.56,640380.72,2012-08-29,2012-08-29,2012-09-16,03034c9df0bfbd13afee67a3e6dc8e3e,2012-08-29,2012-08-29,2012-09-16
1739,392718589,C,2012-08-30,,61,Online,2,3012,142919.4,95751.48,47167.92,2012-08-30,2012-08-30,2012-09-12,ce2b0c1d99e22f1347607466bf1b2b4b,2012-08-30,2012-08-30,2012-09-12
1740,228438222,H,2012-08-30,,142,Offline,8,8801,2246719.28,1403055.42,843663.86,2012-08-30,2012-08-30,2012-10-12,30a6d552c5de5ad060c2f001624609c4,2012-08-30,2012-08-30,2012-10-12
1741,315576970,C,2012-08-31,,67,Online,10,5093,2226659.6,1341139.69,885519.91,2012-08-31,2012-08-31,2012-09-14,65080f2a9615de20ce9646a4cedbd74f,2012-08-31,2012-08-31,2012-09-14
1742,529448592,L,2012-09-01,,97,Offline,12,4459,2979815.93,2240825.86,738990.07,2012-09-01,2012-09-01,2012-09-18,13e3207a7b7facc0c321d00bc3017dea,2012-09-01,2012-09-01,2012-09-18
1743,155271852,C,2012-09-01,,47,Online,10,7246,3167951.2,1908089.18,1259862.02,2012-09-01,2012-09-01,2012-09-18,0d13b48a8d3af4547475d628bc682ee6,2012-09-01,2012-09-01,2012-09-18
1744,809992635,H,2012-09-01,,69,Online,8,3675,938154,585868.5,352285.5,2012-09-01,2012-09-01,2012-10-20,aebac2fe0e7387c875d592731bc011ad,2012-09-01,2012-09-01,2012-10-20
1745,263230979,L,2012-09-02,,109,Online,4,4751,519189.28,170275.84,348913.44,2012-09-02,2012-09-02,2012-09-08,65944930f6c96c2171aed540956430f1,2012-09-02,2012-09-02,2012-09-08
1746,965732419,L,2012-09-02,,14,Offline,1,538,5019.54,3722.96,1296.58,2012-09-02,2012-09-02,2012-10-19,bd7f13d8fad926b9085fdcd09b1ae738,2012-09-02,2012-09-02,2012-10-19
1747,599624192,L,2012-09-03,,30,Online,2,978,46406.1,31090.62,15315.48,2012-09-03,2012-09-03,2012-09-21,e2589df903013e23b19b54ab67a42b38,2012-09-03,2012-09-03,2012-09-21
1748,516460692,M,2012-09-03,,11,Offline,12,1051,702351.77,528169.54,174182.23,2012-09-03,2012-09-03,2012-09-24,b086492c859dc2b3b7519d52e9c3bd07,2012-09-03,2012-09-03,2012-09-24
1749,248314464,H,2012-09-04,,86,Online,9,623,262837.47,227201.87,35635.6,2012-09-04,2012-09-04,2012-09-14,19a70131f03ef479d32a87e8d21ef832,2012-09-04,2012-09-04,2012-09-14
1750,451834905,M,2012-09-04,,38,Online,11,6844,4456881.24,3592826.24,864055,2012-09-04,2012-09-04,2012-09-21,1565e280615778c37359a62ce494a1cb,2012-09-04,2012-09-04,2012-09-21
1751,765833175,H,2012-09-04,,128,Offline,7,5910,1215687,692120.1,523566.9,2012-09-04,2012-09-04,2012-10-12,35b13399e5523c9eaa3dbffe946272b6,2012-09-04,2012-09-04,2012-10-12
1752,247960412,M,2012-09-05,,104,Offline,6,5851,901405.06,532031.43,369373.63,2012-09-05,2012-09-05,2012-10-11,e6303f3e61cb2eea65f363377dea903a,2012-09-05,2012-09-05,2012-10-11
1753,597105491,M,2012-09-06,,167,Offline,5,5639,860398.62,549464.16,310934.46,2012-09-06,2012-09-06,2012-10-20,8011a5aa31269201996898471e4d1fd4,2012-09-06,2012-09-06,2012-10-20
1754,164442861,M,2012-09-07,,178,Offline,8,1152,294082.56,183651.84,110430.72,2012-09-07,2012-09-07,2012-09-20,f8a321591dcd78d8dd763f02bc90a575,2012-09-07,2012-09-07,2012-09-20
1755,704710566,M,2012-09-08,,89,Online,1,8372,78110.76,57934.24,20176.52,2012-09-08,2012-09-08,2012-09-15,b339718e8add464f83371a8af324b2e8,2012-09-08,2012-09-08,2012-09-15
1756,176722657,H,2012-09-08,,164,Online,4,5016,548148.48,179773.44,368375.04,2012-09-08,2012-09-08,2012-09-16,fffbe0c16583631bf43c112deb0867b8,2012-09-08,2012-09-08,2012-09-16
1757,317781960,M,2012-09-09,,161,Offline,9,7599,3205942.11,2771279.31,434662.8,2012-09-09,2012-09-09,2012-09-20,5e7f64c6fa528e3d6706e996454394a8,2012-09-09,2012-09-09,2012-09-20
1758,930980002,M,2012-09-09,,78,Offline,2,6526,309658.7,207461.54,102197.16,2012-09-09,2012-09-09,2012-10-11,fc98499df6a60ff4b75dc076dd4ae6cd,2012-09-09,2012-09-09,2012-10-11
1759,525749719,L,2012-09-09,,18,Online,5,9880,1507490.4,962707.2,544783.2,2012-09-09,2012-09-09,2012-10-22,76bf373beb891c3f5cc3e4d8611f329c,2012-09-09,2012-09-09,2012-10-22
1760,762370336,M,2012-09-10,,53,Online,8,1179,300975.12,187956.18,113018.94,2012-09-10,2012-09-10,2012-09-23,97fa6d1f48108563ac6ee408d628dd34,2012-09-10,2012-09-10,2012-09-23
1761,159641492,M,2012-09-10,,173,Online,9,320,135004.8,116700.8,18304,2012-09-10,2012-09-10,2012-09-24,d6c28217159b5d1195066ab854cab892,2012-09-10,2012-09-10,2012-09-24
1762,278069818,M,2012-09-10,,87,Offline,2,5893,279622.85,187338.47,92284.38,2012-09-10,2012-09-10,2012-10-05,60a28e505445c787fe406b94979b08c6,2012-09-10,2012-09-10,2012-10-05
1763,968173444,M,2012-09-10,,21,Offline,6,2892,445541.52,262969.56,182571.96,2012-09-10,2012-09-10,2012-10-25,d316af81603663834a0fb942d06128a1,2012-09-10,2012-09-10,2012-10-25
1764,153147542,C,2012-09-11,,114,Offline,9,8616,3635004.24,3142169.04,492835.2,2012-09-11,2012-09-11,2012-09-27,2aec5439234d638efb0d44ff222e7952,2012-09-11,2012-09-11,2012-09-27
1765,602301251,M,2012-09-11,,23,Offline,4,3180,347510.4,113971.2,233539.2,2012-09-11,2012-09-11,2012-09-27,6ff7fcff261a80436e4855fb99e4902f,2012-09-11,2012-09-11,2012-09-27
1766,917874085,M,2012-09-12,,108,Offline,9,8194,3456966.66,2988269.86,468696.8,2012-09-12,2012-09-12,2012-09-23,c6e93dba153a6eb8dea5340f292d8e8f,2012-09-12,2012-09-12,2012-09-23
1767,653939139,H,2012-09-12,,170,Offline,8,3978,1015503.84,634172.76,381331.08,2012-09-12,2012-09-12,2012-10-06,290530e1e550d718528ab7e6328681ef,2012-09-12,2012-09-12,2012-10-06
1768,279880416,C,2012-09-12,,104,Online,5,1689,257707.62,164576.16,93131.46,2012-09-12,2012-09-12,2012-10-31,3394ddb5ed9f0955d30ed2d9480bb842,2012-09-12,2012-09-12,2012-10-31
1769,936411798,L,2012-09-13,,139,Offline,3,3915,319972.95,221863.05,98109.9,2012-09-13,2012-09-13,2012-09-17,85d0d7b506405c423510485543194ceb,2012-09-13,2012-09-13,2012-09-17
1770,364854514,M,2012-09-13,,33,Offline,8,7413,1892390.64,1181780.46,710610.18,2012-09-13,2012-09-13,2012-10-03,ec1341d5553c7d25dce923894e6a40f1,2012-09-13,2012-09-13,2012-10-03
1771,113435399,C,2012-09-13,,20,Offline,2,6910,327879.5,219668.9,108210.6,2012-09-13,2012-09-13,2012-10-12,7bc8e9bbc5ddb57d3fc58ec04b7d963b,2012-09-13,2012-09-13,2012-10-12
1772,894535005,M,2012-09-15,,176,Offline,8,1641,418914.48,261608.22,157306.26,2012-09-15,2012-09-15,2012-10-03,cd0f7edbc3a31cd8ea4ab47ed5b0ddb9,2012-09-15,2012-09-15,2012-10-03
1773,811253488,L,2012-09-15,,99,Offline,11,6790,4421715.9,3564478.4,857237.5,2012-09-15,2012-09-15,2012-10-31,7daa44e3b7ec79d24c3047bdd8535a3d,2012-09-15,2012-09-15,2012-10-31
1774,522286880,L,2012-09-16,,65,Offline,4,5149,562682.72,184540.16,378142.56,2012-09-16,2012-09-16,2012-10-03,673ffe0c526930f08b475c30be310153,2012-09-16,2012-09-16,2012-10-03
1775,281100928,H,2012-09-16,,23,Online,5,2866,437294.28,279263.04,158031.24,2012-09-16,2012-09-16,2012-11-03,bfc86a3f434f1d6c559168c29c89c2f9,2012-09-16,2012-09-16,2012-11-03
1776,698729026,M,2012-09-17,,76,Offline,7,8301,1707515.7,972130.11,735385.59,2012-09-17,2012-09-17,2012-09-25,10f2e524c144940421f8d4bbefd4b9b0,2012-09-17,2012-09-17,2012-09-25
1777,638314521,H,2012-09-17,,127,Online,9,306,129098.34,111595.14,17503.2,2012-09-17,2012-09-17,2012-10-15,a5179dc45bd2f844d594ab369ba9ba48,2012-09-17,2012-09-17,2012-10-15
1778,764811360,C,2012-09-19,,147,Online,7,3532,726532.4,413632.52,312899.88,2012-09-19,2012-09-19,2012-09-30,cd756326c1101d728502319d9d528bdf,2012-09-19,2012-09-19,2012-09-30
1779,103832662,H,2012-09-19,,144,Offline,8,5247,1339454.16,836476.74,502977.42,2012-09-19,2012-09-19,2012-10-20,b27fa8c2a0305188d0dbbcda0a99ecef,2012-09-19,2012-09-19,2012-10-20
1780,132603538,M,2012-09-20,,5,Online,10,9188,4016993.6,2419476.04,1597517.56,2012-09-20,2012-09-20,2012-11-06,0b2062156c7a4e9638d496803440da5d,2012-09-20,2012-09-20,2012-11-06
1781,169914996,L,2012-09-21,,8,Online,8,478,122023.84,76202.76,45821.08,2012-09-21,2012-09-21,2012-10-25,fe18a69f263f95064f27ca36ba7194ed,2012-09-21,2012-09-21,2012-10-25
1782,949085986,M,2012-09-22,,49,Online,4,4489,490557.92,160885.76,329672.16,2012-09-22,2012-09-22,2012-10-16,f8ac889867e9b1a3c8dfb5675d793fe4,2012-09-22,2012-09-22,2012-10-16
1783,321325480,L,2012-09-22,,181,Offline,1,6205,57892.65,42938.6,14954.05,2012-09-22,2012-09-22,2012-10-25,8d1adfa93bc3e100f33e901d97242d4d,2012-09-22,2012-09-22,2012-10-25
1784,317232215,L,2012-09-22,,31,Offline,8,4917,1255211.76,783868.14,471343.62,2012-09-22,2012-09-22,2012-10-27,5f5d1114644fdc4f7f1866cf5b7f74c6,2012-09-22,2012-09-22,2012-10-27
1785,454434287,C,2012-09-22,,114,Online,1,6059,56530.47,41928.28,14602.19,2012-09-22,2012-09-22,2012-10-31,805eb79c84c30a9b856d49fea0d53235,2012-09-22,2012-09-22,2012-10-31
1786,967741715,H,2012-09-22,,7,Offline,10,5134,2244584.8,1351936.22,892648.58,2012-09-22,2012-09-22,2012-11-04,f1503267d531421894cf69d9275fffd5,2012-09-22,2012-09-22,2012-11-04
1788,250441777,H,2012-09-23,,93,Online,4,142,15517.76,5089.28,10428.48,2012-09-23,2012-09-23,2012-10-25,05d9a48a3d4a1689fd83d2fecec95833,2012-09-23,2012-09-23,2012-10-25
1789,938380753,C,2012-09-24,,40,Online,10,6573,2873715.6,1730868.09,1142847.51,2012-09-24,2012-09-24,2012-09-26,fb5913b5f42d39318e980a4fee3854d3,2012-09-24,2012-09-24,2012-09-26
1790,466478049,M,2012-09-24,,174,Online,1,76,709.08,525.92,183.16,2012-09-24,2012-09-24,2012-10-29,5eea09aed78f8e6b44cdb6619b37dbf7,2012-09-24,2012-09-24,2012-10-29
1792,135870683,H,2012-09-25,,81,Online,5,6009,916853.22,585516.96,331336.26,2012-09-25,2012-09-25,2012-10-15,fc86f7edd33ef1ccf952d2d442bac7a6,2012-09-25,2012-09-25,2012-10-15
1793,436999070,M,2012-09-26,,15,Offline,5,6591,1005654.78,642227.04,363427.74,2012-09-26,2012-09-26,2012-10-15,efc9445076bdc0b099187bac5f5a48c3,2012-09-26,2012-09-26,2012-10-15
1794,632332980,H,2012-09-26,,41,Online,6,236,36358.16,21459.48,14898.68,2012-09-26,2012-09-26,2012-10-25,4b1cda780f4267e002fb520bbf6ae0b8,2012-09-26,2012-09-26,2012-10-25
1795,771699702,L,2012-09-26,,67,Online,9,1946,820997.94,709686.74,111311.2,2012-09-26,2012-09-26,2012-10-29,23c47e814e25570000f19584e17829b9,2012-09-26,2012-09-26,2012-10-29
1796,983406674,M,2012-09-27,,31,Online,8,743,189673.04,118449.06,71223.98,2012-09-27,2012-09-27,2012-11-03,26edbfb8f5cfff0b4f95d4554544bf20,2012-09-27,2012-09-27,2012-11-03
1797,631978929,M,2012-09-28,,109,Offline,10,5464,2388860.8,1438835.12,950025.68,2012-09-28,2012-09-28,2012-10-01,91766f1339cdb8e6531bd83051aeb5ca,2012-09-28,2012-09-28,2012-10-01
1798,800352561,H,2012-09-28,,118,Online,6,963,148359.78,87565.59,60794.19,2012-09-28,2012-09-28,2012-10-21,b27afc42218539074c071d9ac5cbd011,2012-09-28,2012-09-28,2012-10-21
1799,812632358,C,2012-09-29,,26,Offline,7,4828,993119.6,565407.08,427712.52,2012-09-29,2012-09-29,2012-10-17,d474a9dcce7c683c5862bc3dbb191d09,2012-09-29,2012-09-29,2012-10-17
1800,363714683,M,2012-09-29,,174,Online,3,112,9153.76,6347.04,2806.72,2012-09-29,2012-09-29,2012-10-17,c008d13b6d1eb62471c6433cbad79e1e,2012-09-29,2012-09-29,2012-10-17
1801,877022111,L,2012-09-29,,87,Offline,3,9187,750853.51,520627.29,230226.22,2012-09-29,2012-09-29,2012-10-21,04f993e203430469368c19774c6f06a8,2012-09-29,2012-09-29,2012-10-21
1802,947433745,C,2012-09-30,,44,Offline,3,5554,453928.42,314745.18,139183.24,2012-09-30,2012-09-30,2012-10-23,972e48f05543334edefc40f09e505482,2012-09-30,2012-09-30,2012-10-23
1803,556647908,C,2012-09-30,,169,Online,6,3341,514714.46,303797.13,210917.33,2012-09-30,2012-09-30,2012-10-29,fa0126dd9c67acd152643bb90cc599f9,2012-09-30,2012-09-30,2012-10-29
1804,382134377,C,2012-09-30,,143,Online,1,909,8480.97,6290.28,2190.69,2012-09-30,2012-09-30,2012-11-06,6b133f27740436b4b863d041b32cc575,2012-09-30,2012-09-30,2012-11-06
1805,359267365,M,2012-09-30,,119,Offline,1,4052,37805.16,28039.84,9765.32,2012-09-30,2012-09-30,2012-11-14,36d77b788b5e5f5deaa0c94b561e46fd,2012-09-30,2012-09-30,2012-11-14
1806,255047452,H,2012-10-01,,43,Online,5,3064,467505.12,298556.16,168948.96,2012-10-01,2012-10-01,2012-10-30,5b7a619f09dc5d54d6556a230eeda945,2012-10-01,2012-10-01,2012-10-30
1807,845496499,M,2012-10-01,,21,Online,3,58,4740.34,3286.86,1453.48,2012-10-01,2012-10-01,2012-11-02,05d69c794dc63e34f5fb567b62fed2c4,2012-10-01,2012-10-01,2012-11-02
1808,893277156,C,2012-10-01,,13,Offline,1,9416,87851.28,65158.72,22692.56,2012-10-01,2012-10-01,2012-11-12,e4e7d9187ed9fd123f2d3d82ce29c6c9,2012-10-01,2012-10-01,2012-11-12
1809,261187350,C,2012-10-02,,138,Online,4,9996,1092362.88,358256.64,734106.24,2012-10-02,2012-10-02,2012-10-03,2574819d5aaafabbe69f407d38bd49d5,2012-10-02,2012-10-02,2012-10-03
1810,234227073,H,2012-10-02,,151,Online,11,1851,1205389.71,971700.96,233688.75,2012-10-02,2012-10-02,2012-10-12,76e42a4e7f64fc64c42b5f83f38b7a4f,2012-10-02,2012-10-02,2012-10-12
1811,421256434,C,2012-10-02,,47,Offline,8,7995,2040963.6,1274562.9,766400.7,2012-10-02,2012-10-02,2012-11-20,e16665cad4aa2a8f8b0a84d9d75333cd,2012-10-02,2012-10-02,2012-11-20
1812,772330129,C,2012-10-03,,99,Offline,4,8503,929207.84,304747.52,624460.32,2012-10-03,2012-10-03,2012-10-09,071a72f546aab618ba988efb732d0a3b,2012-10-03,2012-10-03,2012-10-09
1813,541613376,C,2012-10-03,,124,Online,12,4289,2866210.03,2155394.06,710815.97,2012-10-03,2012-10-03,2012-10-11,9daede2b6794dd459a124655865ac997,2012-10-03,2012-10-03,2012-10-11
1814,235919654,C,2012-10-03,,48,Offline,2,2723,129206.35,86564.17,42642.18,2012-10-03,2012-10-03,2012-10-13,5d9a6b31884a8d4e1d79c51afeb33dcd,2012-10-03,2012-10-03,2012-10-13
1815,304638707,H,2012-10-03,,55,Offline,11,8218,5351643.78,4314121.28,1037522.5,2012-10-03,2012-10-03,2012-10-15,adb5ff1734cb41617d472d307d7c61a4,2012-10-03,2012-10-03,2012-10-15
1816,169483268,L,2012-10-03,,121,Online,5,2720,415017.6,265036.8,149980.8,2012-10-03,2012-10-03,2012-11-04,c91ddc4e47e0044159a0778491acf397,2012-10-03,2012-10-03,2012-11-04
1817,819992768,H,2012-10-03,,113,Online,7,2937,604140.9,343952.07,260188.83,2012-10-03,2012-10-03,2012-11-13,9b2a0567b24a70b907678d0ba7302db0,2012-10-03,2012-10-03,2012-11-13
1818,921693980,M,2012-10-04,,24,Online,6,8586,1322759.16,780724.98,542034.18,2012-10-04,2012-10-04,2012-11-04,693f864e49dc2e9b78410a6bf61758e6,2012-10-04,2012-10-04,2012-11-04
1819,977897202,L,2012-10-04,,12,Offline,6,368,56694.08,33462.24,23231.84,2012-10-04,2012-10-04,2012-11-11,f663e8a6baab55f18bf565965e70039e,2012-10-04,2012-10-04,2012-11-11
1820,670274865,C,2012-10-04,,58,Online,6,8082,1245112.92,734896.26,510216.66,2012-10-04,2012-10-04,2012-11-13,f4835a2ea7fc3e73a93b4b52269dc2fc,2012-10-04,2012-10-04,2012-11-13
1821,850928294,M,2012-10-05,,105,Online,1,7447,69480.51,51533.24,17947.27,2012-10-05,2012-10-05,2012-10-09,05767b277b0a2dc45f488e55e30c471e,2012-10-05,2012-10-05,2012-10-09
1822,501665198,L,2012-10-05,,136,Offline,11,2735,1781059.35,1435765.6,345293.75,2012-10-05,2012-10-05,2012-10-26,e3849a2b66b41e15faca676d4f61f6f4,2012-10-05,2012-10-05,2012-10-26
1823,476633536,C,2012-10-05,,163,Online,6,5310,818058.6,482838.3,335220.3,2012-10-05,2012-10-05,2012-11-03,7fef66d67fbb0c050d5807944837981e,2012-10-05,2012-10-05,2012-11-03
1824,250010049,H,2012-10-06,,1,Offline,3,2384,194844.32,135101.28,59743.04,2012-10-06,2012-10-06,2012-11-05,82c9bbd1e56f88e6c5c48875eacc20a1,2012-10-06,2012-10-06,2012-11-05
1825,948064172,H,2012-10-07,,107,Offline,5,2111,322096.38,205695.84,116400.54,2012-10-07,2012-10-07,2012-11-23,300275fb02f735d4dd3a5f7bdc45aa4d,2012-10-07,2012-10-07,2012-11-23
1826,877062451,C,2012-10-09,,163,Online,2,1124,53333.8,35731.96,17601.84,2012-10-09,2012-10-09,2012-10-29,7b9948c0d961573d1ed5deaa0ae95cec,2012-10-09,2012-10-09,2012-10-29
1827,638041150,L,2012-10-09,,32,Online,8,9410,2402184.8,1500142.2,902042.6,2012-10-09,2012-10-09,2012-11-28,ec6e001c52e56ee5bd6bde284a6d7377,2012-10-09,2012-10-09,2012-11-28
1828,804132115,C,2012-10-10,,102,Online,5,9417,1436845.86,917592.48,519253.38,2012-10-10,2012-10-10,2012-11-24,e698cfe5b6f181d4d6d757374a111a2e,2012-10-10,2012-10-10,2012-11-24
1829,462819516,M,2012-10-12,,114,Online,4,7435,812496.8,266470.4,546026.4,2012-10-12,2012-10-12,2012-10-20,401ccef39b153513085321f1c0d752d6,2012-10-12,2012-10-12,2012-10-20
1830,651895511,L,2012-10-12,,4,Offline,8,9223,2354447.44,1470330.66,884116.78,2012-10-12,2012-10-12,2012-11-01,7b4696841f4b33015dc85c248ba46248,2012-10-12,2012-10-12,2012-11-01
1831,487615144,C,2012-10-12,,149,Online,7,5012,1030968.4,586955.32,444013.08,2012-10-12,2012-10-12,2012-12-01,3407194ed12e72c0fef196166b6a7a3d,2012-10-12,2012-10-12,2012-12-01
1832,354270303,L,2012-10-14,,137,Offline,6,5310,818058.6,482838.3,335220.3,2012-10-14,2012-10-14,2012-11-27,dc97ee891c48dfeca5b39640e012bc3d,2012-10-14,2012-10-14,2012-11-27
1833,111037719,L,2012-10-14,,122,Online,5,7383,1126498.14,719399.52,407098.62,2012-10-14,2012-10-14,2012-12-03,d6d3cd69c0fc3d259ef268784dcc080d,2012-10-14,2012-10-14,2012-12-03
1834,528665816,L,2012-10-15,,87,Offline,8,2818,719379.04,449245.56,270133.48,2012-10-15,2012-10-15,2012-10-25,23fde8ea9e3540d412f3c39ddc0a1b77,2012-10-15,2012-10-15,2012-10-25
1835,441409051,M,2012-10-15,,47,Online,9,1602,675867.78,584233.38,91634.4,2012-10-15,2012-10-15,2012-10-29,f5828c11f784d6d19fd2af9050a58453,2012-10-15,2012-10-15,2012-10-29
1836,485096442,C,2012-10-15,,47,Offline,8,9672,2469068.16,1541910.24,927157.92,2012-10-15,2012-10-15,2012-11-09,859d8c87447e667898276a338f48b4fe,2012-10-15,2012-10-15,2012-11-09
1837,264612853,L,2012-10-15,,157,Offline,7,3678,756564.6,430730.58,325834.02,2012-10-15,2012-10-15,2012-12-03,79cde1bc09fa81c4901d1044220b5fd8,2012-10-15,2012-10-15,2012-12-03
1838,831722819,C,2012-10-17,,16,Offline,6,4120,634727.2,374631.6,260095.6,2012-10-17,2012-10-17,2012-10-26,f08e104cd2e11079e96a851482eeaa98,2012-10-17,2012-10-17,2012-10-26
1839,174837386,M,2012-10-17,,74,Offline,9,7123,3005122.47,2597686.87,407435.6,2012-10-17,2012-10-17,2012-11-14,325a72c4e1ea4282c2cd6b832c6b4915,2012-10-17,2012-10-17,2012-11-14
1840,667324435,L,2012-10-18,,137,Online,8,4985,1272570.8,794708.7,477862.1,2012-10-18,2012-10-18,2012-10-31,cabcdb54a0c7328fd1c0cad235cb06a0,2012-10-18,2012-10-18,2012-10-31
1841,906345736,C,2012-10-18,,101,Offline,2,6699,317867.55,212961.21,104906.34,2012-10-18,2012-10-18,2012-11-21,8867dbe02c5ef81a8c4f08e0a4942600,2012-10-18,2012-10-18,2012-11-21
1842,737736070,L,2012-10-19,,37,Offline,7,1352,278106.4,158332.72,119773.68,2012-10-19,2012-10-19,2012-11-03,72f55930ec8d4bf856cd902978b28e7f,2012-10-19,2012-10-19,2012-11-03
1843,685744130,H,2012-10-19,,125,Online,12,5782,3863937.14,2905686.28,958250.86,2012-10-19,2012-10-19,2012-11-20,166a4c11f0a81215d051da8a9b29ac2f,2012-10-19,2012-10-19,2012-11-20
1844,754227149,H,2012-10-20,,171,Online,11,1429,930579.09,750167.84,180411.25,2012-10-20,2012-10-20,2012-11-24,b894845d91d55d5915c4a8d9b4356c78,2012-10-20,2012-10-20,2012-11-24
1845,519417130,C,2012-10-20,,112,Offline,10,5926,2590847.2,1560493.58,1030353.62,2012-10-20,2012-10-20,2012-11-27,8a83c603fd0995b48e7c9234f6d34e59,2012-10-20,2012-10-20,2012-11-27
1846,876394689,M,2012-10-22,,8,Online,7,3519,723858.3,412110.09,311748.21,2012-10-22,2012-10-22,2012-11-09,12687a1cba40ec361f0e208684a0ba35,2012-10-22,2012-10-22,2012-11-09
1847,169799983,H,2012-10-22,,45,Online,1,6443,60113.19,44585.56,15527.63,2012-10-22,2012-10-22,2012-11-20,94e015fd295e4aa8f8b276794dce833d,2012-10-22,2012-10-22,2012-11-20
1848,425430381,M,2012-10-22,,93,Online,2,3159,149894.55,100424.61,49469.94,2012-10-22,2012-10-22,2012-12-05,1f86f352f2e856d23144a0826e0f751e,2012-10-22,2012-10-22,2012-12-05
1849,595496594,H,2012-10-24,,54,Offline,3,9530,778886.9,540065.1,238821.8,2012-10-24,2012-10-24,2012-11-04,68f1223778771c7de8c544c2942dfd36,2012-10-24,2012-10-24,2012-11-04
1850,202546107,C,2012-10-24,,159,Offline,6,6749,1039750.94,613686.57,426064.37,2012-10-24,2012-10-24,2012-11-10,09c4c17592ddfb65c1421cf10fe616b9,2012-10-24,2012-10-24,2012-11-10
1851,545315253,H,2012-10-25,,53,Offline,10,9756,4265323.2,2569047.48,1696275.72,2012-10-25,2012-10-25,2012-10-28,e66f30ba48bc36378629ab3943514440,2012-10-25,2012-10-25,2012-10-28
1852,678424060,H,2012-10-25,,103,Online,7,9610,1976777,1125427.1,851349.9,2012-10-25,2012-10-25,2012-11-03,64076cffe6cf0ed028846a2d4e2debee,2012-10-25,2012-10-25,2012-11-03
1853,382963502,M,2012-10-26,,183,Online,9,6265,2643140.85,2284782.85,358358,2012-10-26,2012-10-26,2012-11-27,78b4041a620f6b981a126e12a50af183,2012-10-26,2012-10-26,2012-11-27
1854,638593900,L,2012-10-26,,37,Online,10,2981,1303293.2,784986.73,518306.47,2012-10-26,2012-10-26,2012-12-12,c48bb8bd07164fcdb488382b6a25a9af,2012-10-26,2012-10-26,2012-12-12
1855,507531726,H,2012-10-27,,37,Offline,5,8771,1338279.18,854646.24,483632.94,2012-10-27,2012-10-27,2012-11-11,74c277161c56643df25f688317f348cc,2012-10-27,2012-10-27,2012-11-11
1856,496826493,L,2012-10-28,,75,Online,1,855,7977.15,5916.6,2060.55,2012-10-28,2012-10-28,2012-12-11,b89ccc0a3f70e308099282b378217a24,2012-10-28,2012-10-28,2012-12-11
1857,303303182,M,2012-10-29,,49,Offline,12,3006,2008819.62,1510635.24,498184.38,2012-10-29,2012-10-29,2012-11-06,e19d01997664576128e41f74739679b4,2012-10-29,2012-10-29,2012-11-06
1858,816728627,H,2012-10-29,,86,Online,8,7005,1788236.4,1116737.1,671499.3,2012-10-29,2012-10-29,2012-12-05,7182082eaada6cacc74f1d1743ccb4f5,2012-10-29,2012-10-29,2012-12-05
1859,720931279,L,2012-10-30,,145,Offline,5,8441,1287927.78,822491.04,465436.74,2012-10-30,2012-10-30,2012-11-18,94ba2a3770c23567be41a52565e23458,2012-10-30,2012-10-30,2012-11-18
1860,438104569,H,2012-10-31,,83,Offline,10,3733,1632067.6,983010.89,649056.71,2012-10-31,2012-10-31,2012-11-13,d152064e899fd2a2eb6f4af8ad6b743c,2012-10-31,2012-10-31,2012-11-13
1861,620922648,H,2012-10-31,,53,Online,7,3665,753890.5,429208.15,324682.35,2012-10-31,2012-10-31,2012-11-27,647dba3fe4099ed6fd6a3fda07dae98e,2012-10-31,2012-10-31,2012-11-27
1862,813973891,C,2012-11-01,,33,Offline,10,1818,794829.6,478733.94,316095.66,2012-11-01,2012-11-01,2012-11-13,a927f8ef864954f37d2183978a74561d,2012-11-01,2012-11-01,2012-11-13
1863,192589318,M,2012-11-01,,84,Online,1,314,2929.62,2172.88,756.74,2012-11-01,2012-11-01,2012-12-16,7000048f68b4d16a16a3affbba1170d7,2012-11-01,2012-11-01,2012-12-16
1864,857425248,H,2012-11-02,,63,Online,5,40,6103.2,3897.6,2205.6,2012-11-02,2012-11-02,2012-11-25,9413e715590eb26c8e1da7ccae879c35,2012-11-02,2012-11-02,2012-11-25
1865,481319892,M,2012-11-02,,13,Offline,7,2107,433409.9,246750.77,186659.13,2012-11-02,2012-11-02,2012-11-25,657a4d101d74c5cec008505abf5390ca,2012-11-02,2012-11-02,2012-11-25
1866,695427548,M,2012-11-02,,35,Offline,6,1320,203359.2,120027.6,83331.6,2012-11-02,2012-11-02,2012-11-29,fbc91b3ce8bbc2fe16f3f8eccca5122b,2012-11-02,2012-11-02,2012-11-29
1867,184166753,L,2012-11-02,,100,Online,8,7890,2014159.2,1257823.8,756335.4,2012-11-02,2012-11-02,2012-12-20,93ade68842ff4d63955875055a325a34,2012-11-02,2012-11-02,2012-12-20
1868,241826522,L,2012-11-04,,142,Offline,4,697,76168.16,24980.48,51187.68,2012-11-04,2012-11-04,2012-11-06,07a072ae22b74f5026ae53236497314e,2012-11-04,2012-11-04,2012-11-06
1869,688697564,M,2012-11-04,,36,Offline,3,9768,798338.64,553552.56,244786.08,2012-11-04,2012-11-04,2012-12-03,2b367de621580a0f25ba371cf1921fd4,2012-11-04,2012-11-04,2012-12-03
1870,557871425,H,2012-11-04,,60,Online,8,5407,1380298.96,861983.94,518315.02,2012-11-04,2012-11-04,2012-12-22,6f0d8aa982df199059e72f6a16c0569c,2012-11-04,2012-11-04,2012-12-22
1871,470378625,L,2012-11-05,,109,Offline,4,4343,474603.04,155653.12,318949.92,2012-11-05,2012-11-05,2012-11-06,50a43c085a8c6fcbcf84a62f66c352af,2012-11-05,2012-11-05,2012-11-06
1872,996083867,H,2012-11-05,,184,Offline,5,2206,336591.48,214952.64,121638.84,2012-11-05,2012-11-05,2012-12-01,7617271498e7fe0b1938873cd75cea49,2012-11-05,2012-11-05,2012-12-01
1873,299840342,M,2012-11-05,,27,Online,3,8275,676315.75,468944.25,207371.5,2012-11-05,2012-11-05,2012-12-08,338616e9307322971b58779c4389a8ac,2012-11-05,2012-11-05,2012-12-08
1874,593018233,M,2012-11-05,,43,Online,5,6128,935010.24,597112.32,337897.92,2012-11-05,2012-11-05,2012-12-11,30c04db912fd7d05a8ab858ee5d3e95c,2012-11-05,2012-11-05,2012-12-11
1875,671616399,C,2012-11-06,,171,Offline,6,5072,781392.32,461196.96,320195.36,2012-11-06,2012-11-06,2012-12-10,17f7eec457447dc00421654e73f6eaac,2012-11-06,2012-11-06,2012-12-10
1876,648749387,M,2012-11-06,,109,Online,6,8215,1265602.9,746989.95,518612.95,2012-11-06,2012-11-06,2012-12-18,d30a0d4eacc71da1c5a0569e7707d55c,2012-11-06,2012-11-06,2012-12-18
1877,293228375,H,2012-11-07,,59,Offline,1,1647,15366.51,11397.24,3969.27,2012-11-07,2012-11-07,2012-11-17,483aa164b00d0f4e2017a85086da7bc5,2012-11-07,2012-11-07,2012-11-17
1878,575583016,C,2012-11-08,,32,Offline,11,6660,4337058.6,3496233.6,840825,2012-11-08,2012-11-08,2012-11-24,6c5cd8259a995d1a46aa6480b9772eb7,2012-11-08,2012-11-08,2012-11-24
1879,263867413,C,2012-11-08,,168,Online,10,3086,1349199.2,812636.38,536562.82,2012-11-08,2012-11-08,2012-11-28,2cbbdc140c852ac036ba7a48cc14ddf9,2012-11-08,2012-11-08,2012-11-28
1880,586052215,H,2012-11-08,,157,Offline,6,4729,728549.74,430007.97,298541.77,2012-11-08,2012-11-08,2012-12-16,a26fd6c8b5031e12af91b56fd5486355,2012-11-08,2012-11-08,2012-12-16
1881,161812150,C,2012-11-09,,134,Online,4,2666,291340.48,95549.44,195791.04,2012-11-09,2012-11-09,2012-11-12,1b79929cb5b5c3515cf1d01c72015a0b,2012-11-09,2012-11-09,2012-11-12
1882,546458089,C,2012-11-09,,97,Online,10,7947,3474428.4,2092683.51,1381744.89,2012-11-09,2012-11-09,2012-12-04,7862fa6b109e4b7d01111dadcdd15661,2012-11-09,2012-11-09,2012-12-04
1883,789572656,M,2012-11-09,,103,Offline,6,950,146357,86383.5,59973.5,2012-11-09,2012-11-09,2012-12-24,b73c22a716910c5f239bb31337ec1b44,2012-11-09,2012-11-09,2012-12-24
1884,595931327,M,2012-11-11,,120,Offline,6,8177,1259748.62,743534.61,516214.01,2012-11-11,2012-11-11,2012-12-15,db50e0b43623fee371bed617892b94fd,2012-11-11,2012-11-11,2012-12-15
1885,593766677,H,2012-11-11,,50,Offline,6,7609,1172242.54,691886.37,480356.17,2012-11-11,2012-11-11,2012-12-16,e7a850663ecc61eacaeadf5ee006f984,2012-11-11,2012-11-11,2012-12-16
1886,389892184,M,2012-11-12,,71,Online,1,6616,61727.28,45782.72,15944.56,2012-11-12,2012-11-12,2012-11-14,15b6514286ef41670c3695d87ace1092,2012-11-12,2012-11-12,2012-11-14
1887,294330871,C,2012-11-12,,131,Offline,2,7900,374855,251141,123714,2012-11-12,2012-11-12,2012-12-16,0d774fa6ec91247f5dcb644beaefd664,2012-11-12,2012-11-12,2012-12-16
1888,256547343,C,2012-11-13,,158,Online,3,6915,565162.95,391873.05,173289.9,2012-11-13,2012-11-13,2012-12-30,208eb6c7be0976137e172502dccc5404,2012-11-13,2012-11-13,2012-12-30
1889,306256616,L,2012-11-14,,23,Offline,3,6993,571537.89,396293.31,175244.58,2012-11-14,2012-11-14,2012-11-18,c3f08f55e857a64ba194a561c0eae736,2012-11-14,2012-11-14,2012-11-18
1890,624348151,C,2012-11-14,,155,Online,11,7347,4784439.87,3856881.12,927558.75,2012-11-14,2012-11-14,2012-12-08,fb2bcd3b6312a0e152b29994af1d7e38,2012-11-14,2012-11-14,2012-12-08
1891,495450627,L,2012-11-14,,180,Offline,7,3705,762118.5,433892.55,328225.95,2012-11-14,2012-11-14,2012-12-26,b1aff03f07d5409faf200788ed5a9f4a,2012-11-14,2012-11-14,2012-12-26
1892,551653850,C,2012-11-14,,152,Online,7,5488,1128881.6,642699.68,486181.92,2012-11-14,2012-11-14,2013-01-01,be2338716bdad29bdf1c51a3c743ae30,2012-11-14,2012-11-14,2013-01-01
1893,258121907,H,2012-11-16,,95,Offline,4,2863,312868.64,102609.92,210258.72,2012-11-16,2012-11-16,2012-12-06,ce8e0778770e4833c0928884885f121c,2012-11-16,2012-11-16,2012-12-06
1894,378714883,M,2012-11-16,,140,Offline,10,9005,3936986,2371286.65,1565699.35,2012-11-16,2012-11-16,2012-12-16,adb48115ccfe73c8b0348fd02a082a9e,2012-11-16,2012-11-16,2012-12-16
1895,170747125,H,2012-11-16,,95,Online,5,6723,1025795.34,655089.12,370706.22,2012-11-16,2012-11-16,2013-01-05,cf45d25c5ba386a82f3531f57bbc7523,2012-11-16,2012-11-16,2013-01-05
1897,717036712,M,2012-11-18,,126,Offline,12,5952,3977543.04,2991118.08,986424.96,2012-11-18,2012-11-18,2012-12-30,eadf217b5dba7bc72d2d308990b57157,2012-11-18,2012-11-18,2012-12-30
1898,257767856,M,2012-11-18,,110,Online,3,8092,661359.16,458573.64,202785.52,2012-11-18,2012-11-18,2013-01-03,59b7e4a5fef80917032bc7b66eec7923,2012-11-18,2012-11-18,2013-01-03
1899,159805858,M,2012-11-19,,33,Offline,9,8959,3779712.51,3267257.71,512454.8,2012-11-19,2012-11-19,2012-12-17,a5d0b64387dc3d82a42c94514b9780bf,2012-11-19,2012-11-19,2012-12-17
1900,174368321,C,2012-11-19,,67,Online,3,8316,679666.68,471267.72,208398.96,2012-11-19,2012-11-19,2013-01-06,06dd440b004df00c9177979402e37eb7,2012-11-19,2012-11-19,2013-01-06
1901,641705691,C,2012-11-20,,96,Online,4,3829,418433.12,137231.36,281201.76,2012-11-20,2012-11-20,2012-12-07,d7d507c08d9be39ba89965fe9cf6ac92,2012-11-20,2012-11-20,2012-12-07
1902,558542191,L,2012-11-20,,177,Online,9,3901,1645792.89,1422655.69,223137.2,2012-11-20,2012-11-20,2012-12-09,ceabe4cae6c6b2b39cb543fdaeb7922b,2012-11-20,2012-11-20,2012-12-09
1903,354667699,L,2012-11-21,,144,Offline,11,2908,1893718.68,1526583.68,367135,2012-11-21,2012-11-21,2012-12-29,b928dbf9d6d559d795eba3f38080cec6,2012-11-21,2012-11-21,2012-12-29
1904,470931375,M,2012-11-22,,156,Online,2,7914,375519.3,251586.06,123933.24,2012-11-22,2012-11-22,2013-01-10,9f48d45be2200bec0d55183082cd662a,2012-11-22,2012-11-22,2013-01-10
1905,433383882,C,2012-11-23,,31,Online,6,6776,1043910.56,616141.68,427768.88,2012-11-23,2012-11-23,2012-12-04,c2a5364ec4e219547e0c5bccd346d6ae,2012-11-23,2012-11-23,2012-12-04
1906,724397122,M,2012-11-23,,179,Online,3,4061,331905.53,230136.87,101768.66,2012-11-23,2012-11-23,2012-12-07,d41a31882463e3c5a5a294ff474386da,2012-11-23,2012-11-23,2012-12-07
1907,106987798,L,2012-11-23,,113,Online,9,8922,3764102.58,3253764.18,510338.4,2012-11-23,2012-11-23,2012-12-13,613b5514619e9e8f851c172bce231b3d,2012-11-23,2012-11-23,2012-12-13
1908,441688430,C,2012-11-23,,35,Online,1,4277,39904.41,29596.84,10307.57,2012-11-23,2012-11-23,2012-12-26,04904d6f6fd199f01efaf110d9c3be5c,2012-11-23,2012-11-23,2012-12-26
1909,378873240,H,2012-11-25,,34,Online,2,5866,278341.7,186480.14,91861.56,2012-11-25,2012-11-25,2012-11-28,0b804df9d9a7fd8153568d1dcaf8c654,2012-11-25,2012-11-25,2012-11-28
1910,370450675,M,2012-11-25,,72,Online,3,3442,281314.66,195058.14,86256.52,2012-11-25,2012-11-25,2012-12-01,c03b7fc26e8f7f9a2fb0ed5cc2565ecf,2012-11-25,2012-11-25,2012-12-01
1911,829483497,M,2012-11-27,,64,Online,2,1454,68992.3,46222.66,22769.64,2012-11-27,2012-11-27,2012-11-30,709787d1e562c2cbb2906be546dbb96f,2012-11-27,2012-11-27,2012-11-30
1912,681812226,L,2012-11-27,,157,Online,4,2244,245224.32,80424.96,164799.36,2012-11-27,2012-11-27,2012-12-24,a491167e1bbe2691393eaa9f1823160a,2012-11-27,2012-11-27,2012-12-24
1913,949958455,C,2012-11-27,,57,Offline,8,2672,682108.16,425970.24,256137.92,2012-11-27,2012-11-27,2013-01-04,3136ed03a7763f911461dfcacff165a1,2012-11-27,2012-11-27,2013-01-04
1914,856443774,H,2012-11-27,,14,Offline,10,9600,4197120,2527968,1669152,2012-11-27,2012-11-27,2013-01-10,64fe1584e4336b94eeabf7221675ddf1,2012-11-27,2012-11-27,2013-01-10
1915,833340728,M,2012-11-28,,154,Offline,11,2895,1885252.95,1519759.2,365493.75,2012-11-28,2012-11-28,2012-11-29,54794aa94c3a066b4b37e3059687b790,2012-11-28,2012-11-28,2012-11-29
1916,519578492,L,2012-11-28,,115,Offline,9,3677,1551289.53,1340965.13,210324.4,2012-11-28,2012-11-28,2012-12-29,3111381d720d6858aac3b7b4d7c159b3,2012-11-28,2012-11-28,2012-12-29
1917,228211200,H,2012-11-30,,137,Online,10,1620,708264,426594.6,281669.4,2012-11-30,2012-11-30,2012-12-03,a2a9583e42425682166ef2be3488e5e4,2012-11-30,2012-11-30,2012-12-03
1918,456527268,L,2012-12-01,,180,Offline,11,5419,3528906.99,2844758.24,684148.75,2012-12-01,2012-12-01,2012-12-02,6ae6c55328f4a1e22ec949c1689f3055,2012-12-01,2012-12-01,2012-12-02
1919,307045400,C,2012-12-01,,107,Online,11,412,268298.52,216283.52,52015,2012-12-01,2012-12-01,2012-12-02,8a159ef139ec18ae5406853e15678f86,2012-12-01,2012-12-01,2012-12-02
1920,901351678,C,2012-12-01,,3,Online,12,8846,5911516.42,4445468.84,1466047.58,2012-12-01,2012-12-01,2012-12-04,136644a9a45dbf761728dadc9cbca048,2012-12-01,2012-12-01,2012-12-04
1921,859592902,M,2012-12-02,,156,Online,9,1497,631569.33,545940.93,85628.4,2012-12-02,2012-12-02,2013-01-14,016572061e8177f522e5da438ed5cf88,2012-12-02,2012-12-02,2013-01-14
1922,745139825,H,2012-12-03,,124,Online,2,2288,108565.6,72735.52,35830.08,2012-12-03,2012-12-03,2012-12-08,690a52dd5d5fcdb3d268eb66f7c084ce,2012-12-03,2012-12-03,2012-12-08
1923,227621114,C,2012-12-03,,72,Offline,6,7001,1078574.06,636600.93,441973.13,2012-12-03,2012-12-03,2012-12-31,edce2b4a72a66081322fe145b87f0f84,2012-12-03,2012-12-03,2012-12-31
1924,287917602,L,2012-12-03,,88,Online,3,71,5802.83,4023.57,1779.26,2012-12-03,2012-12-03,2013-01-05,cff99c36e23be459b870239b52394b37,2012-12-03,2012-12-03,2013-01-05
1925,913277423,L,2012-12-04,,116,Online,6,7939,1223082.34,721893.27,501189.07,2012-12-04,2012-12-04,2012-12-28,9ae3d73e265ff94d15431ed3f9f04eea,2012-12-04,2012-12-04,2012-12-28
1926,574247491,H,2012-12-05,,84,Offline,12,1448,967654.96,727677.92,239977.04,2012-12-05,2012-12-05,2012-12-17,bc6068ec041494719f52c6e068b937a5,2012-12-05,2012-12-05,2012-12-17
1927,740338456,H,2012-12-06,,2,Offline,11,1456,948161.76,764341.76,183820,2012-12-06,2012-12-06,2012-12-12,a440f166136a452955c2008d7258d7d1,2012-12-06,2012-12-06,2012-12-12
1928,258202588,L,2012-12-06,,113,Online,11,6738,4387852.98,3537180.48,850672.5,2012-12-06,2012-12-06,2012-12-23,28bc33ba8ed8394c421cd382e82b3df4,2012-12-06,2012-12-06,2012-12-23
1929,983453023,L,2012-12-06,,113,Offline,3,4459,364434.07,252691.53,111742.54,2012-12-06,2012-12-06,2012-12-31,0112961e451d63ef6d217d99b95c175c,2012-12-06,2012-12-06,2012-12-31
1930,262177836,H,2012-12-06,,160,Offline,1,3103,28950.99,21472.76,7478.23,2012-12-06,2012-12-06,2013-01-16,6063936e6f237aaa68fb72091d05f268,2012-12-06,2012-12-06,2013-01-16
1931,322120273,C,2012-12-08,,78,Offline,11,1402,912996.42,735993.92,177002.5,2012-12-08,2012-12-08,2012-12-28,17960f7685697aca5039d33d4e2b64d6,2012-12-08,2012-12-08,2012-12-28
1932,920519816,M,2012-12-09,,29,Offline,2,1125,53381.25,35763.75,17617.5,2012-12-09,2012-12-09,2012-12-30,9155172a17edfa93fbf8e4e665431bf4,2012-12-09,2012-12-09,2012-12-30
1933,885136973,C,2012-12-09,,46,Offline,6,555,85503.3,50466.15,35037.15,2012-12-09,2012-12-09,2013-01-11,072a4e64101eaa59ee1ee52cb3d19d82,2012-12-09,2012-12-09,2013-01-11
1934,471484124,M,2012-12-09,,134,Online,8,1485,379090.8,236738.7,142352.1,2012-12-09,2012-12-09,2013-01-24,4686192efd0548f5f72f017f4bbc90d0,2012-12-09,2012-12-09,2013-01-24
1935,691259610,L,2012-12-12,,8,Offline,12,7935,5302722.45,3987654.9,1315067.55,2012-12-12,2012-12-12,2013-01-03,a1dd67dd11ba671c7b3efbab8a340fc9,2012-12-12,2012-12-12,2013-01-03
1936,292287242,M,2012-12-12,,175,Offline,2,3145,149230.25,99979.55,49250.7,2012-12-12,2012-12-12,2013-01-11,661ef44d459366840f548e0efdc7f666,2012-12-12,2012-12-12,2013-01-11
1937,468611371,M,2012-12-13,,86,Offline,5,1373,209492.34,133785.12,75707.22,2012-12-13,2012-12-13,2013-01-28,a6fd177c3d4470dd885b3ad21f66e765,2012-12-13,2012-12-13,2013-01-28
1938,692952191,M,2012-12-14,,169,Online,10,8807,3850420.4,2319147.31,1531273.09,2012-12-14,2012-12-14,2013-01-04,545eaf6bf93229d8c51e98844c915651,2012-12-14,2012-12-14,2013-01-04
1939,310588920,H,2012-12-14,,66,Offline,10,9018,3942669.6,2374709.94,1567959.66,2012-12-14,2012-12-14,2013-01-06,2ae4a5677ae6c97e2121d5f1abbfe93e,2012-12-14,2012-12-14,2013-01-06
1940,884192836,C,2012-12-14,,108,Offline,11,1164,758008.44,611053.44,146955,2012-12-14,2012-12-14,2013-01-15,bf3b213542444c45ba4c2e2884ee237f,2012-12-14,2012-12-14,2013-01-15
1941,493406999,C,2012-12-14,,148,Offline,7,8950,1841015,1048134.5,792880.5,2012-12-14,2012-12-14,2013-01-21,6e6a7fa2fbc2e9934da0740c530dd57e,2012-12-14,2012-12-14,2013-01-21
1942,674060428,L,2012-12-15,,18,Online,7,8315,1710395.5,973769.65,736625.85,2012-12-15,2012-12-15,2012-12-17,8891cce7999b8f2699c7e5952deb5f92,2012-12-15,2012-12-15,2012-12-17
1943,917293012,L,2012-12-15,,165,Offline,3,6241,510076.93,353677.47,156399.46,2012-12-15,2012-12-15,2013-01-30,259b7174c4e7d5680674e89f2da02137,2012-12-15,2012-12-15,2013-01-30
1944,898283231,H,2012-12-16,,10,Offline,7,825,169702.5,96615.75,73086.75,2012-12-16,2012-12-16,2012-12-18,4c5d39b9778efc1bcaae27de6b089f43,2012-12-16,2012-12-16,2012-12-18
1945,337077128,M,2012-12-16,,157,Offline,8,7468,1906431.04,1190548.56,715882.48,2012-12-16,2012-12-16,2012-12-30,8eb4e88ee64f7bf9059504df750962eb,2012-12-16,2012-12-16,2012-12-30
1946,910681045,M,2012-12-16,,47,Offline,10,9613,4202803.6,2531391.29,1671412.31,2012-12-16,2012-12-16,2013-01-08,6ff3368cd31b61f7819c39e1e216da8d,2012-12-16,2012-12-16,2013-01-08
1947,889742648,L,2012-12-17,,116,Offline,11,3476,2263605.96,1824760.96,438845,2012-12-17,2012-12-17,2013-01-16,5eeb976dcaac25d7a66b203844edc81a,2012-12-17,2012-12-17,2013-01-16
1948,818976962,C,2012-12-18,,33,Offline,6,2337,360038.22,212503.41,147534.81,2012-12-18,2012-12-18,2012-12-21,a5091bba6aaa61f0fe4f7020d820b50c,2012-12-18,2012-12-18,2012-12-21
1949,733648812,M,2012-12-18,,79,Online,7,1842,378899.4,215716.62,163182.78,2012-12-18,2012-12-18,2012-12-24,9eede44f9da08d7205cb82a0145a3c27,2012-12-18,2012-12-18,2012-12-24
1950,556970632,L,2012-12-18,,184,Offline,8,8842,2257185.76,1409591.64,847594.12,2012-12-18,2012-12-18,2013-01-02,32b390242f0719dfaf0ed324dde392d9,2012-12-18,2012-12-18,2013-01-02
1951,841725957,C,2012-12-18,,154,Online,8,4271,1090300.88,680882.82,409418.06,2012-12-18,2012-12-18,2013-01-08,61c869f007f721ab75e6ca7b18a2f79e,2012-12-18,2012-12-18,2013-01-08
1952,723061597,L,2012-12-19,,149,Online,4,8849,967018.72,317148.16,649870.56,2012-12-19,2012-12-19,2012-12-29,7fb1befd9ffa3eff2ce060d9f25f219b,2012-12-19,2012-12-19,2012-12-29
1953,664693725,C,2012-12-20,,13,Offline,5,6499,991617.42,633262.56,358354.86,2012-12-20,2012-12-20,2012-12-24,88260a73033e698fd58a873564c13e8f,2012-12-20,2012-12-20,2012-12-24
1954,215540015,M,2012-12-21,,26,Offline,3,1935,158147.55,109656.45,48491.1,2012-12-21,2012-12-21,2012-12-24,a989095f45d9c16aea8ef785266a99f5,2012-12-21,2012-12-21,2012-12-24
1955,524972951,L,2012-12-22,,26,Offline,9,17,7172.13,6199.73,972.4,2012-12-22,2012-12-22,2013-01-17,2fba0c4b73de6b0bbc2028967ede0b0c,2012-12-22,2012-12-22,2013-01-17
1956,238170993,L,2012-12-22,,108,Offline,2,8944,424392.8,284329.76,140063.04,2012-12-22,2012-12-22,2013-02-07,452eeb25da189b164c49ec7ad9eb929a,2012-12-22,2012-12-22,2013-02-07
1957,302442729,C,2012-12-23,,66,Offline,8,8379,2138991.12,1335780.18,803210.94,2012-12-23,2012-12-23,2013-01-17,9d766ec852cf5a983630c1a3ec38f36c,2012-12-23,2012-12-23,2013-01-17
1958,938507783,L,2012-12-23,,22,Online,11,4164,2711638.44,2185933.44,525705,2012-12-23,2012-12-23,2013-01-30,5bd820b54062914abce72a65f1498223,2012-12-23,2012-12-23,2013-01-30
1959,308582627,C,2012-12-23,,30,Offline,2,5312,252054.4,168868.48,83185.92,2012-12-23,2012-12-23,2013-02-09,d4b618e53e848eb55ffdedfa0d6c9349,2012-12-23,2012-12-23,2013-02-09
1960,121317231,C,2012-12-24,,56,Offline,3,9319,761641.87,528107.73,233534.14,2012-12-24,2012-12-24,2013-01-02,9f01581e8151a02238896bce1974f807,2012-12-24,2012-12-24,2013-01-02
1961,183778369,L,2012-12-24,,32,Online,5,2958,451331.64,288227.52,163104.12,2012-12-24,2012-12-24,2013-01-07,c058c15fb76120d2b5ab5847f2a08660,2012-12-24,2012-12-24,2013-01-07
1962,314604508,C,2012-12-24,,8,Online,11,7320,4766857.2,3842707.2,924150,2012-12-24,2012-12-24,2013-02-08,d439afc49ec90449d8ddcbfc169caa82,2012-12-24,2012-12-24,2013-02-08
1963,869198644,H,2012-12-26,,121,Online,7,4049,832879.3,474178.39,358700.91,2012-12-26,2012-12-26,2013-01-05,8b86077ee56b4f1d67c6b60ad9017d60,2012-12-26,2012-12-26,2013-01-05
1964,696613729,M,2012-12-26,,13,Online,6,2337,360038.22,212503.41,147534.81,2012-12-26,2012-12-26,2013-01-13,1832c15fcce64193b613abf3618a7a9b,2012-12-26,2012-12-26,2013-01-13
1965,900488221,M,2012-12-26,,99,Offline,11,3330,2168529.3,1748116.8,420412.5,2012-12-26,2012-12-26,2013-02-14,b09f3bdd16af22bb492463f31e2b9db9,2012-12-26,2012-12-26,2013-02-14
1966,975111138,M,2012-12-27,,123,Online,8,5910,1508704.8,942172.2,566532.6,2012-12-27,2012-12-27,2013-01-21,edcb764b10b631217bb5cacbbdec28e2,2012-12-27,2012-12-27,2013-01-21
1967,889192903,C,2012-12-30,,86,Online,2,795,37722.75,25273.05,12449.7,2012-12-30,2012-12-30,2013-01-01,f69b864c15f9d39a0bc05f00e243dcd1,2012-12-30,2012-12-30,2013-01-01
1968,413078916,L,2012-12-31,,18,Online,6,8086,1245729.16,735259.98,510469.18,2012-12-31,2012-12-31,2013-01-11,2ccd4090dea0fc3c1729680250f04c52,2012-12-31,2012-12-31,2013-01-11
1969,154811799,L,2013-01-02,,6,Offline,1,1106,10318.98,7653.52,2665.46,2013-01-02,2013-01-02,2013-02-19,d90f80ca5cc6c3ec6a4859923dd9fb72,2013-01-02,2013-01-02,2013-02-19
1970,578461778,C,2013-01-04,,173,Online,2,8550,405697.5,271804.5,133893,2013-01-04,2013-01-04,2013-01-09,d1b86ac17156a92f988c88073409c0cf,2013-01-04,2013-01-04,2013-01-09
1971,181418025,M,2013-01-04,,81,Online,11,4480,2917420.8,2351820.8,565600,2013-01-04,2013-01-04,2013-01-17,cbdd5d43f2d4ade4cd70e7237f7cfffe,2013-01-04,2013-01-04,2013-01-17
1972,399618947,L,2013-01-04,,21,Online,2,4982,236395.9,158377.78,78018.12,2013-01-04,2013-01-04,2013-01-19,89e1a802fc6f3ae8543c55ff10670aed,2013-01-04,2013-01-04,2013-01-19
1973,152411115,H,2013-01-04,,37,Online,9,691,291525.99,252000.79,39525.2,2013-01-04,2013-01-04,2013-02-21,4d370992f7a7fb9bf427de8a5432b4a1,2013-01-04,2013-01-04,2013-02-21
1974,823622977,C,2013-01-04,,83,Offline,4,7197,786488.16,257940.48,528547.68,2013-01-04,2013-01-04,2013-02-22,eadc43e2cb419c740c143edf97f355e3,2013-01-04,2013-01-04,2013-02-22
1975,291305768,H,2013-01-05,,32,Online,1,2705,25237.65,18718.6,6519.05,2013-01-05,2013-01-05,2013-01-06,bbe06c744318bf78bb1f09bca586dcde,2013-01-05,2013-01-05,2013-01-06
1976,734201562,M,2013-01-05,,16,Offline,10,5413,2366563.6,1425405.29,941158.31,2013-01-05,2013-01-05,2013-01-08,d0e79fe3e7547d371b5b48737cd9bd3a,2013-01-05,2013-01-05,2013-01-08
1977,941933286,M,2013-01-05,,153,Online,5,7846,1197142.68,764514.24,432628.44,2013-01-05,2013-01-05,2013-02-08,dfc09b34fbc77958a80737f113bfcb4c,2013-01-05,2013-01-05,2013-02-08
1978,715309798,M,2013-01-06,,23,Online,7,4920,1012044,576181.2,435862.8,2013-01-06,2013-01-06,2013-02-10,022aa7623765f2cf898a915c72c85ce6,2013-01-06,2013-01-06,2013-02-10
1979,939768636,H,2013-01-06,,60,Online,5,7278,1110477.24,709168.32,401308.92,2013-01-06,2013-01-06,2013-02-10,d7ee5825ed94a99002ce375153207b97,2013-01-06,2013-01-06,2013-02-10
1980,854204452,L,2013-01-07,,1,Online,5,6934,1057989.72,675648.96,382340.76,2013-01-07,2013-01-07,2013-02-14,bf0c0779cb3236678d0c76869c9a4a0c,2013-01-07,2013-01-07,2013-02-14
1981,725188910,L,2013-01-08,,2,Online,7,8369,1721503.3,980093.59,741409.71,2013-01-08,2013-01-08,2013-02-08,8aa9977de3e1f2b0178db1cd427637fd,2013-01-08,2013-01-08,2013-02-08
1982,209598815,L,2013-01-09,,43,Offline,4,3802,415482.56,136263.68,279218.88,2013-01-09,2013-01-09,2013-01-11,5bccebc822f7f10442ebe28df6ef03d2,2013-01-09,2013-01-09,2013-01-11
1983,968185460,M,2013-01-09,,172,Online,5,6448,983835.84,628293.12,355542.72,2013-01-09,2013-01-09,2013-02-03,14b1a5f205539d3e883f2408cbc9fda9,2013-01-09,2013-01-09,2013-02-03
1984,201294267,L,2013-01-09,,137,Offline,5,6302,961559.16,614066.88,347492.28,2013-01-09,2013-01-09,2013-02-09,211be9d99965134c5b2313224b9a114e,2013-01-09,2013-01-09,2013-02-09
1985,697992599,L,2013-01-09,,156,Online,7,376,77343.2,44033.36,33309.84,2013-01-09,2013-01-09,2013-02-18,89cbccf567d8822b00810ec5e8a90ea9,2013-01-09,2013-01-09,2013-02-18
1986,107425534,C,2013-01-10,,85,Online,2,8458,401332.1,268879.82,132452.28,2013-01-10,2013-01-10,2013-01-21,4a3bb884765bfbe3aca1d9b93eb50dbe,2013-01-10,2013-01-10,2013-01-21
1987,248720872,M,2013-01-10,,15,Online,11,888,578274.48,466164.48,112110,2013-01-10,2013-01-10,2013-01-24,83135872acfe5b75722ab237f25e4e08,2013-01-10,2013-01-10,2013-01-24
1988,250885522,L,2013-01-10,,19,Online,11,1456,948161.76,764341.76,183820,2013-01-10,2013-01-10,2013-01-24,c4e9358b2d3f1aa02b11483135199f7d,2013-01-10,2013-01-10,2013-01-24
1989,699803197,H,2013-01-10,,74,Offline,2,6172,292861.4,196207.88,96653.52,2013-01-10,2013-01-10,2013-01-24,b464a868d678df12992c6fa31138bece,2013-01-10,2013-01-10,2013-01-24
1990,142572343,H,2013-01-11,,82,Offline,4,9179,1003081.12,328975.36,674105.76,2013-01-11,2013-01-11,2013-03-02,9ecab5ea30ac1914b74dac50e900a8a1,2013-01-11,2013-01-11,2013-03-02
1991,768050181,C,2013-01-12,,76,Online,2,1971,93523.95,62658.09,30865.86,2013-01-12,2013-01-12,2013-01-28,ceec684b34499d244d11a879987d2327,2013-01-12,2013-01-12,2013-01-28
1992,946774995,M,2013-01-12,,150,Online,3,615,50263.95,34852.05,15411.9,2013-01-12,2013-01-12,2013-02-13,76866f94795ff72f7387d9f746737937,2013-01-12,2013-01-12,2013-02-13
1993,235732972,H,2013-01-13,,46,Offline,11,7480,4871050.8,3926700.8,944350,2013-01-13,2013-01-13,2013-01-31,037c115e6256ded7f0d79a4ebc2ee538,2013-01-13,2013-01-13,2013-01-31
1994,651432454,M,2013-01-13,,110,Online,11,2194,1428754.74,1151762.24,276992.5,2013-01-13,2013-01-13,2013-02-12,41c489e09145d5c0e6b0454e90354985,2013-01-13,2013-01-13,2013-02-12
1995,576337468,C,2013-01-14,,80,Online,1,9919,92544.27,68639.48,23904.79,2013-01-14,2013-01-14,2013-01-18,eb42c0aa50e4bf5b1c656223e36ad832,2013-01-14,2013-01-14,2013-01-18
1996,753133666,L,2013-01-14,,109,Online,12,7843,5241241.61,3941421.22,1299820.39,2013-01-14,2013-01-14,2013-02-04,5a01a5119d74dd140856efc1dc6626c6,2013-01-14,2013-01-14,2013-02-04
1997,225145757,H,2013-01-14,,150,Offline,10,4487,1961716.4,1181561.71,780154.69,2013-01-14,2013-01-14,2013-02-05,94377b430c8f3cf290009aa914b50305,2013-01-14,2013-01-14,2013-02-05
1998,723772704,M,2013-01-15,,165,Offline,12,9282,6202882.14,4664576.28,1538305.86,2013-01-15,2013-01-15,2013-02-15,dc1c24212cea73daa03f0581d0fa70c3,2013-01-15,2013-01-15,2013-02-15
1999,785643756,H,2013-01-17,,162,Offline,8,8301,2119079.28,1323345.42,795733.86,2013-01-17,2013-01-17,2013-01-26,6f8c441096018adf2040f6c03e60a38a,2013-01-17,2013-01-17,2013-01-26
2000,417606914,H,2013-01-18,,110,Offline,11,8021,5223355.41,4210704.16,1012651.25,2013-01-18,2013-01-18,2013-02-19,747c0b8138b5914272c05f0980fe9832,2013-01-18,2013-01-18,2013-02-19
2001,591766393,C,2013-01-20,,97,Online,6,5681,875214.86,516573.33,358641.53,2013-01-20,2013-01-20,2013-03-10,b6f8b551fcadb497732fd801ac33c7f5,2013-01-20,2013-01-20,2013-03-10
2002,680715739,H,2013-01-22,,61,Online,11,7769,5059250.49,4078414.24,980836.25,2013-01-22,2013-01-22,2013-03-07,f932b06ad5fdafc04ad5b24d3a4a868f,2013-01-22,2013-01-22,2013-03-07
2003,167172276,L,2013-01-23,,158,Offline,12,8846,5911516.42,4445468.84,1466047.58,2013-01-23,2013-01-23,2013-03-04,10d835c8766b82808c50735a4b0d5593,2013-01-23,2013-01-23,2013-03-04
2004,412215459,H,2013-01-24,,24,Online,7,2569,528443.3,300855.59,227587.71,2013-01-24,2013-01-24,2013-01-31,4ce51acd1aa16cbbd27a53094250bffe,2013-01-24,2013-01-24,2013-01-31
2005,443269002,H,2013-01-24,,61,Online,12,2003,1338544.81,1006587.62,331957.19,2013-01-24,2013-01-24,2013-03-13,116524fc591a2208432bc9e693f86ba2,2013-01-24,2013-01-24,2013-03-13
2006,592986905,M,2013-01-24,,9,Online,11,6858,4465998.18,3600175.68,865822.5,2013-01-24,2013-01-24,2013-03-13,73239316af9f45d18b031a746fbaa503,2013-01-24,2013-01-24,2013-03-13
2007,414026057,M,2013-01-25,,55,Online,8,8366,2135672.48,1333707.72,801964.76,2013-01-25,2013-01-25,2013-02-26,523f2d760e8d62021ae8bc1b7d8f4fcd,2013-01-25,2013-01-25,2013-02-26
2008,316418111,M,2013-01-25,,120,Offline,2,4005,190037.25,127318.95,62718.3,2013-01-25,2013-01-25,2013-03-06,8d6e058f06271307efc04930a2fcaf74,2013-01-25,2013-01-25,2013-03-06
2009,704921281,L,2013-01-26,,161,Offline,5,727,110925.66,70838.88,40086.78,2013-01-26,2013-01-26,2013-02-05,d097ac0ecad45ef43bb92b55616de5b1,2013-01-26,2013-01-26,2013-02-05
2010,945517146,C,2013-01-28,,55,Offline,5,8390,1280146.2,817521.6,462624.6,2013-01-28,2013-01-28,2013-02-01,1a4db0e905057b83cb20c32cd3dd6fbe,2013-01-28,2013-01-28,2013-02-01
2011,460980594,C,2013-01-29,,115,Offline,7,3257,669964.9,381427.27,288537.63,2013-01-29,2013-01-29,2013-02-13,2620d5a868e11c30ab3b6b65b5749132,2013-01-29,2013-01-29,2013-02-13
2012,224005925,M,2013-01-29,,64,Online,5,7186,1096439.88,700203.84,396236.04,2013-01-29,2013-01-29,2013-02-18,1b75bc7f1282e53d0e1c8c82fb3ee477,2013-01-29,2013-01-29,2013-02-18
2013,392379558,H,2013-01-29,,141,Offline,8,2685,685426.8,428042.7,257384.1,2013-01-29,2013-01-29,2013-03-09,ddc724470494a135f518004ad73ac884,2013-01-29,2013-01-29,2013-03-09
2014,673041617,M,2013-01-29,,130,Online,12,6826,4561611.02,3430338.04,1131272.98,2013-01-29,2013-01-29,2013-03-15,4195f34618e9b6286ac19df08e0d38a0,2013-01-29,2013-01-29,2013-03-15
2015,687368047,L,2013-01-30,,65,Online,7,6335,1303109.5,741891.85,561217.65,2013-01-30,2013-01-30,2013-02-14,850cab185b786942699074960c84f385,2013-01-30,2013-01-30,2013-02-14
2016,250848186,M,2013-01-30,,79,Online,4,407,44476.96,14586.88,29890.08,2013-01-30,2013-01-30,2013-03-07,f481afe35f34dee830cfde061f9ff8aa,2013-01-30,2013-01-30,2013-03-07
2017,986449801,H,2013-01-31,,163,Offline,9,1272,536644.08,463885.68,72758.4,2013-01-31,2013-01-31,2013-03-13,229aa8f08f7c52ad9d4e3688ea82408b,2013-01-31,2013-01-31,2013-03-13
2018,846965062,H,2013-02-01,,9,Online,5,4638,707666.04,451926.72,255739.32,2013-02-01,2013-02-01,2013-02-12,0a132bece1cc2000156a365c30257606,2013-02-01,2013-02-01,2013-02-12
2019,539342725,H,2013-02-01,,69,Offline,5,2353,359020.74,229276.32,129744.42,2013-02-01,2013-02-01,2013-02-15,f383b4e3e4cf1356c20e8f70db06a1f9,2013-02-01,2013-02-01,2013-02-15
2020,585194766,C,2013-02-01,,170,Offline,6,990,152519.4,90020.7,62498.7,2013-02-01,2013-02-01,2013-02-25,e1556063be0afb0c8bfd7735f75b337d,2013-02-01,2013-02-01,2013-02-25
2021,560163104,H,2013-02-01,,117,Online,1,3565,33261.45,24669.8,8591.65,2013-02-01,2013-02-01,2013-03-05,39343c016bf6c80ad92a2e64c50c1dd7,2013-02-01,2013-02-01,2013-03-05
2022,687013995,C,2013-02-01,,174,Offline,8,1563,399002.64,249173.46,149829.18,2013-02-01,2013-02-01,2013-03-13,24b4d66abb633a4eaa2497685fe56817,2013-02-01,2013-02-01,2013-03-13
2023,881993854,L,2013-02-03,,46,Online,6,436,67170.16,39645.48,27524.68,2013-02-03,2013-02-03,2013-02-28,ac5b80fd0d3f0479506e492a34279adf,2013-02-03,2013-02-03,2013-02-28
2024,484950101,H,2013-02-03,,12,Online,4,6366,695676.48,228157.44,467519.04,2013-02-03,2013-02-03,2013-03-07,ea8c171611187853ac7c208060138b4c,2013-02-03,2013-02-03,2013-03-07
2025,555479753,C,2013-02-04,,6,Offline,10,7658,3348077.6,2016581.14,1331496.46,2013-02-04,2013-02-04,2013-02-12,8b3c69eb9c70ea753a3ab00970647193,2013-02-04,2013-02-04,2013-02-12
2026,281075608,H,2013-02-04,,92,Offline,12,5373,3590614.71,2700147.42,890467.29,2013-02-04,2013-02-04,2013-03-26,e56734dc6a64eccc77d67137a7c3a6d5,2013-02-04,2013-02-04,2013-03-26
2027,424181544,H,2013-02-05,,11,Online,7,3600,740520,421596,318924,2013-02-05,2013-02-05,2013-03-04,e387675d5dca4b3bcc0c9a14bb594acd,2013-02-05,2013-02-05,2013-03-04
2028,636360585,H,2013-02-05,,28,Offline,7,2093,430530.1,245111.23,185418.87,2013-02-05,2013-02-05,2013-03-08,90a74ccae57677d5c03d7c332614557f,2013-02-05,2013-02-05,2013-03-08
2029,783913838,H,2013-02-05,,33,Online,5,6380,973460.4,621667.2,351793.2,2013-02-05,2013-02-05,2013-03-09,edeabb445922da431130de1adde46eb4,2013-02-05,2013-02-05,2013-03-09
2030,266159093,C,2013-02-06,,27,Offline,11,1245,810756.45,653575.2,157181.25,2013-02-06,2013-02-06,2013-02-10,d145f210863a429d4c35f22f653240fb,2013-02-06,2013-02-06,2013-02-10
2031,405407798,C,2013-02-06,,124,Offline,6,8031,1237255.86,730258.83,506997.03,2013-02-06,2013-02-06,2013-03-11,6a95856757222d53c0889cfde0d152df,2013-02-06,2013-02-06,2013-03-11
2032,523836123,C,2013-02-06,,90,Online,4,3605,393954.4,129203.2,264751.2,2013-02-06,2013-02-06,2013-03-22,1098c7a76c223b706c0b758947027d06,2013-02-06,2013-02-06,2013-03-22
2033,417569577,C,2013-02-07,,14,Offline,12,6972,4659178.44,3503708.88,1155469.56,2013-02-07,2013-02-07,2013-02-10,df9d07811ab1d3d8a7d204604d0f2819,2013-02-07,2013-02-07,2013-02-10
2034,330312812,M,2013-02-07,,157,Online,10,5756,2516523.2,1515727.48,1000795.72,2013-02-07,2013-02-07,2013-02-14,d7e04d3315dbd627799708d3b7491860,2013-02-07,2013-02-07,2013-02-14
2035,841573607,H,2013-02-07,,126,Online,9,9187,3875903.43,3350407.03,525496.4,2013-02-07,2013-02-07,2013-03-17,475e8e6e798a6217800cbe891bb2878c,2013-02-07,2013-02-07,2013-03-17
2036,246913278,H,2013-02-08,,178,Online,10,5981,2614893.2,1574976.73,1039916.47,2013-02-08,2013-02-08,2013-02-18,a0158d566aba82b6034fb56a3a0bff28,2013-02-08,2013-02-08,2013-02-18
2037,575355994,C,2013-02-08,,41,Online,3,9479,774718.67,537174.93,237543.74,2013-02-08,2013-02-08,2013-03-06,7115aa8f48de6f4b00993bbb21559df0,2013-02-08,2013-02-08,2013-03-06
2038,943274819,M,2013-02-08,,139,Online,5,4836,737876.88,471219.84,266657.04,2013-02-08,2013-02-08,2013-03-08,cb4cd4889cb7c2621cff75ace8fd6b04,2013-02-08,2013-02-08,2013-03-08
2039,242583978,L,2013-02-09,,77,Online,10,4845,2118234,1275833.85,842400.15,2013-02-09,2013-02-09,2013-02-20,046ea6748c1f7fff2f7993b74afbdcb0,2013-02-09,2013-02-09,2013-02-20
2040,533597218,M,2013-02-09,,28,Online,11,2130,1387077.3,1118164.8,268912.5,2013-02-09,2013-02-09,2013-02-24,5c13571553bbcbc7e948ed0c58dd2647,2013-02-09,2013-02-09,2013-02-24
2041,735189044,L,2013-02-09,,114,Offline,7,7631,1569696.7,893666.41,676030.29,2013-02-09,2013-02-09,2013-03-03,b23ae2ead883fe1c5084857313ce9151,2013-02-09,2013-02-09,2013-03-03
2042,516870105,L,2013-02-09,,12,Offline,1,2205,20572.65,15258.6,5314.05,2013-02-09,2013-02-09,2013-03-27,4c282502519e7c606ddfd790aab6ce56,2013-02-09,2013-02-09,2013-03-27
2043,890928828,C,2013-02-10,,51,Online,11,4494,2926537.74,2359170.24,567367.5,2013-02-10,2013-02-10,2013-03-02,ec643e0ac1e6241f1ca45964fcc32b5c,2013-02-10,2013-02-10,2013-03-02
2044,624829232,M,2013-02-10,,103,Offline,5,9710,1481551.8,946142.4,535409.4,2013-02-10,2013-02-10,2013-03-16,b0d5e8a060f59d9e20a7d40c116c61f2,2013-02-10,2013-02-10,2013-03-16
2045,691383635,M,2013-02-10,,45,Offline,6,4637,714376.22,421642.41,292733.81,2013-02-10,2013-02-10,2013-03-19,1add4de8e1573b7d941c8ee2e8257a4d,2013-02-10,2013-02-10,2013-03-19
2046,290246617,C,2013-02-10,,109,Offline,9,9279,3914717.31,3383958.51,530758.8,2013-02-10,2013-02-10,2013-03-28,835e111a6a35ab6cae6e8e5e9d0eef97,2013-02-10,2013-02-10,2013-03-28
2047,668280589,L,2013-02-11,,28,Online,9,7932,3346431.48,2892721.08,453710.4,2013-02-11,2013-02-11,2013-03-28,3a1acc8d66ccc8e360317433c0229af4,2013-02-11,2013-02-11,2013-03-28
2048,873847663,M,2013-02-12,,20,Online,10,9797,4283248.4,2579844.01,1703404.39,2013-02-12,2013-02-12,2013-03-10,b211426243c554e788d4eee3bf04b4cf,2013-02-12,2013-02-12,2013-03-10
2049,723893725,C,2013-02-13,,32,Online,12,5095,3404835.65,2560441.3,844394.35,2013-02-13,2013-02-13,2013-03-11,58565998d2325e60ec3368b1e4d0621c,2013-02-13,2013-02-13,2013-03-11
2050,771674382,L,2013-02-14,,118,Offline,6,4453,686029.18,404911.29,281117.89,2013-02-14,2013-02-14,2013-03-21,0500d8bede3dd5333c949423b05b886d,2013-02-14,2013-02-14,2013-03-21
2051,821383655,M,2013-02-14,,77,Online,6,4531,698045.86,412003.83,286042.03,2013-02-14,2013-02-14,2013-03-29,0f576ce987cee73d98673efd63983202,2013-02-14,2013-02-14,2013-03-29
2052,709095227,M,2013-02-15,,39,Online,4,5890,643659.2,211097.6,432561.6,2013-02-15,2013-02-15,2013-02-20,f33a7209b049cb2f4edc5f9dd952ae86,2013-02-15,2013-02-15,2013-02-20
2053,910569036,C,2013-02-15,,184,Online,7,6467,1330261.9,757350.37,572911.53,2013-02-15,2013-02-15,2013-03-25,4a8a3afb7fdf4f0713329446d11dfa74,2013-02-15,2013-02-15,2013-03-25
2054,382581126,M,2013-02-16,,138,Offline,3,3112,254343.76,176357.04,77986.72,2013-02-16,2013-02-16,2013-03-27,8e8996e88cbbf4416bb0e9c958d7d08e,2013-02-16,2013-02-16,2013-03-27
2055,444806230,H,2013-02-16,,84,Online,7,6903,1419947.1,808410.33,611536.77,2013-02-16,2013-02-16,2013-04-01,4e221986144c51e93132cbc6e88c9690,2013-02-16,2013-02-16,2013-04-01
2056,421821200,C,2013-02-17,,67,Offline,12,5122,3422878.94,2574009.88,848869.06,2013-02-17,2013-02-17,2013-03-15,683716bfa74c41365f68c6d9914bb92c,2013-02-17,2013-02-17,2013-03-15
2057,562880504,H,2013-02-18,,83,Online,11,7704,5016921.84,4044291.84,972630,2013-02-18,2013-02-18,2013-03-19,f650a297925bbe8fbc5b0fb264052175,2013-02-18,2013-02-18,2013-03-19
2058,542178142,C,2013-02-18,,17,Online,11,1415,921462.15,742818.4,178643.75,2013-02-18,2013-02-18,2013-03-26,d2408f87aff465c612ae5577780237ec,2013-02-18,2013-02-18,2013-03-26
2059,968228805,L,2013-02-18,,179,Online,5,9274,1415026.92,903658.56,511368.36,2013-02-18,2013-02-18,2013-04-03,8c4e15f81d22d58deeeeceea0f8c7bd9,2013-02-18,2013-02-18,2013-04-03
2060,280171811,L,2013-02-18,,9,Online,7,7920,1629144,927511.2,701632.8,2013-02-18,2013-02-18,2013-04-07,765f06431f41d3caf07b161a7818a246,2013-02-18,2013-02-18,2013-04-07
2061,498136699,L,2013-02-20,,64,Offline,5,8574,1308220.92,835450.56,472770.36,2013-02-20,2013-02-20,2013-04-11,1ad9c387e34d2989ba347a7ec9fd0038,2013-02-20,2013-02-20,2013-04-11
2062,406432616,H,2013-02-21,,67,Online,2,1298,61590.1,41263.42,20326.68,2013-02-21,2013-02-21,2013-03-23,7641c5239c4130d7b8e4d9f0988d9cb7,2013-02-21,2013-02-21,2013-03-23
2063,437604176,L,2013-02-21,,79,Online,5,5655,862839.9,551023.2,311816.7,2013-02-21,2013-02-21,2013-04-07,8e037abdf2971399a7169c8e5e55aab3,2013-02-21,2013-02-21,2013-04-07
2064,431346261,M,2013-02-21,,7,Online,3,3799,310492.27,215289.33,95202.94,2013-02-21,2013-02-21,2013-04-09,863a67858830864d09cf0ac33732695c,2013-02-21,2013-02-21,2013-04-09
2065,634866702,M,2013-02-22,,77,Offline,3,20,1634.6,1133.4,501.2,2013-02-22,2013-02-22,2013-02-25,2f88191365b1106dda47b38a0ea56eff,2013-02-22,2013-02-22,2013-02-25
2066,474797618,L,2013-02-22,,165,Offline,6,2021,311355.26,183769.53,127585.73,2013-02-22,2013-02-22,2013-03-01,504fe5b5a6cc6566810f8ae96d6ff7a0,2013-02-22,2013-02-22,2013-03-01
2067,281510341,M,2013-02-22,,39,Online,9,4020,1695997.8,1466053.8,229944,2013-02-22,2013-02-22,2013-03-16,9a7a71ffd7742e8c7fd1746e7703df13,2013-02-22,2013-02-22,2013-03-16
2068,189924275,L,2013-02-22,,144,Offline,2,1668,79146.6,53025.72,26120.88,2013-02-22,2013-02-22,2013-03-21,9e6fedaf721080b6105fd30a3e7266ca,2013-02-22,2013-02-22,2013-03-21
2069,137814319,M,2013-02-23,,116,Online,1,1174,10953.42,8124.08,2829.34,2013-02-23,2013-02-23,2013-03-14,ebad5586ed323805ba8620c8d7f448de,2013-02-23,2013-02-23,2013-03-14
2070,499593245,H,2013-02-23,,73,Online,3,9598,784444.54,543918.66,240525.88,2013-02-23,2013-02-23,2013-04-13,1cf9838f9b11e57913bd870f0f09e491,2013-02-23,2013-02-23,2013-04-13
2071,357943856,L,2013-02-24,,108,Offline,8,2396,611650.88,381970.32,229680.56,2013-02-24,2013-02-24,2013-03-17,a80baf4b504357da188bfceb307eb3f4,2013-02-24,2013-02-24,2013-03-17
2072,334958827,L,2013-02-25,,14,Online,3,615,50263.95,34852.05,15411.9,2013-02-25,2013-02-25,2013-02-28,72afb118c371eedea14f18315394c675,2013-02-25,2013-02-25,2013-02-28
2073,559417665,M,2013-02-25,,30,Offline,6,2973,458020.38,270334.89,187685.49,2013-02-25,2013-02-25,2013-02-28,3f9dd9ae15dd8c1a991dfc5117c4fddb,2013-02-25,2013-02-25,2013-02-28
2074,898211562,L,2013-02-25,,164,Offline,1,9616,89717.28,66542.72,23174.56,2013-02-25,2013-02-25,2013-03-12,87fb986ce49c45cbc9d65059a51c498f,2013-02-25,2013-02-25,2013-03-12
2075,511518990,C,2013-02-25,,92,Online,1,8691,81087.03,60141.72,20945.31,2013-02-25,2013-02-25,2013-03-16,b24e989fd2c36c4856bb06b9f6987399,2013-02-25,2013-02-25,2013-03-16
2076,133248984,C,2013-02-25,,64,Offline,9,190,80159.1,69291.1,10868,2013-02-25,2013-02-25,2013-03-17,3dcd9258628289b443dcbcd190df4fd2,2013-02-25,2013-02-25,2013-03-17
2077,210154569,L,2013-02-25,,52,Offline,9,8262,3485655.18,3013068.78,472586.4,2013-02-25,2013-02-25,2013-03-17,c5db1d1912258889b1a37d877a4199d8,2013-02-25,2013-02-25,2013-03-17
2078,824927175,C,2013-02-27,,47,Offline,7,3138,645486.6,367491.18,277995.42,2013-02-27,2013-02-27,2013-03-13,7ba0a988332c3411e64082f677f6d9a3,2013-02-27,2013-02-27,2013-03-13
2079,741527640,M,2013-03-01,,57,Offline,7,3362,691563.4,393723.82,297839.58,2013-03-01,2013-03-01,2013-03-18,10fd4a8ed120a4b0b20f13eefea62834,2013-03-01,2013-03-01,2013-03-18
2080,269742953,M,2013-03-01,,39,Online,9,1789,754761.21,652430.41,102330.8,2013-03-01,2013-03-01,2013-03-26,36b5b5d8ff3ae6cc3e20770a0388c94a,2013-03-01,2013-03-01,2013-03-26
2081,670761954,L,2013-03-01,,109,Offline,2,2223,105481.35,70669.17,34812.18,2013-03-01,2013-03-01,2013-04-11,bf2e3400c1eb3b31ca0db2f31651f937,2013-03-01,2013-03-01,2013-04-11
2082,678830468,M,2013-03-02,,25,Online,7,9876,2031493.2,1156578.36,874914.84,2013-03-02,2013-03-02,2013-03-15,17f8e65b43e12170eb8f07cfea1809db,2013-03-02,2013-03-02,2013-03-15
2083,597831618,M,2013-03-02,,151,Offline,5,516,78731.28,50279.04,28452.24,2013-03-02,2013-03-02,2013-03-17,043e1a4bdd29a686d2922f1203e46f66,2013-03-02,2013-03-02,2013-03-17
2084,132186830,M,2013-03-02,,123,Offline,10,5875,2568550,1547063.75,1021486.25,2013-03-02,2013-03-02,2013-04-16,03cb72eefeb2c2c0d3fc3c35db5fe452,2013-03-02,2013-03-02,2013-04-16
2085,560166108,H,2013-03-03,,156,Online,2,4454,211342.3,141592.66,69749.64,2013-03-03,2013-03-03,2013-03-05,886ec9415348d237a99a1245f34274c5,2013-03-03,2013-03-03,2013-03-05
2086,967679059,C,2013-03-03,,34,Online,6,6592,1015563.52,599410.56,416152.96,2013-03-03,2013-03-03,2013-03-19,7a9c9eb0523b145a0be848bb530a8d46,2013-03-03,2013-03-03,2013-03-19
2087,630931794,H,2013-03-03,,140,Offline,8,5593,1427781.04,891636.06,536144.98,2013-03-03,2013-03-03,2013-04-01,3219bbe0ad5873e315a3c30cec07886f,2013-03-03,2013-03-03,2013-04-01
2088,930013549,L,2013-03-04,,142,Offline,11,531,345792.51,278753.76,67038.75,2013-03-04,2013-03-04,2013-03-07,29b6ed6ad1f767a60c8931eae72cdefb,2013-03-04,2013-03-04,2013-03-07
2089,651162087,C,2013-03-05,,156,Online,3,2187,178743.51,123937.29,54806.22,2013-03-05,2013-03-05,2013-03-26,2cb52df61d607bd38085f4db4c56134d,2013-03-05,2013-03-05,2013-03-26
2090,433079183,M,2013-03-05,,90,Offline,11,6609,4303846.89,3469460.64,834386.25,2013-03-05,2013-03-05,2013-04-19,e69e5b5e61bdffb3c6b73e859a6511c7,2013-03-05,2013-03-05,2013-04-19
2091,245813786,M,2013-03-06,,120,Offline,10,617,269752.4,162474.61,107277.79,2013-03-06,2013-03-06,2013-03-12,249f08edb182bd1e2d951a6b623e48ad,2013-03-06,2013-03-06,2013-03-12
2092,380733191,C,2013-03-07,,34,Offline,8,6267,1599839.76,999085.14,600754.62,2013-03-07,2013-03-07,2013-04-13,91f42a689cefe7573a1a47a930cff927,2013-03-07,2013-03-07,2013-04-13
2093,376403892,M,2013-03-07,,116,Offline,8,5131,1309841.68,817984.02,491857.66,2013-03-07,2013-03-07,2013-04-14,4c2a18e0dd3a0d7fe8e165eda933aeae,2013-03-07,2013-03-07,2013-04-14
2094,727713620,C,2013-03-07,,113,Offline,11,5486,3572538.06,2879930.56,692607.5,2013-03-07,2013-03-07,2013-04-22,d5f843211a8f17e9fc4ca432298c47a2,2013-03-07,2013-03-07,2013-04-22
2095,343185698,H,2013-03-07,,164,Offline,11,5129,3340056.09,2692519.84,647536.25,2013-03-07,2013-03-07,2013-04-25,8e2f99b747bf23b77686e623345159cd,2013-03-07,2013-03-07,2013-04-25
2096,962169587,M,2013-03-09,,62,Offline,3,6217,508115.41,352317.39,155798.02,2013-03-09,2013-03-09,2013-03-26,732af42a2ae83a5f97b9492f9ea0f351,2013-03-09,2013-03-09,2013-03-26
2097,247152316,M,2013-03-09,,41,Offline,3,6717,548980.41,380652.39,168328.02,2013-03-09,2013-03-09,2013-04-09,db211fdfdb2439a5d92d4581b58ddf5d,2013-03-09,2013-03-09,2013-04-09
2098,750108563,C,2013-03-09,,132,Offline,8,2648,675981.44,422144.16,253837.28,2013-03-09,2013-03-09,2013-04-16,89d19389027896d3e8221001fe51bfe9,2013-03-09,2013-03-09,2013-04-16
2099,363297975,L,2013-03-10,,112,Online,12,6799,4543567.73,3416769.46,1126798.27,2013-03-10,2013-03-10,2013-03-27,7914c16bd44d81cfe5c6965f73646d01,2013-03-10,2013-03-10,2013-03-27
2100,918364179,H,2013-03-10,,118,Offline,5,3223,491765.34,314049.12,177716.22,2013-03-10,2013-03-10,2013-04-11,2cafa3f42583f59d68dff06d445cb6af,2013-03-10,2013-03-10,2013-04-11
2101,253056180,C,2013-03-11,,148,Online,12,3802,2540762.54,1910657.08,630105.46,2013-03-11,2013-03-11,2013-03-14,2d7a3f72f5bb96ed02575a6be201c592,2013-03-11,2013-03-11,2013-03-14
2102,758177077,L,2013-03-11,,175,Online,10,300,131160,78999,52161,2013-03-11,2013-03-11,2013-03-21,bd11c451f165950f15a6ce6cc87ba38e,2013-03-11,2013-03-11,2013-03-21
2103,579334247,L,2013-03-11,,47,Online,7,6733,1384978.1,788501.63,596476.47,2013-03-11,2013-03-11,2013-03-30,ee8c9ce9e698502437a991d5fa2f8f0e,2013-03-11,2013-03-11,2013-03-30
2104,467045819,M,2013-03-11,,127,Online,3,8092,661359.16,458573.64,202785.52,2013-03-11,2013-03-11,2013-04-12,4bd02a658de07f12eec90429f6b34ffd,2013-03-11,2013-03-11,2013-04-12
2105,383882319,H,2013-03-11,,181,Online,6,8164,1257745.84,742352.52,515393.32,2013-03-11,2013-03-11,2013-04-15,ea3449f55b92581f3543493945bbf65b,2013-03-11,2013-03-11,2013-04-15
2106,298790204,H,2013-03-11,,123,Offline,4,7516,821348.48,269373.44,551975.04,2013-03-11,2013-03-11,2013-04-18,401d937396e4df0ffb09b4878ccf7f74,2013-03-11,2013-03-11,2013-04-18
2107,144743001,M,2013-03-12,,45,Offline,8,1525,389302,243115.5,146186.5,2013-03-12,2013-03-12,2013-04-21,a5fafa18b0800a1af9f562b62610632c,2013-03-12,2013-03-12,2013-04-21
2108,614245021,L,2013-03-13,,10,Offline,10,7606,3325343.2,2002887.98,1322455.22,2013-03-13,2013-03-13,2013-03-20,86e249e1c9a1fdfe36b10a9b15bfd93c,2013-03-13,2013-03-13,2013-03-20
2109,757468974,H,2013-03-14,,171,Online,2,757,35919.65,24065.03,11854.62,2013-03-14,2013-03-14,2013-03-23,4f2de7ab819005250db77fbde0abead0,2013-03-14,2013-03-14,2013-03-23
2110,491369378,M,2013-03-14,,93,Offline,6,5973,920200.38,543124.89,377075.49,2013-03-14,2013-03-14,2013-04-06,281701ecd1b0ef0ba45938baefc7fa11,2013-03-14,2013-03-14,2013-04-06
2111,799109733,C,2013-03-14,,167,Online,4,3183,347838.24,114078.72,233759.52,2013-03-14,2013-03-14,2013-04-29,906155cb91ec31693bc05925c3b961b1,2013-03-14,2013-03-14,2013-04-29
2112,514000356,C,2013-03-15,,65,Offline,12,2982,1992781.14,1498574.28,494206.86,2013-03-15,2013-03-15,2013-03-30,9c0da29ef6a18b8c9c664d48db20352a,2013-03-15,2013-03-15,2013-03-30
2113,586812674,M,2013-03-15,,153,Offline,11,9766,6359716.86,5126759.36,1232957.5,2013-03-15,2013-03-15,2013-03-31,9e598f8c64d71d24ecb79eb46884dc55,2013-03-15,2013-03-15,2013-03-31
2114,994325625,H,2013-03-15,,64,Offline,5,1904,290512.32,185525.76,104986.56,2013-03-15,2013-03-15,2013-04-15,8ac0d22c7628632c057609094a6f49b3,2013-03-15,2013-03-15,2013-04-15
2115,393407380,L,2013-03-16,,82,Online,1,6841,63826.53,47339.72,16486.81,2013-03-16,2013-03-16,2013-03-21,43d19c152870c23c898e84583f2afc90,2013-03-16,2013-03-16,2013-03-21
2116,694771802,H,2013-03-16,,101,Offline,8,7270,1855885.6,1158983.4,696902.2,2013-03-16,2013-03-16,2013-03-21,27ed5374983326b6aa3dce77787abbe6,2013-03-16,2013-03-16,2013-03-21
2117,962800014,L,2013-03-16,,103,Online,5,2774,423256.92,270298.56,152958.36,2013-03-16,2013-03-16,2013-04-26,6f1c5d85cf1245ddf135ef10a1f95b4e,2013-03-16,2013-03-16,2013-04-26
2118,523997485,L,2013-03-17,,100,Online,7,1355,278723.5,158684.05,120039.45,2013-03-17,2013-03-17,2013-04-23,0377ec305ed998fe1af5207a1d453f5c,2013-03-17,2013-03-17,2013-04-23
2119,372232949,C,2013-03-18,,130,Online,12,856,572039.12,430174.24,141864.88,2013-03-18,2013-03-18,2013-03-30,8e94bf953ac0f28734e680e46a2ac065,2013-03-18,2013-03-18,2013-03-30
2121,826936471,H,2013-03-20,,145,Online,8,7733,1974080.24,1232794.86,741285.38,2013-03-20,2013-03-20,2013-03-30,abbd166043ed406718e3dd05ca2f01d5,2013-03-20,2013-03-20,2013-03-30
2122,492353856,L,2013-03-20,,43,Online,12,7302,4879707.54,3669547.08,1210160.46,2013-03-20,2013-03-20,2013-04-11,ef5589d54877665f2cc3b08b23ea9941,2013-03-20,2013-03-20,2013-04-11
2123,805762040,M,2013-03-22,,173,Online,9,1748,737463.72,637478.12,99985.6,2013-03-22,2013-03-22,2013-04-08,a06a988b444b18ddc1175e1eea10650e,2013-03-22,2013-03-22,2013-04-08
2124,726809823,H,2013-03-22,,41,Online,5,8033,1225675.14,782735.52,442939.62,2013-03-22,2013-03-22,2013-05-05,97e83b6c18bd10167daf9d775c42f508,2013-03-22,2013-03-22,2013-05-05
2125,431467282,C,2013-03-23,,159,Online,3,9612,785588.76,544712.04,240876.72,2013-03-23,2013-03-23,2013-05-04,3bc214e2c55b76605ff8e767cb153a30,2013-03-23,2013-03-23,2013-05-04
2126,578666484,H,2013-03-24,,153,Offline,1,9127,85154.91,63158.84,21996.07,2013-03-24,2013-03-24,2013-04-11,c3400d92ee7a9d97d3bff1cda4306b72,2013-03-24,2013-03-24,2013-04-11
2127,747040116,H,2013-03-24,,111,Online,11,4626,3012497.46,2428464.96,584032.5,2013-03-24,2013-03-24,2013-04-30,2fe94769b81162bc56b399a6e49dc46f,2013-03-24,2013-03-24,2013-04-30
2128,343974483,M,2013-03-24,,95,Offline,6,8548,1316904.88,777269.64,539635.24,2013-03-24,2013-03-24,2013-05-09,12116b6fe70c474a99dedfd855d30ede,2013-03-24,2013-03-24,2013-05-09
2129,634397637,H,2013-03-26,,10,Offline,4,1213,132556.64,43473.92,89082.72,2013-03-26,2013-03-26,2013-04-19,0a21c230bd1c0de3e7a84a182eee842b,2013-03-26,2013-03-26,2013-04-19
2130,833706796,M,2013-03-27,,43,Online,7,1223,251571.1,143225.53,108345.57,2013-03-27,2013-03-27,2013-04-03,a7259276eea6818de73432c6805ef29c,2013-03-27,2013-03-27,2013-04-03
2131,104245078,M,2013-03-27,,169,Offline,1,7290,68015.7,50446.8,17568.9,2013-03-27,2013-03-27,2013-04-21,26d8f9f83211bfec9a91f310a94cd5e6,2013-03-27,2013-03-27,2013-04-21
2132,266360795,C,2013-03-27,,128,Online,7,933,191918.1,109263.63,82654.47,2013-03-27,2013-03-27,2013-05-13,082345f18b021400bf5d7eaca5f2a642,2013-03-27,2013-03-27,2013-05-13
2133,621291720,H,2013-03-29,,59,Offline,6,2881,443846.86,261969.33,181877.53,2013-03-29,2013-03-29,2013-03-31,84c35ea6d40af6d74b87e5ba198c9957,2013-03-29,2013-03-29,2013-03-31
2134,396832883,M,2013-03-29,,144,Offline,3,523,42744.79,29638.41,13106.38,2013-03-29,2013-03-29,2013-03-31,fc52a727c299713ba27c404fc2bc8f65,2013-03-29,2013-03-29,2013-03-31
2135,114242208,M,2013-03-29,,62,Offline,3,5663,462836.99,320922.21,141914.78,2013-03-29,2013-03-29,2013-05-15,986adbb7244ffefd9dd19d55a640daba,2013-03-29,2013-03-29,2013-05-15
2136,357120740,L,2013-03-30,,7,Offline,8,8818,2251059.04,1405765.56,845293.48,2013-03-30,2013-03-30,2013-04-14,d2c1f0a586944839e8a470476cd7a39b,2013-03-30,2013-03-30,2013-04-14
2137,409112679,H,2013-03-30,,140,Online,6,4388,676015.28,399000.84,277014.44,2013-03-30,2013-03-30,2013-05-18,5f6ba6f2822abf9eea2a57d21ea93b21,2013-03-30,2013-03-30,2013-05-18
2138,386009633,M,2013-03-31,,90,Offline,3,7683,627931.59,435395.61,192535.98,2013-03-31,2013-03-31,2013-04-05,f2fef5f3f6787ce9a60ce56f66861b10,2013-03-31,2013-03-31,2013-04-05
2139,820482861,C,2013-03-31,,107,Offline,6,7967,1227396.02,724439.31,502956.71,2013-03-31,2013-03-31,2013-04-11,3313c91adca3e6cc6366cec6b89debc6,2013-03-31,2013-03-31,2013-04-11
2140,286001002,C,2013-04-01,,52,Online,5,2907,443550.06,283258.08,160291.98,2013-04-01,2013-04-01,2013-04-15,ced39e71b40d35245fcbb5e78a3c9583,2013-04-01,2013-04-01,2013-04-15
2141,870074117,C,2013-04-01,,177,Online,2,3121,148091.45,99216.59,48874.86,2013-04-01,2013-04-01,2013-05-16,4c33811f6111dfb2a48afdbeafa96115,2013-04-01,2013-04-01,2013-05-16
2142,462561166,H,2013-04-02,,160,Online,9,983,414717.87,358490.27,56227.6,2013-04-02,2013-04-02,2013-05-02,ef708958efd6a1605402b309c9a30ae3,2013-04-02,2013-04-02,2013-05-02
2143,516599738,M,2013-04-02,,24,Offline,11,2197,1430708.37,1153337.12,277371.25,2013-04-02,2013-04-02,2013-05-09,a9cd1dcef085c68e1cda2ff7d49647c3,2013-04-02,2013-04-02,2013-05-09
2144,443551385,L,2013-04-03,,37,Online,8,5566,1420888.48,887331.72,533556.76,2013-04-03,2013-04-03,2013-05-09,ba8e1ec10e0557e801eb2d2953e3b304,2013-04-03,2013-04-03,2013-05-09
2145,248099458,M,2013-04-04,,42,Offline,10,6998,3059525.6,1842783.34,1216742.26,2013-04-04,2013-04-04,2013-04-05,86b17d7a51e2deb1ed8a8e7cac3b5c67,2013-04-04,2013-04-04,2013-04-05
2146,256404006,M,2013-04-04,,59,Online,8,4498,1148249.44,717071.16,431178.28,2013-04-04,2013-04-04,2013-04-27,aad879f681328663fff7311eabf4f335,2013-04-04,2013-04-04,2013-04-27
2147,669938838,M,2013-04-04,,165,Offline,8,8645,2206895.6,1378185.9,828709.7,2013-04-04,2013-04-04,2013-05-10,07c36e215a30775d2a26b7339ffb8433,2013-04-04,2013-04-04,2013-05-10
2148,441150701,H,2013-04-05,,2,Online,1,5150,48049.5,35638,12411.5,2013-04-05,2013-04-05,2013-05-12,71c842ae83b16401df5683c7ab634b1a,2013-04-05,2013-04-05,2013-05-12
2149,424541604,H,2013-04-05,,58,Offline,11,150,97681.5,78744,18937.5,2013-04-05,2013-04-05,2013-05-17,d606edb133809e1a843f369068b917dd,2013-04-05,2013-04-05,2013-05-17
2150,328862273,H,2013-04-05,,9,Online,12,6510,4350437.7,3271535.4,1078902.3,2013-04-05,2013-04-05,2013-05-24,ca66def7a61932eaba3c77fccba25c14,2013-04-05,2013-04-05,2013-05-24
2151,902466189,C,2013-04-06,,104,Online,5,8655,1320579.9,843343.2,477236.7,2013-04-06,2013-04-06,2013-04-13,d82f3e1f93a292988db4ce2d9609e5d2,2013-04-06,2013-04-06,2013-04-13
2152,885739076,H,2013-04-06,,25,Online,4,8730,954014.4,312883.2,641131.2,2013-04-06,2013-04-06,2013-05-14,ef79aa4704caea9aef56b4dd05e6a1e5,2013-04-06,2013-04-06,2013-05-14
2153,129199063,C,2013-04-06,,85,Offline,1,1729,16131.57,11964.68,4166.89,2013-04-06,2013-04-06,2013-05-17,39228ccc67cba48130e54a94e1ddc667,2013-04-06,2013-04-06,2013-05-17
2154,347399985,H,2013-04-06,,16,Online,12,2231,1490910.37,1121166.74,369743.63,2013-04-06,2013-04-06,2013-05-19,588612c2f9cd13ef31a2a6e2a9038392,2013-04-06,2013-04-06,2013-05-19
2155,850356233,L,2013-04-06,,158,Online,10,8161,3567989.2,2149036.13,1418953.07,2013-04-06,2013-04-06,2013-05-26,10a2082905ec2018500d021eecb6b1f5,2013-04-06,2013-04-06,2013-05-26
2156,427808749,C,2013-04-09,,44,Online,7,6971,1433934.7,816373.81,617560.89,2013-04-09,2013-04-09,2013-04-24,f788b899c2d79b9bf64da8d238e04c40,2013-04-09,2013-04-09,2013-04-24
2157,107670581,M,2013-04-09,,10,Online,3,972,79441.56,55083.24,24358.32,2013-04-09,2013-04-09,2013-05-01,70fa761109b57354086876ec60e19843,2013-04-09,2013-04-09,2013-05-01
2158,105623948,L,2013-04-09,,67,Online,2,5328,252813.6,169377.12,83436.48,2013-04-09,2013-04-09,2013-05-27,aae37323bda6270f786765092b94a056,2013-04-09,2013-04-09,2013-05-27
2159,872161090,L,2013-04-11,,148,Offline,5,703,107263.74,68500.32,38763.42,2013-04-11,2013-04-11,2013-04-28,a49136b8a6c872c2dc98be0900e7c74c,2013-04-11,2013-04-11,2013-04-28
2160,277736794,C,2013-04-11,,181,Online,1,7344,68519.52,50820.48,17699.04,2013-04-11,2013-04-11,2013-05-21,8a471a88ae9bebc43f54854938a759fc,2013-04-11,2013-04-11,2013-05-21
2161,242353951,L,2013-04-12,,10,Online,12,6775,4527529.25,3404708.5,1122820.75,2013-04-12,2013-04-12,2013-04-13,344a05be24e9f4034d3113bbab8d7b2c,2013-04-12,2013-04-12,2013-04-13
2162,828237664,H,2013-04-13,,44,Offline,12,2785,1861131.95,1399573.9,461558.05,2013-04-13,2013-04-13,2013-04-19,510a6ee1356a0240ca84f53a8e04b912,2013-04-13,2013-04-13,2013-04-19
2163,984095466,H,2013-04-13,,52,Online,6,4572,704362.32,415731.96,288630.36,2013-04-13,2013-04-13,2013-05-12,faebab7d9f3ec565b72739a085521d21,2013-04-13,2013-04-13,2013-05-12
2164,131876122,C,2013-04-13,,141,Offline,8,3930,1003250.4,626520.6,376729.8,2013-04-13,2013-04-13,2013-05-22,738dc17af8ee63d972a37f602be64d59,2013-04-13,2013-04-13,2013-05-22
2165,439262425,M,2013-04-14,,19,Offline,6,6368,981054.08,579042.24,402011.84,2013-04-14,2013-04-14,2013-05-20,1bc0d0cd56f3a9e21b735c524335aaa8,2013-04-14,2013-04-14,2013-05-20
2166,867477738,M,2013-04-14,,80,Online,4,4795,523997.6,171852.8,352144.8,2013-04-14,2013-04-14,2013-05-27,ad6088732bebfa6ef70854190fa1ff72,2013-04-14,2013-04-14,2013-05-27
2167,584296977,M,2013-04-16,,49,Online,2,5315,252196.75,168963.85,83232.9,2013-04-16,2013-04-16,2013-04-28,ea2a623b33839f6bd26877e33c6a86cd,2013-04-16,2013-04-16,2013-04-28
2168,447212922,L,2013-04-16,,142,Online,7,9097,1871252.9,1065349.67,805903.23,2013-04-16,2013-04-16,2013-05-19,f619fbf36157ba6118614b783f22ac23,2013-04-16,2013-04-16,2013-05-19
2169,783842170,C,2013-04-16,,117,Offline,8,5172,1320308.16,824520.24,495787.92,2013-04-16,2013-04-16,2013-06-01,16d3eba73f909b897cc13b739cd62909,2013-04-16,2013-04-16,2013-06-01
2170,804308497,C,2013-04-18,,55,Offline,6,1613,248498.78,146670.09,101828.69,2013-04-18,2013-04-18,2013-05-27,31386e7197d4f92b98484a168759d715,2013-04-18,2013-04-18,2013-05-27
2171,255264174,M,2013-04-19,,182,Offline,12,7197,4809539.19,3616780.38,1192758.81,2013-04-19,2013-04-19,2013-05-10,34e374f395906d48c8ec8b91e99a3cdc,2013-04-19,2013-04-19,2013-05-10
2172,864368951,M,2013-04-19,,38,Online,5,4836,737876.88,471219.84,266657.04,2013-04-19,2013-04-19,2013-06-02,b87269eeb1197313e1a37202e3232944,2013-04-19,2013-04-19,2013-06-02
2173,924665439,C,2013-04-19,,135,Online,8,7906,2018243.68,1260374.52,757869.16,2013-04-19,2013-04-19,2013-06-07,55ed4c2e9ea1445ef8b29faaef826dc2,2013-04-19,2013-04-19,2013-06-07
2174,286317718,M,2013-04-20,,72,Offline,1,6630,61857.9,45879.6,15978.3,2013-04-20,2013-04-20,2013-04-30,496da70cf89fab54942629e680d158e8,2013-04-20,2013-04-20,2013-04-30
2175,103499639,L,2013-04-20,,147,Online,1,6698,62492.34,46350.16,16142.18,2013-04-20,2013-04-20,2013-06-06,a5a87cdae475a9eb49c618d186bbf47f,2013-04-20,2013-04-20,2013-06-06
2176,577094924,C,2013-04-21,,50,Offline,4,4067,444441.76,145761.28,298680.48,2013-04-21,2013-04-21,2013-05-04,ac158f0406446b623ef4b757ec63eb47,2013-04-21,2013-04-21,2013-05-04
2177,327604424,L,2013-04-21,,5,Online,2,4284,203275.8,136188.36,67087.44,2013-04-21,2013-04-21,2013-05-13,8bac13a9258e1647cdb20405e04bb010,2013-04-21,2013-04-21,2013-05-13
2178,886763894,M,2013-04-21,,45,Offline,6,1997,307657.82,181587.21,126070.61,2013-04-21,2013-04-21,2013-05-27,d7b60f25faee30873f173dc57bf9ba2d,2013-04-21,2013-04-21,2013-05-27
2179,173557221,C,2013-04-23,,89,Online,10,8293,3625699.6,2183795.69,1441903.91,2013-04-23,2013-04-23,2013-05-16,37b743e9bf460e4b4b7a4b5729591061,2013-04-23,2013-04-23,2013-05-16
2180,570482957,L,2013-04-23,,55,Online,6,7439,1146052.34,676428.27,469624.07,2013-04-23,2013-04-23,2013-06-03,a11bf23f9021231e92a95ba239218d1c,2013-04-23,2013-04-23,2013-06-03
2181,624285495,L,2013-04-24,,2,Offline,3,8806,719714.38,499036.02,220678.36,2013-04-24,2013-04-24,2013-06-11,af2b2a53736d7a05c9836109de7007d2,2013-04-24,2013-04-24,2013-06-11
2182,738502538,C,2013-04-25,,52,Online,11,8167,5318432.07,4287348.32,1031083.75,2013-04-25,2013-04-25,2013-05-29,a308328b3a04ea8990b7f0a4239d6c9f,2013-04-25,2013-04-25,2013-05-29
2183,409941804,M,2013-04-25,,57,Online,3,9744,796377.12,552192.48,244184.64,2013-04-25,2013-04-25,2013-06-08,39f61393c9df77cdb19f3798c93c7ece,2013-04-25,2013-04-25,2013-06-08
2184,659196269,L,2013-04-26,,144,Online,12,9680,6468853.6,4864587.2,1604266.4,2013-04-26,2013-04-26,2013-06-01,656247df53f86dc82217974856bff8e9,2013-04-26,2013-04-26,2013-06-01
2185,738030469,M,2013-04-27,,61,Offline,2,8471,401948.95,269293.09,132655.86,2013-04-27,2013-04-27,2013-05-31,7bf40170a604a2106fdec1c5197c3bdd,2013-04-27,2013-04-27,2013-05-31
2186,328470885,H,2013-04-27,,110,Online,5,689,105127.62,67136.16,37991.46,2013-04-27,2013-04-27,2013-06-12,ed28cd7ef10c94d21899ff1bc8cb1709,2013-04-27,2013-04-27,2013-06-12
2187,833473765,H,2013-04-28,,163,Offline,2,2264,107426.8,71972.56,35454.24,2013-04-28,2013-04-28,2013-05-25,52de61b776562ad5ffd56ab10e9ac74f,2013-04-28,2013-04-28,2013-05-25
2188,602520978,C,2013-04-29,,64,Online,10,8202,3585914.4,2159832.66,1426081.74,2013-04-29,2013-04-29,2013-05-28,c8bec578fe9f4c0001f63a8920bf19f6,2013-04-29,2013-04-29,2013-05-28
2189,149274003,C,2013-04-29,,108,Offline,12,2350,1570434.5,1180969,389465.5,2013-04-29,2013-04-29,2013-05-29,51dc1a32010f4107b7d4db8d4c148b8b,2013-04-29,2013-04-29,2013-05-29
2190,517074811,C,2013-04-30,,49,Online,3,2782,227372.86,157655.94,69716.92,2013-04-30,2013-04-30,2013-05-07,62a47cc156c4d5c7f0a2a0419b6bd164,2013-04-30,2013-04-30,2013-05-07
2191,546081721,H,2013-04-30,,172,Online,9,6571,2772239.19,2396377.99,375861.2,2013-04-30,2013-04-30,2013-05-22,24c6775dec0c358ace87bfd30f7b904f,2013-04-30,2013-04-30,2013-05-22
2192,806041419,C,2013-04-30,,92,Online,10,4423,1933735.6,1164708.59,769027.01,2013-04-30,2013-04-30,2013-06-05,1466ebcfbb18b9b908b6d21dad827c2a,2013-04-30,2013-04-30,2013-06-05
2193,739250981,L,2013-05-01,,83,Offline,2,9648,457797.6,306709.92,151087.68,2013-05-01,2013-05-01,2013-06-03,c0c330fc06b03ea45a881a07d75edb81,2013-05-01,2013-05-01,2013-06-03
2194,737086331,M,2013-05-01,,55,Offline,2,9080,430846,288653.2,142192.8,2013-05-01,2013-05-01,2013-06-04,16bdf7b7ac3fb1fc773aa85c1a5bf362,2013-05-01,2013-05-01,2013-06-04
2195,157106482,L,2013-05-02,,126,Offline,7,154,31677.8,18034.94,13642.86,2013-05-02,2013-05-02,2013-05-03,4632f7e7e9286fdab4e0d6371e717d55,2013-05-02,2013-05-02,2013-05-03
2196,826389729,M,2013-05-02,,128,Online,7,5940,1221858,695633.4,526224.6,2013-05-02,2013-05-02,2013-05-05,e9c8fc8e7e640d6007c432a3bd2bc104,2013-05-02,2013-05-02,2013-05-05
2197,275062739,H,2013-05-04,,106,Offline,7,6032,1240782.4,706407.52,534374.88,2013-05-04,2013-05-04,2013-05-16,c3c7cb7901230b47758481bbee0f4f7f,2013-05-04,2013-05-04,2013-05-16
2198,347639024,M,2013-05-05,,16,Offline,7,2967,610311.9,347465.37,262846.53,2013-05-05,2013-05-05,2013-05-18,e2a32fd6e84e3fb5961770fddfbe3533,2013-05-05,2013-05-05,2013-05-18
2199,229092681,C,2013-05-05,,114,Offline,1,2470,23045.1,17092.4,5952.7,2013-05-05,2013-05-05,2013-06-01,087e131f7f2addb5e433e1a1442ed9bb,2013-05-05,2013-05-05,2013-06-01
2200,308044898,H,2013-05-06,,177,Offline,2,6186,293525.7,196652.94,96872.76,2013-05-06,2013-05-06,2013-05-07,2412dd518963f2b3c4f448cabdd979e2,2013-05-06,2013-05-06,2013-05-07
2201,897785842,L,2013-05-08,,43,Offline,11,3636,2367799.56,1908754.56,459045,2013-05-08,2013-05-08,2013-05-12,2e6d1feebb2ae791a5a58495d48a512f,2013-05-08,2013-05-08,2013-05-12
2202,737598741,H,2013-05-09,,103,Offline,4,713,77916.64,25553.92,52362.72,2013-05-09,2013-05-09,2013-06-10,86b694ba302f15bd20bbb3a423001d57,2013-05-09,2013-05-09,2013-06-10
2203,538053548,L,2013-05-09,,178,Online,12,856,572039.12,430174.24,141864.88,2013-05-09,2013-05-09,2013-06-27,37a554d0ef99d54215f823ad67011d99,2013-05-09,2013-05-09,2013-06-27
2204,438044917,H,2013-05-10,,133,Offline,2,6080,288496,193283.2,95212.8,2013-05-10,2013-05-10,2013-05-17,936fcc8ede8f37f1d2e7992f3c74fcc1,2013-05-10,2013-05-10,2013-05-17
2205,126329314,H,2013-05-10,,114,Offline,3,2506,204815.38,142015.02,62800.36,2013-05-10,2013-05-10,2013-05-21,970c3a3310828a507c059e51bf80fc22,2013-05-10,2013-05-10,2013-05-21
2206,953635013,H,2013-05-10,,132,Offline,1,647,6036.51,4477.24,1559.27,2013-05-10,2013-05-10,2013-06-14,609409c5425dabacb77efdb12d818120,2013-05-10,2013-05-10,2013-06-14
2207,722918260,H,2013-05-10,,70,Online,1,6433,60019.89,44516.36,15503.53,2013-05-10,2013-05-10,2013-06-16,31f778a55509b2703b0368d127182c2d,2013-05-10,2013-05-10,2013-06-16
2208,175920569,H,2013-05-11,,106,Offline,1,7661,71477.13,53014.12,18463.01,2013-05-11,2013-05-11,2013-06-24,4b7862d2d88601af710dbdfac5c44ebd,2013-05-11,2013-05-11,2013-06-24
2209,741101920,M,2013-05-12,,113,Online,10,7382,3227410.4,1943902.06,1283508.34,2013-05-12,2013-05-12,2013-05-17,2c4d64ba4c8eb055fdf0b50a8ba2117f,2013-05-12,2013-05-12,2013-05-17
2210,851343715,C,2013-05-12,,162,Online,7,379,77960.3,44384.69,33575.61,2013-05-12,2013-05-12,2013-05-31,501e13f6c1bfa8a13f90634b2bc3b4c4,2013-05-12,2013-05-12,2013-05-31
2211,352362716,C,2013-05-12,,20,Offline,9,813,342996.57,296492.97,46503.6,2013-05-12,2013-05-12,2013-06-16,04b18ac640810013418f77d6a74656ae,2013-05-12,2013-05-12,2013-06-16
2212,223347175,H,2013-05-13,,70,Online,5,2247,342847.26,218947.68,123899.58,2013-05-13,2013-05-13,2013-06-10,17d9d3d752910926ba43ffd38eaa00af,2013-05-13,2013-05-13,2013-06-10
2213,911286151,L,2013-05-13,,65,Online,1,8678,80965.74,60051.76,20913.98,2013-05-13,2013-05-13,2013-07-01,2b297c0b241fd4d8ca4693dae3b46ec7,2013-05-13,2013-05-13,2013-07-01
2214,853036296,L,2013-05-14,,26,Offline,3,1251,102244.23,70894.17,31350.06,2013-05-14,2013-05-14,2013-06-01,9104c9f49b12238ddaee654b997c9e69,2013-05-14,2013-05-14,2013-06-01
2215,453591859,L,2013-05-15,,83,Online,6,6766,1042369.96,615232.38,427137.58,2013-05-15,2013-05-15,2013-06-10,c5f64466362be7ef93e0819419f5f9b8,2013-05-15,2013-05-15,2013-06-10
2216,595123231,M,2013-05-15,,51,Offline,3,9044,739166.12,512523.48,226642.64,2013-05-15,2013-05-15,2013-06-13,ce68725452aed26b4c2722a2c3dc3939,2013-05-15,2013-05-15,2013-06-13
2217,436864745,C,2013-05-16,,31,Offline,10,6841,2990885.2,1801440.53,1189444.67,2013-05-16,2013-05-16,2013-05-22,92d1e5876509a30f7ec03730d8c85137,2013-05-16,2013-05-16,2013-05-22
2218,328669583,H,2013-05-16,,29,Offline,2,9488,450205.6,301623.52,148582.08,2013-05-16,2013-05-16,2013-06-02,410dfb5f43efe7fec3eae903a0fdac40,2013-05-16,2013-05-16,2013-06-02
2219,797817552,M,2013-05-19,,130,Offline,2,798,37865.1,25368.42,12496.68,2013-05-19,2013-05-19,2013-05-29,8fc85e7fe0755837268fc98f86d711d9,2013-05-19,2013-05-19,2013-05-29
2220,930926358,M,2013-05-19,,12,Online,2,651,30889.95,20695.29,10194.66,2013-05-19,2013-05-19,2013-06-04,7056ed133aafb76988a63042db9b81ef,2013-05-19,2013-05-19,2013-06-04
2221,373813521,H,2013-05-19,,17,Offline,7,8583,1765523.1,1005155.13,760367.97,2013-05-19,2013-05-19,2013-06-15,c41073435e98f49a8dd3e3696cad8113,2013-05-19,2013-05-19,2013-06-15
2222,918528544,H,2013-05-19,,156,Offline,4,1863,203588.64,66769.92,136818.72,2013-05-19,2013-05-19,2013-07-04,3affce0ba3590ae0902d52b84d1ab5a6,2013-05-19,2013-05-19,2013-07-04
2223,679271209,L,2013-05-20,,71,Online,10,300,131160,78999,52161,2013-05-20,2013-05-20,2013-06-14,59af90f7395f3981a3d2666b06152d1f,2013-05-20,2013-05-20,2013-06-14
2224,203039205,L,2013-05-21,,31,Online,1,2667,24883.11,18455.64,6427.47,2013-05-21,2013-05-21,2013-05-29,0f306902a7b166e89fdf373270e148e4,2013-05-21,2013-05-21,2013-05-29
2225,535575187,C,2013-05-21,,44,Offline,2,7454,353692.3,236962.66,116729.64,2013-05-21,2013-05-21,2013-06-13,38fa67e9c3f2ed298fd97efd36cd355d,2013-05-21,2013-05-21,2013-06-13
2226,502356994,L,2013-05-21,,96,Offline,6,7453,1148209.18,677701.29,470507.89,2013-05-21,2013-05-21,2013-06-24,a101e20afe2e866e6a34df41651cf87e,2013-05-21,2013-05-21,2013-06-24
2227,259006392,C,2013-05-22,,144,Online,11,4602,2996868.42,2415865.92,581002.5,2013-05-22,2013-05-22,2013-06-06,08400f24f9acf3b49ded3c3172dc8f83,2013-05-22,2013-05-22,2013-06-06
2228,300293099,C,2013-05-23,,179,Offline,10,2256,986323.2,594072.48,392250.72,2013-05-23,2013-05-23,2013-06-18,b95ea9cecd9fc3eac03cfc2bb15c4c1e,2013-05-23,2013-05-23,2013-06-18
2229,626453149,C,2013-05-24,,28,Offline,10,263,114983.6,69255.79,45727.81,2013-05-24,2013-05-24,2013-06-10,a7e98b0ad2fcefcaff05b7130e8c055d,2013-05-24,2013-05-24,2013-06-10
2230,994371974,M,2013-05-24,,177,Online,11,5619,3659148.99,2949750.24,709398.75,2013-05-24,2013-05-24,2013-06-12,729c81cef17ad24265da7270ac805be1,2013-05-24,2013-05-24,2013-06-12
2231,120860183,L,2013-05-26,,150,Online,1,4069,37963.77,28157.48,9806.29,2013-05-26,2013-05-26,2013-06-05,82493058da43df4da0a920f3c074f5cc,2013-05-26,2013-05-26,2013-06-05
2232,682066285,H,2013-05-26,,180,Online,6,7426,1144049.56,675246.18,468803.38,2013-05-26,2013-05-26,2013-07-13,8b8bbd4726f36b7164948492e41b93e3,2013-05-26,2013-05-26,2013-07-13
2233,249521672,L,2013-05-27,,174,Online,5,7863,1199736.54,766170.72,433565.82,2013-05-27,2013-05-27,2013-07-08,eac217ca9d422ea8159c5d815a5f2a4d,2013-05-27,2013-05-27,2013-07-08
2234,201622998,M,2013-05-28,,105,Online,4,3581,391331.68,128343.04,262988.64,2013-05-28,2013-05-28,2013-06-05,10d41e8669f128bf3dc603e161551abe,2013-05-28,2013-05-28,2013-06-05
2235,931084716,M,2013-05-28,,96,Online,3,7513,614037.49,425761.71,188275.78,2013-05-28,2013-05-28,2013-07-07,7b76dcef2a098bcca787b61af2045127,2013-05-28,2013-05-28,2013-07-07
2236,409236705,C,2013-05-29,,184,Online,8,1090,278255.2,173767.8,104487.4,2013-05-29,2013-05-29,2013-06-11,a66eaed476997d937fd19742f238870a,2013-05-29,2013-05-29,2013-06-11
2237,818678271,M,2013-05-29,,21,Online,12,3948,2638329.96,1984027.92,654302.04,2013-05-29,2013-05-29,2013-06-25,667f45cc59c9e3afdcdafbf1b23098b7,2013-05-29,2013-05-29,2013-06-25
2238,332213103,M,2013-05-29,,179,Online,12,8095,5409645.65,4068061.3,1341584.35,2013-05-29,2013-05-29,2013-07-07,0f51e4872eb9e7c796ab96e87daf24ef,2013-05-29,2013-05-29,2013-07-07
2239,124009311,H,2013-05-31,,107,Offline,3,5966,487601.18,338093.22,149507.96,2013-05-31,2013-05-31,2013-06-08,5da76f37fefe0a7ddadb1824c36a4495,2013-05-31,2013-05-31,2013-06-08
2240,951315009,H,2013-05-31,,20,Offline,10,4106,1795143.2,1081232.98,713910.22,2013-05-31,2013-05-31,2013-07-03,f129ae08d1387580872907540d03c199,2013-05-31,2013-05-31,2013-07-03
2243,707964408,L,2013-06-01,,175,Online,1,1256,11718.48,8691.52,3026.96,2013-06-01,2013-06-01,2013-06-14,66ebaf8fb83efab2d51e18c0eb29a7c2,2013-06-01,2013-06-01,2013-06-14
2244,784397923,C,2013-06-03,,134,Offline,5,9631,1469497.98,938444.64,531053.34,2013-06-03,2013-06-03,2013-06-15,0375c3552ec7a3e51a3e45b1a78bd466,2013-06-03,2013-06-03,2013-06-15
2245,393612086,C,2013-06-03,,74,Offline,9,7418,3129580.02,2705270.42,424309.6,2013-06-03,2013-06-03,2013-06-21,faf2c4a1b111dac888f345a79c9b2cd7,2013-06-03,2013-06-03,2013-06-21
2246,973355901,M,2013-06-04,,135,Online,3,6496,530918.08,368128.32,162789.76,2013-06-04,2013-06-04,2013-07-24,94db94ff18fb097d2bd93e4af8ef493b,2013-06-04,2013-06-04,2013-07-24
2247,430687510,C,2013-06-05,,169,Online,3,8860,724127.8,502096.2,222031.6,2013-06-05,2013-06-05,2013-06-10,42c67559fa0cff5448714603643f306a,2013-06-05,2013-06-05,2013-06-10
2248,451507890,C,2013-06-05,,12,Offline,8,73,18635.44,11637.66,6997.78,2013-06-05,2013-06-05,2013-06-28,3dd997e8f2be5d5ff167d7b067960765,2013-06-05,2013-06-05,2013-06-28
2249,792230403,M,2013-06-05,,85,Online,10,7436,3251019.2,1958121.88,1292897.32,2013-06-05,2013-06-05,2013-07-10,4c071a91085f7ded4e6c9000b558e171,2013-06-05,2013-06-05,2013-07-10
2250,434662759,L,2013-06-06,,133,Offline,9,5224,2203953.36,1905140.56,298812.8,2013-06-06,2013-06-06,2013-07-05,799d3d86cc04da3fb219e3259891b8d6,2013-06-06,2013-06-06,2013-07-05
2251,727604615,M,2013-06-06,,76,Offline,8,3229,824299.12,514767.18,309531.94,2013-06-06,2013-06-06,2013-07-07,100413cbef9db6d5fccf8b8cb8d86181,2013-06-06,2013-06-06,2013-07-07
2252,132826268,L,2013-06-08,,81,Offline,1,5099,47573.67,35285.08,12288.59,2013-06-08,2013-06-08,2013-07-07,18959e1576128aeb7cdaef3fc3aafcd1,2013-06-08,2013-06-08,2013-07-07
2253,353191840,H,2013-06-08,,164,Offline,4,6169,674148.32,221096.96,453051.36,2013-06-08,2013-06-08,2013-07-09,cc74b082fcd92cd4b55f071958f34638,2013-06-08,2013-06-08,2013-07-09
2254,785500419,M,2013-06-08,,112,Offline,9,5884,2482400.76,2145835.96,336564.8,2013-06-08,2013-06-08,2013-07-15,b734db33735f61b5d133c3f4cf4ca3f1,2013-06-08,2013-06-08,2013-07-15
2255,976505029,L,2013-06-09,,9,Online,2,8393,398247.85,266813.47,131434.38,2013-06-09,2013-06-09,2013-07-27,b0a0d15c66589abe794e36bde8483a48,2013-06-09,2013-06-09,2013-07-27
2256,431671988,H,2013-06-10,,60,Offline,2,189,8968.05,6008.31,2959.74,2013-06-10,2013-06-10,2013-06-14,c20a435a952abb8b6ab0ef40365449ff,2013-06-10,2013-06-10,2013-06-14
2257,863980567,M,2013-06-10,,16,Offline,3,9904,809453.92,561259.68,248194.24,2013-06-10,2013-06-10,2013-06-20,2058c60a6c14bef78d30a67fbd36e118,2013-06-10,2013-06-10,2013-06-20
2258,689349019,H,2013-06-10,,5,Offline,10,2548,1113985.6,670964.84,443020.76,2013-06-10,2013-06-10,2013-07-23,49ec8e02869f647f9c6aaa10bb737614,2013-06-10,2013-06-10,2013-07-23
2259,666127955,L,2013-06-12,,115,Offline,7,920,189244,107741.2,81502.8,2013-06-12,2013-06-12,2013-07-08,9d6d1b756dddcf3a38ca5a74cecf754f,2013-06-12,2013-06-12,2013-07-08
2260,140304696,L,2013-06-12,,7,Offline,3,8132,664628.36,460840.44,203787.92,2013-06-12,2013-06-12,2013-07-08,876c5e9f5402516a4919ce523f834577,2013-06-12,2013-06-12,2013-07-08
2261,649518859,L,2013-06-12,,111,Online,1,5919,55224.27,40959.48,14264.79,2013-06-12,2013-06-12,2013-07-13,ec7ee6e8af2b9fed1c5a4cb0225aad79,2013-06-12,2013-06-12,2013-07-13
2262,686948335,L,2013-06-12,,165,Online,9,2133,899891.37,777883.77,122007.6,2013-06-12,2013-06-12,2013-07-26,10d0549211680807c1408b51ec51d223,2013-06-12,2013-06-12,2013-07-26
2263,414472806,C,2013-06-13,,87,Offline,1,569,5308.77,3937.48,1371.29,2013-06-13,2013-06-13,2013-07-17,d3ff1feb91cba8a34cea4b228092aeea,2013-06-13,2013-06-13,2013-07-17
2264,830172288,H,2013-06-13,,127,Online,10,5283,2309727.6,1391172.39,918555.21,2013-06-13,2013-06-13,2013-07-29,36ff5cf405249ae603a5ff4098919328,2013-06-13,2013-06-13,2013-07-29
2265,341306436,L,2013-06-15,,142,Online,11,9014,5870006.94,4731989.44,1138017.5,2013-06-15,2013-06-15,2013-06-23,3b750ae1afae82be3fe20733bb649848,2013-06-15,2013-06-15,2013-06-23
2266,443125665,M,2013-06-15,,30,Offline,7,9586,1971840.2,1122616.46,849223.74,2013-06-15,2013-06-15,2013-07-09,710b1f5d7d418a561aab9c8291f1ccd3,2013-06-15,2013-06-15,2013-07-09
2267,129127395,L,2013-06-16,,139,Online,11,520,338629.2,272979.2,65650,2013-06-16,2013-06-16,2013-06-20,f18d725fe4f6ed9f7aacf2310f6d011f,2013-06-16,2013-06-16,2013-06-20
2268,162345588,C,2013-06-16,,42,Online,8,522,133256.16,83217.24,50038.92,2013-06-16,2013-06-16,2013-07-29,5bed92f1d5ea2c2367dbc8b42f37ede8,2013-06-16,2013-06-16,2013-07-29
2269,935376679,L,2013-06-17,,124,Online,2,7600,360620,241604,119016,2013-06-17,2013-06-17,2013-06-27,7836007784f01b219e3e9fec42708add,2013-06-17,2013-06-17,2013-06-27
2270,243226420,H,2013-06-17,,127,Offline,2,4958,235257.1,157614.82,77642.28,2013-06-17,2013-06-17,2013-07-03,d3a4b9f3a1cf9371482ed568890c40a0,2013-06-17,2013-06-17,2013-07-03
2271,589970815,C,2013-06-18,,183,Offline,3,4329,353809.17,245324.43,108484.74,2013-06-18,2013-06-18,2013-07-13,51fd49022df97b60ea82671ff31662da,2013-06-18,2013-06-18,2013-07-13
2272,141053140,M,2013-06-18,,57,Online,7,9613,1977394.1,1125778.43,851615.67,2013-06-18,2013-06-18,2013-07-13,3657dabec1a2b232cc11490c5f32b085,2013-06-18,2013-06-18,2013-07-13
2273,425808465,L,2013-06-18,,181,Online,7,5042,1037139.4,590468.62,446670.78,2013-06-18,2013-06-18,2013-07-18,71822e53115fe63f709a643384eaceaf,2013-06-18,2013-06-18,2013-07-18
2274,527509677,C,2013-06-19,,145,Online,11,691,449986.11,362747.36,87238.75,2013-06-19,2013-06-19,2013-07-10,9f757fa1739e9137038bc8ebe1130db9,2013-06-19,2013-06-19,2013-07-10
2275,217722690,C,2013-06-19,,158,Offline,6,7837,1207368.22,712618.41,494749.81,2013-06-19,2013-06-19,2013-07-13,215954008050568bedbf25d8e2ee67d2,2013-06-19,2013-06-19,2013-07-13
2276,275854527,M,2013-06-20,,52,Online,3,340,27788.2,19267.8,8520.4,2013-06-20,2013-06-20,2013-07-19,bdb86bdaa0e003f12973424740e9f634,2013-06-20,2013-06-20,2013-07-19
2277,645701968,L,2013-06-20,,108,Offline,7,6416,1319771.2,751377.76,568393.44,2013-06-20,2013-06-20,2013-07-21,829ea61becf114f850fb0a40cf119241,2013-06-20,2013-06-20,2013-07-21
2278,930457293,H,2013-06-20,,140,Offline,7,1845,379516.5,216067.95,163448.55,2013-06-20,2013-06-20,2013-07-26,44d23795bf0062f31dfaeea2c0a88d00,2013-06-20,2013-06-20,2013-07-26
2279,601896560,L,2013-06-21,,60,Offline,1,3422,31927.26,23680.24,8247.02,2013-06-21,2013-06-21,2013-08-06,f1fd6b30ca31f42bd2e154461a1d4f29,2013-06-21,2013-06-21,2013-08-06
2280,277429091,M,2013-06-22,,97,Online,4,6288,687152.64,225361.92,461790.72,2013-06-22,2013-06-22,2013-06-25,d94a226a0b6e35e1cb8e77a0cc992d22,2013-06-22,2013-06-22,2013-06-25
2281,416795814,C,2013-06-22,,121,Offline,8,7998,2041729.44,1275041.16,766688.28,2013-06-22,2013-06-22,2013-06-29,b0509fc4081971e289cc54a2ae1bfc81,2013-06-22,2013-06-22,2013-06-29
2282,445566689,H,2013-06-23,,3,Offline,10,1940,848168,510860.2,337307.8,2013-06-23,2013-06-23,2013-07-15,9d40520b936e5ac4c77edda5a3594a5a,2013-06-23,2013-06-23,2013-07-15
2283,451588571,M,2013-06-24,,36,Online,12,3948,2638329.96,1984027.92,654302.04,2013-06-24,2013-06-24,2013-07-14,5fbf5c957eec48a663fcd94f338a3afb,2013-06-24,2013-06-24,2013-07-14
2284,892319715,M,2013-06-24,,104,Offline,12,6088,4068427.76,3059463.52,1008964.24,2013-06-24,2013-06-24,2013-07-17,8963c49a72614fade81dfa9c3069630a,2013-06-24,2013-06-24,2013-07-17
2285,931559789,C,2013-06-25,,5,Offline,4,8098,884949.44,290232.32,594717.12,2013-06-25,2013-06-25,2013-07-05,405914d6b2af102e992aa92a48cea066,2013-06-25,2013-06-25,2013-07-05
2286,407665145,L,2013-06-26,,77,Online,9,6030,2543996.7,2199080.7,344916,2013-06-26,2013-06-26,2013-07-05,95223b0fa9499861e7c999aca6efda3e,2013-06-26,2013-06-26,2013-07-05
2287,156009995,C,2013-06-26,,51,Offline,12,5679,3795105.33,2853924.66,941180.67,2013-06-26,2013-06-26,2013-07-14,28a0f3c437d9ec55a87fd84bd392d7d2,2013-06-26,2013-06-26,2013-07-14
2288,742129743,L,2013-06-26,,152,Offline,11,1537,1000909.77,806863.52,194046.25,2013-06-26,2013-06-26,2013-07-19,cd10f5d1b0b5e9895c9597a5d0df39ce,2013-06-26,2013-06-26,2013-07-19
2289,264087140,M,2013-06-26,,52,Offline,12,8108,5418333.16,4074594.32,1343738.84,2013-06-26,2013-06-26,2013-07-28,919e6f9d22fa52e8f78765915dbc3b95,2013-06-26,2013-06-26,2013-07-28
2290,775347936,C,2013-06-27,,144,Offline,8,1539,392875.92,245347.38,147528.54,2013-06-27,2013-06-27,2013-07-08,5023bb52c224846e6d83e457b399a512,2013-06-27,2013-06-27,2013-07-08
2291,291047418,H,2013-06-27,,131,Online,2,6253,296704.85,198782.87,97921.98,2013-06-27,2013-06-27,2013-07-20,9d9b898daf38bc602325a6ecb77be53b,2013-06-27,2013-06-27,2013-07-20
2292,781251800,M,2013-06-28,,174,Online,10,8623,3769975.6,2270694.59,1499281.01,2013-06-28,2013-06-28,2013-08-02,51d340ab5f04c5d357de88b7cc67f117,2013-06-28,2013-06-28,2013-08-02
2294,454501664,M,2013-06-30,,13,Offline,1,5997,55952.01,41499.24,14452.77,2013-06-30,2013-06-30,2013-07-18,9a17a0a605adcc8d2eba5d3436d08c5b,2013-06-30,2013-06-30,2013-07-18
2295,814233958,M,2013-06-30,,122,Offline,2,8777,416468.65,279020.83,137447.82,2013-06-30,2013-06-30,2013-07-23,3e4eeca5bf41cd92b9767d054518eeea,2013-06-30,2013-06-30,2013-07-23
2296,419000804,M,2013-07-01,,92,Online,6,504,77646.24,45828.72,31817.52,2013-07-01,2013-07-01,2013-07-05,163ede44f33134c60702a41401ab6dcf,2013-07-01,2013-07-01,2013-07-05
2297,198517215,M,2013-07-02,,117,Online,11,4510,2936957.1,2367569.6,569387.5,2013-07-02,2013-07-02,2013-07-30,5f4056d56e4af79b6a9d1eddc8927bca,2013-07-02,2013-07-02,2013-07-30
2298,607722747,C,2013-07-03,,46,Offline,11,7521,4897750.41,3948224.16,949526.25,2013-07-03,2013-07-03,2013-08-14,7e80d0d07e628bf2093d44b6e7a08047,2013-07-03,2013-07-03,2013-08-14
2299,507714116,M,2013-07-04,,85,Online,3,2744,224267.12,155502.48,68764.64,2013-07-04,2013-07-04,2013-08-23,003fd6b505eb7a43876216b9e25eff7b,2013-07-04,2013-07-04,2013-08-23
2300,204067027,H,2013-07-05,,17,Online,9,6823,2878555.47,2488279.87,390275.6,2013-07-05,2013-07-05,2013-07-31,4278d1d5737aa81e7f9cdad709e6b36b,2013-07-05,2013-07-05,2013-07-31
2301,617837893,M,2013-07-05,,49,Online,10,817,357192.4,215140.61,142051.79,2013-07-05,2013-07-05,2013-08-12,244a9e3eda39d6a744cd789e9bf377fd,2013-07-05,2013-07-05,2013-08-12
2302,685612809,L,2013-07-08,,158,Online,12,6921,4625096.67,3478079.34,1147017.33,2013-07-08,2013-07-08,2013-08-17,35864f62e7aafc78506e9c8f7cb6183e,2013-07-08,2013-07-08,2013-08-17
2303,656251847,M,2013-07-10,,181,Offline,12,8360,5586737.2,4201234.4,1385502.8,2013-07-10,2013-07-10,2013-08-29,b3f402921366410bb55e2acc25f3cfc5,2013-07-10,2013-07-10,2013-08-29
2304,400267398,M,2013-07-11,,94,Offline,5,6873,1048682.34,669705.12,378977.22,2013-07-11,2013-07-11,2013-07-20,512b8715bbff5e1d7d6e2d3f4d207e82,2013-07-11,2013-07-11,2013-07-20
2305,753741776,C,2013-07-11,,115,Offline,6,7796,1201051.76,708890.28,492161.48,2013-07-11,2013-07-11,2013-07-28,03d945ce56421cd30309b2f4afba8b44,2013-07-11,2013-07-11,2013-07-28
2306,207098138,C,2013-07-11,,89,Online,11,3796,2471993.16,1992748.16,479245,2013-07-11,2013-07-11,2013-08-29,739f44e331d57e7cbbfdaa1e8371960a,2013-07-11,2013-07-11,2013-08-29
2307,476936948,C,2013-07-12,,154,Online,7,5096,1048247.2,596792.56,451454.64,2013-07-12,2013-07-12,2013-07-20,8a82222c465a4c5d89691d176ebdf718,2013-07-12,2013-07-12,2013-07-20
2308,292072236,M,2013-07-12,,106,Online,3,9520,778069.6,539498.4,238571.2,2013-07-12,2013-07-12,2013-08-01,1879f447a554bafe586d87e8c38c6be5,2013-07-12,2013-07-12,2013-08-01
2309,815848863,C,2013-07-12,,168,Offline,11,6663,4339012.23,3497808.48,841203.75,2013-07-12,2013-07-12,2013-08-27,eb13584292a7c3026645aa6160215ec8,2013-07-12,2013-07-12,2013-08-27
2310,144282948,H,2013-07-13,,118,Online,7,5386,1107900.2,630754.46,477145.74,2013-07-13,2013-07-13,2013-08-01,c2618ee57331e7c4092fdc3f823a6224,2013-07-13,2013-07-13,2013-08-01
2311,138025033,L,2013-07-13,,169,Online,5,3529,538454.82,343865.76,194589.06,2013-07-13,2013-07-13,2013-08-03,e5ffabd118e64947ba5e5095d66ceaab,2013-07-13,2013-07-13,2013-08-03
2312,320843112,L,2013-07-13,,183,Online,4,3462,378327.36,124078.08,254249.28,2013-07-13,2013-07-13,2013-08-18,27a36ae83028057b1d5106db64ddd9eb,2013-07-13,2013-07-13,2013-08-18
2313,374881684,L,2013-07-13,,116,Offline,4,4676,510993.28,167587.84,343405.44,2013-07-13,2013-07-13,2013-08-25,cf520e661301305153e44219716ee7a5,2013-07-13,2013-07-13,2013-08-25
2314,168960559,H,2013-07-14,,75,Online,8,8039,2052195.92,1281577.38,770618.54,2013-07-14,2013-07-14,2013-08-19,d29815fe8362c2b5f1786933c9c8dc9f,2013-07-14,2013-07-14,2013-08-19
2315,613784968,M,2013-07-14,,22,Offline,1,1467,13687.11,10151.64,3535.47,2013-07-14,2013-07-14,2013-08-21,cadde1f67e4445194aa8c4bd9df97b5f,2013-07-14,2013-07-14,2013-08-21
2316,177147090,L,2013-07-15,,171,Offline,9,615,259462.35,224284.35,35178,2013-07-15,2013-07-15,2013-08-17,6ba2317e27e2b5efec002d5a848e56c2,2013-07-15,2013-07-15,2013-08-17
2317,141764247,H,2013-07-15,,34,Offline,8,46,11742.88,7333.32,4409.56,2013-07-15,2013-07-15,2013-08-29,7d12b424bfef9ca0de8e91f1b959e9ed,2013-07-15,2013-07-15,2013-08-29
2318,794320380,M,2013-07-16,,122,Offline,5,5907,901290.06,575578.08,325711.98,2013-07-16,2013-07-16,2013-08-12,32f21dc901e5f611b3ac24ffe5e90212,2013-07-16,2013-07-16,2013-08-12
2319,365751016,M,2013-07-17,,20,Online,1,2708,25265.64,18739.36,6526.28,2013-07-17,2013-07-17,2013-08-31,4ff1aebc4df3a749eafc72555214e153,2013-07-17,2013-07-17,2013-08-31
2320,267907035,H,2013-07-18,,17,Offline,11,8500,5535285,4462160,1073125,2013-07-18,2013-07-18,2013-07-20,4a6eefd9468799990bdb3b3aff3bdff9,2013-07-18,2013-07-18,2013-07-20
2321,195212733,H,2013-07-18,,164,Offline,7,6641,1366053.7,777727.51,588326.19,2013-07-18,2013-07-18,2013-08-14,20988737efac551c46781fc1afc164f8,2013-07-18,2013-07-18,2013-08-14
2323,860048663,H,2013-07-19,,49,Offline,12,6366,4254206.82,3199169.64,1055037.18,2013-07-19,2013-07-19,2013-07-23,89ce814de9aaa6e5c7f497dac49807d0,2013-07-19,2013-07-19,2013-07-23
2324,330132138,L,2013-07-19,,55,Offline,2,2291,108707.95,72830.89,35877.06,2013-07-19,2013-07-19,2013-07-25,7dc4c54909183b98ce9a61ea4834f69b,2013-07-19,2013-07-19,2013-07-25
2325,727175891,H,2013-07-19,,23,Offline,9,6360,2683220.4,2319428.4,363792,2013-07-19,2013-07-19,2013-09-07,b7c2bb8b1d3602c82e93ce43001a8118,2013-07-19,2013-07-19,2013-09-07
2326,571082055,C,2013-07-20,,158,Offline,7,4726,972138.2,553461.86,418676.34,2013-07-20,2013-07-20,2013-08-15,7b563f6ebccd4bf86ea2445eb30005a8,2013-07-20,2013-07-20,2013-08-15
2327,469144809,M,2013-07-20,,66,Offline,7,9229,1898405.3,1080808.19,817597.11,2013-07-20,2013-07-20,2013-08-24,96cb52c6490c05f095155cf8b4f3053a,2013-07-20,2013-07-20,2013-08-24
2328,980287587,M,2013-07-21,,86,Online,8,7736,1974846.08,1233273.12,741572.96,2013-07-21,2013-07-21,2013-08-30,ddca73cbada657e9adba4f1146ee3b49,2013-07-21,2013-07-21,2013-08-30
2329,838638198,H,2013-07-22,,98,Offline,11,534,347746.14,280328.64,67417.5,2013-07-22,2013-07-22,2013-08-02,7de7ac9582cfebb50053e4c170e256f0,2013-07-22,2013-07-22,2013-08-02
2331,408258235,C,2013-07-23,,109,Offline,8,1539,392875.92,245347.38,147528.54,2013-07-23,2013-07-23,2013-07-27,70e553e1109528e7f858967d6aa03293,2013-07-23,2013-07-23,2013-07-27
2332,179588115,H,2013-07-23,,121,Offline,3,2969,242656.37,168253.23,74403.14,2013-07-23,2013-07-23,2013-08-23,6323e53863426759038d33485e74ddda,2013-07-23,2013-07-23,2013-08-23
2333,638856971,M,2013-07-24,,18,Online,3,829,67754.17,46979.43,20774.74,2013-07-24,2013-07-24,2013-08-21,6c708ee4deb5bfefdd2d1d389f64dae0,2013-07-24,2013-07-24,2013-08-21
2334,864890372,H,2013-07-26,,115,Online,9,9136,3854387.04,3331807.84,522579.2,2013-07-26,2013-07-26,2013-07-28,7b2656092d5d7396a4141e1745034aea,2013-07-26,2013-07-26,2013-07-28
2335,332809197,L,2013-07-26,,82,Online,4,4492,490885.76,160993.28,329892.48,2013-07-26,2013-07-26,2013-07-30,5a537f06d85f14fd77dddee28c27565d,2013-07-26,2013-07-26,2013-07-30
2336,230871951,H,2013-07-26,,146,Offline,12,8996,6011756.92,4520849.84,1490907.08,2013-07-26,2013-07-26,2013-08-08,534175d148e717e771d693a40383e6aa,2013-07-26,2013-07-26,2013-08-08
2337,981154048,C,2013-07-27,,23,Offline,2,4141,196490.45,131642.39,64848.06,2013-07-27,2013-07-27,2013-08-09,cd314fd90473a088e2573339e75160f7,2013-07-27,2013-07-27,2013-08-09
2338,804475867,C,2013-07-27,,128,Offline,2,1141,54140.45,36272.39,17868.06,2013-07-27,2013-07-27,2013-08-18,6ddd1aa577c9a96404822fe410741701,2013-07-27,2013-07-27,2013-08-18
2339,856349790,C,2013-07-27,,41,Online,2,1788,84840.6,56840.52,28000.08,2013-07-27,2013-07-27,2013-08-26,06511b1d6be39b73e8916236bc4fca5f,2013-07-27,2013-07-27,2013-08-26
2340,263854110,H,2013-07-28,,170,Offline,9,9149,3859871.61,3336548.81,523322.8,2013-07-28,2013-07-28,2013-07-30,bbb516fc8409d1f0bcce23fe8b1899b9,2013-07-28,2013-07-28,2013-07-30
2341,910152328,C,2013-07-28,,131,Online,7,3154,648777.8,369364.94,279412.86,2013-07-28,2013-07-28,2013-09-03,32ea2ed89c169f79df9134b00b27d9b7,2013-07-28,2013-07-28,2013-09-03
2342,307305467,M,2013-07-29,,127,Online,1,7371,68771.43,51007.32,17764.11,2013-07-29,2013-07-29,2013-08-10,86c34a04407150a5986383fa22710d2c,2013-07-29,2013-07-29,2013-08-10
2343,467138516,H,2013-07-30,,137,Online,4,5523,603553.44,197944.32,405609.12,2013-07-30,2013-07-30,2013-08-08,edd9b38018bc42c9113b1b16aa52f44f,2013-07-30,2013-07-30,2013-08-08
2344,951439034,C,2013-07-30,,25,Offline,5,808,123284.64,78731.52,44553.12,2013-07-30,2013-07-30,2013-09-16,1922efafbce448b90174b1489ee11637,2013-07-30,2013-07-30,2013-09-16
2345,737095344,L,2013-07-31,,11,Offline,5,1747,266557.26,170227.68,96329.58,2013-07-31,2013-07-31,2013-09-13,c9658d9a7ce51297fc326a5f2bd29ee8,2013-07-31,2013-07-31,2013-09-13
2346,630828797,L,2013-08-01,,105,Online,5,5114,780294.12,498308.16,281985.96,2013-08-01,2013-08-01,2013-08-05,e378bd9168ec11a503bf533341d62202,2013-08-01,2013-08-01,2013-08-05
2347,300339448,M,2013-08-01,,35,Online,4,5972,652620.16,214036.48,438583.68,2013-08-01,2013-08-01,2013-08-15,32d257e06252928b62f2383bb55e3c54,2013-08-01,2013-08-01,2013-08-15
2348,154832828,C,2013-08-01,,156,Offline,12,7329,4897750.83,3683115.66,1214635.17,2013-08-01,2013-08-01,2013-09-08,ddb039101780d59ae909f10f43466448,2013-08-01,2013-08-01,2013-09-08
2349,614101684,C,2013-08-02,,173,Offline,12,5190,3468321.3,2608182.6,860138.7,2013-08-02,2013-08-02,2013-09-06,acc36c2359513b0fe3e863d2f21a563a,2013-08-02,2013-08-02,2013-09-06
2350,474498927,H,2013-08-03,,15,Online,12,3632,2427156.64,1825225.28,601931.36,2013-08-03,2013-08-03,2013-09-03,12e8895138c65d4ed4d8eb7e85d1627e,2013-08-03,2013-08-03,2013-09-03
2351,674162137,M,2013-08-03,,82,Offline,10,8413,3678163.6,2215395.29,1462768.31,2013-08-03,2013-08-03,2013-09-12,b2d88be84ca66fceaf13289a9999a4b1,2013-08-03,2013-08-03,2013-09-12
2352,790307796,M,2013-08-04,,121,Online,1,8494,79249.02,58778.48,20470.54,2013-08-04,2013-08-04,2013-08-30,3e382c14af76a1a17e0b9bbc6a005745,2013-08-04,2013-08-04,2013-08-30
2353,921133935,L,2013-08-05,,180,Online,5,2856,435768.48,278288.64,157479.84,2013-08-05,2013-08-05,2013-08-11,e62ef75eddd788f776f59ffb5a768753,2013-08-05,2013-08-05,2013-08-11
2354,364021098,M,2013-08-05,,87,Offline,8,787,200905.36,125463.54,75441.82,2013-08-05,2013-08-05,2013-08-22,26ccd4cd35f8b488e2c8e02da32d8b02,2013-08-05,2013-08-05,2013-08-22
2355,237288224,M,2013-08-05,,168,Online,12,7713,5154366.51,3876091.02,1278275.49,2013-08-05,2013-08-05,2013-09-09,d9cbc6db2b5b3e1198e9a8cd5ba89b1e,2013-08-05,2013-08-05,2013-09-09
2356,482213389,H,2013-08-06,,51,Online,4,6513,711740.64,233425.92,478314.72,2013-08-06,2013-08-06,2013-09-03,c2b49f12ac16b127a45b165064f37934,2013-08-06,2013-08-06,2013-09-03
2357,727492606,C,2013-08-06,,95,Online,5,84,12816.72,8184.96,4631.76,2013-08-06,2013-08-06,2013-09-22,2eabed2d2c662af527222c6851c9874e,2013-08-06,2013-08-06,2013-09-22
2358,947622144,H,2013-08-07,,6,Online,3,1305,106657.65,73954.35,32703.3,2013-08-07,2013-08-07,2013-09-24,34c28bd56845cb68262211d82321d534,2013-08-07,2013-08-07,2013-09-24
2359,419634234,L,2013-08-07,,141,Offline,7,7950,1635315,931024.5,704290.5,2013-08-07,2013-08-07,2013-09-25,046918eafe50f5a8f76cd9d1a71195dd,2013-08-07,2013-08-07,2013-09-25
2360,527475345,C,2013-08-08,,25,Online,6,531,81805.86,48283.83,33522.03,2013-08-08,2013-08-08,2013-08-20,1d50067c43faf0fbb9fd432288db864d,2013-08-08,2013-08-08,2013-08-20
2361,149205338,L,2013-08-08,,31,Online,3,2030,165911.9,115040.1,50871.8,2013-08-08,2013-08-08,2013-08-21,11c1f60fa8bde13dbe799deded95f909,2013-08-08,2013-08-08,2013-08-21
2362,876856458,H,2013-08-08,,91,Offline,9,166,70033.74,60538.54,9495.2,2013-08-08,2013-08-08,2013-08-29,f7c3bcee6bcda3d117097ad9df26e153,2013-08-08,2013-08-08,2013-08-29
2363,533497226,H,2013-08-09,,131,Online,5,2539,387400.62,247400.16,140000.46,2013-08-09,2013-08-09,2013-08-19,d5940b974386b7ab2a8bc314a45c189a,2013-08-09,2013-08-09,2013-08-19
2364,483551919,H,2013-08-10,,100,Online,7,2613,537494.1,306008.43,231485.67,2013-08-10,2013-08-10,2013-08-11,0bf991066faec17c51ba6d3de0aef319,2013-08-10,2013-08-10,2013-08-11
2365,410621583,H,2013-08-11,,64,Online,8,906,231283.68,144434.52,86849.16,2013-08-11,2013-08-11,2013-09-06,4cd914d827204d928be2a39956397936,2013-08-11,2013-08-11,2013-09-06
2366,472846686,L,2013-08-11,,115,Online,9,4697,1981617.33,1712948.93,268668.4,2013-08-11,2013-08-11,2013-09-10,961c37cd4aec1c7567be386b728874fb,2013-08-11,2013-08-11,2013-09-10
2367,127912890,M,2013-08-11,,117,Online,12,1122,749798.94,563849.88,185949.06,2013-08-11,2013-08-11,2013-09-26,91ef9fc5f631e0fdbb33d2e7bfd6cc43,2013-08-11,2013-08-11,2013-09-26
2368,942466723,M,2013-08-12,,17,Online,8,5702,1455606.56,909012.84,546593.72,2013-08-12,2013-08-12,2013-09-04,62f57a78792ce041cb10d45e9c1714c4,2013-08-12,2013-08-12,2013-09-04
2369,638937652,L,2013-08-12,,108,Offline,1,4705,43897.65,32558.6,11339.05,2013-08-12,2013-08-12,2013-09-06,108c0b38268bf8cd1cf78723a6a39762,2013-08-12,2013-08-12,2013-09-06
2370,838246810,H,2013-08-13,,29,Offline,3,4714,385275.22,267142.38,118132.84,2013-08-13,2013-08-13,2013-08-21,e4b5c8496bcab3a16af652860ce07a66,2013-08-13,2013-08-13,2013-08-21
2371,773739039,L,2013-08-14,,41,Online,4,5431,593499.68,194647.04,398852.64,2013-08-14,2013-08-14,2013-09-13,5d5cca078c77692fc90523d4f93c1994,2013-08-14,2013-08-14,2013-09-13
2372,447342956,M,2013-08-14,,15,Online,8,7576,1934001.28,1207765.92,726235.36,2013-08-14,2013-08-14,2013-09-21,c44c96b08b7ac6396e483114f38acdd5,2013-08-14,2013-08-14,2013-09-21
2373,440849006,L,2013-08-15,,111,Online,8,5872,1499004.16,936114.24,562889.92,2013-08-15,2013-08-15,2013-09-24,d7f28c680877adaf55953a1541427fe3,2013-08-15,2013-08-15,2013-09-24
2374,155975663,C,2013-08-16,,65,Online,12,5520,3688850.4,2774020.8,914829.6,2013-08-16,2013-08-16,2013-08-26,690c5a524cff56e194601eea88e2212d,2013-08-16,2013-08-16,2013-08-26
2375,142987763,L,2013-08-18,,101,Offline,12,2112,1411386.24,1061364.48,350021.76,2013-08-18,2013-08-18,2013-09-01,9a8dfdeb2f620d1c2c2083a16d5674d4,2013-08-18,2013-08-18,2013-09-01
2376,614654433,C,2013-08-19,,133,Offline,5,8761,1336753.38,853671.84,483081.54,2013-08-19,2013-08-19,2013-09-20,cbe95bb4ab5f77661da59dead512ce06,2013-08-19,2013-08-19,2013-09-20
2377,444234168,M,2013-08-19,,24,Online,8,7617,1944467.76,1214302.14,730165.62,2013-08-19,2013-08-19,2013-09-27,656db36fff556db02612e69ae5dc08e9,2013-08-19,2013-08-19,2013-09-27
2378,130353915,H,2013-08-19,,35,Online,4,3475,379748,124544,255204,2013-08-19,2013-08-19,2013-10-01,406ca533d5729974ced0a007d85a088e,2013-08-19,2013-08-19,2013-10-01
2379,400310742,L,2013-08-20,,73,Online,5,9699,1479873.42,945070.56,534802.86,2013-08-20,2013-08-20,2013-09-17,51e19efe24c94e1d6863f8c3b58a25a3,2013-08-20,2013-08-20,2013-09-17
2380,244570958,H,2013-08-20,,151,Offline,3,2836,231786.28,160716.12,71070.16,2013-08-20,2013-08-20,2013-09-19,3150761f6d9194c6f7bfa38c9cc3c40e,2013-08-20,2013-08-20,2013-09-19
2381,497800672,H,2013-08-21,,1,Online,9,9136,3854387.04,3331807.84,522579.2,2013-08-21,2013-08-21,2013-10-06,731099886ef81dc6858905846968a315,2013-08-21,2013-08-21,2013-10-06
2382,102685534,L,2013-08-22,,161,Online,1,5786,53983.38,40039.12,13944.26,2013-08-22,2013-08-22,2013-08-23,5eacfc52d4e3d2125a641b6243ad82a6,2013-08-22,2013-08-22,2013-08-23
2383,528736197,M,2013-08-22,,12,Online,12,3645,2435844.15,1831758.3,604085.85,2013-08-22,2013-08-22,2013-08-31,99b85bdc40e4afd1086f53e5e5bfb42f,2013-08-22,2013-08-22,2013-08-31
2384,152630841,L,2013-08-22,,166,Offline,2,5713,271081.85,181616.27,89465.58,2013-08-22,2013-08-22,2013-09-01,589a79b2b250f5f888c9e7602a13dfa9,2013-08-22,2013-08-22,2013-09-01
2385,742843854,M,2013-08-22,,172,Online,2,2859,135659.55,90887.61,44771.94,2013-08-22,2013-08-22,2013-09-04,d08a503c4c7609b1ccc5eb99a4fd469b,2013-08-22,2013-08-22,2013-09-04
2386,156842124,M,2013-08-22,,46,Offline,3,1925,157330.25,109089.75,48240.5,2013-08-22,2013-08-22,2013-09-25,b1957174bd23e13953af6245bb37767a,2013-08-22,2013-08-22,2013-09-25
2387,362409198,H,2013-08-23,,59,Offline,10,3790,1656988,998020.7,658967.3,2013-08-23,2013-08-23,2013-09-07,40f1dda87df86d0d30dc49c670608746,2013-08-23,2013-08-23,2013-09-07
2388,915310752,L,2013-08-23,,161,Online,6,9647,1486216.82,877201.71,609015.11,2013-08-23,2013-08-23,2013-09-23,2a7c70ced5cf290320592ddcacef4fe1,2013-08-23,2013-08-23,2013-09-23
2389,451712596,H,2013-08-23,,76,Online,6,650,100139,59104.5,41034.5,2013-08-23,2013-08-23,2013-09-28,f5007683fedb452d2ee1f3db84227f9a,2013-08-23,2013-08-23,2013-09-28
2390,146254909,M,2013-08-23,,150,Offline,6,8932,1376063.92,812186.76,563877.16,2013-08-23,2013-08-23,2013-09-29,9699d4eaa96f9e69d10501b79d3c7367,2013-08-23,2013-08-23,2013-09-29
2391,684239947,L,2013-08-24,,37,Online,10,661,288989.2,174061.13,114928.07,2013-08-24,2013-08-24,2013-08-31,79b6e761d22769e4f03bfc78c013e198,2013-08-24,2013-08-24,2013-08-31
2392,457852494,C,2013-08-24,,152,Offline,10,7582,3314850.4,1996568.06,1318282.34,2013-08-24,2013-08-24,2013-09-01,87c32f5bb6e91b676de85b1c11c67435,2013-08-24,2013-08-24,2013-09-01
2394,438724696,L,2013-08-26,,1,Offline,6,7242,1115702.52,658515.06,457187.46,2013-08-26,2013-08-26,2013-10-05,eb3f61f51f7b89ba91bba46d0e958e00,2013-08-26,2013-08-26,2013-10-05
2395,413693034,C,2013-08-26,,176,Offline,1,9817,91592.61,67933.64,23658.97,2013-08-26,2013-08-26,2013-10-13,cf28701e180c66c0f1faa718de744fd9,2013-08-26,2013-08-26,2013-10-13
2396,592181813,M,2013-08-27,,117,Online,10,8613,3765603.6,2268061.29,1497542.31,2013-08-27,2013-08-27,2013-09-09,a479aa1a3a8eb32c054967519b10d8b1,2013-08-27,2013-08-27,2013-09-09
2397,670779979,C,2013-08-29,,123,Offline,4,7557,825828.96,270842.88,554986.08,2013-08-29,2013-08-29,2013-09-09,1fb8392edaf36ec8ad9af6dd61ef6a99,2013-08-29,2013-08-29,2013-09-09
2398,666686713,L,2013-08-29,,27,Offline,9,6269,2644828.41,2286241.61,358586.8,2013-08-29,2013-08-29,2013-09-10,c40e792b13fffb83402e1112bd1c9a5c,2013-08-29,2013-08-29,2013-09-10
2399,120043075,L,2013-08-29,,126,Online,3,2268,185363.64,128527.56,56836.08,2013-08-29,2013-08-29,2013-10-13,788b2501b245db3cb7a2f999136f82a9,2013-08-29,2013-08-29,2013-10-13
2400,953370654,C,2013-08-30,,86,Offline,12,2417,1615208.59,1214639.18,400569.41,2013-08-30,2013-08-30,2013-09-16,856df301574242b307b9cc3c727f5149,2013-08-30,2013-08-30,2013-09-16
2401,119689023,L,2013-08-30,,50,Offline,11,7497,4882121.37,3935625.12,946496.25,2013-08-30,2013-08-30,2013-09-19,f025ef4f5ff4c6a7978e55bb5c34c88c,2013-08-30,2013-08-30,2013-09-19
2402,537435138,L,2013-08-31,,44,Online,8,7855,2005224.4,1252244.1,752980.3,2013-08-31,2013-08-31,2013-09-05,5f57a20044dee4f802127982aad4ae67,2013-08-31,2013-08-31,2013-09-05
2403,601588857,H,2013-09-01,,127,Offline,4,2366,258556.48,84797.44,173759.04,2013-09-01,2013-09-01,2013-09-10,d780445c6bc249335fe65ac6c466ce3f,2013-09-01,2013-09-01,2013-09-10
2404,965414416,M,2013-09-01,,142,Offline,4,6434,703107.52,230594.56,472512.96,2013-09-01,2013-09-01,2013-09-13,43cdc63eb6e9a7b6cbdadea5b4fc429f,2013-09-01,2013-09-01,2013-09-13
2405,628667151,M,2013-09-01,,166,Online,11,5435,3539326.35,2853157.6,686168.75,2013-09-01,2013-09-01,2013-09-26,1daf076d96eb59fdab17e3397f8594fb,2013-09-01,2013-09-01,2013-09-26
2406,264959609,C,2013-09-01,,75,Online,5,6291,959880.78,612995.04,346885.74,2013-09-01,2013-09-01,2013-10-18,a50c7ac383db53b1cd06dc35021d514d,2013-09-01,2013-09-01,2013-10-18
2407,973482930,H,2013-09-02,,80,Online,2,4087,193928.15,129925.73,64002.42,2013-09-02,2013-09-02,2013-10-07,40023443555e76af87961618a446a0d9,2013-09-02,2013-09-02,2013-10-07
2408,738672912,C,2013-09-02,,162,Online,3,8584,701570.32,486455.28,215115.04,2013-09-02,2013-09-02,2013-10-10,56fff7fdfa59190a051bcc37678dd778,2013-09-02,2013-09-02,2013-10-10
2409,370518052,H,2013-09-03,,19,Offline,12,3380,2258752.6,1698585.2,560167.4,2013-09-03,2013-09-03,2013-10-09,851f6d40dd531de55647bba82ae8c886,2013-09-03,2013-09-03,2013-10-09
2410,523857152,H,2013-09-05,,100,Online,10,9827,4296364.4,2587743.91,1708620.49,2013-09-05,2013-09-05,2013-10-09,ed2b63161d79cda348a7e58b9fee7e9d,2013-09-05,2013-09-05,2013-10-09
2411,488474309,L,2013-09-05,,48,Online,3,9258,756656.34,524650.86,232005.48,2013-09-05,2013-09-05,2013-10-21,043b22fe3587d3f646989251d65b649c,2013-09-05,2013-09-05,2013-10-21
2412,980961358,C,2013-09-06,,79,Online,10,7120,3112864,1874909.6,1237954.4,2013-09-06,2013-09-06,2013-10-08,42b06cb061ff0f263d23013e7ccb2a52,2013-09-06,2013-09-06,2013-10-08
2413,947507131,L,2013-09-07,,155,Offline,2,7271,345008.95,231145.09,113863.86,2013-09-07,2013-09-07,2013-10-20,2e7d920c732db03c7b0f0a02ea07175c,2013-09-07,2013-09-07,2013-10-20
2414,664562404,L,2013-09-08,,149,Offline,5,7638,1165406.04,744246.72,421159.32,2013-09-08,2013-09-08,2013-09-19,ded8efdafe70de2cacd0613974764651,2013-09-08,2013-09-08,2013-09-19
2415,575259006,L,2013-09-08,,82,Online,12,778,519914.06,390976.12,128937.94,2013-09-08,2013-09-08,2013-10-20,b0a664f8be497c6af551b78e13b0283a,2013-09-08,2013-09-08,2013-10-20
2416,176050603,C,2013-09-08,,172,Online,7,6140,1262998,719055.4,543942.6,2013-09-08,2013-09-08,2013-10-28,14b695ba93888ad94cdff6b0693fb049,2013-09-08,2013-09-08,2013-10-28
2417,924286067,H,2013-09-09,,100,Online,4,5642,616557.76,202209.28,414348.48,2013-09-09,2013-09-09,2013-10-04,5df852f52c654a31ea143aae8904e68f,2013-09-09,2013-09-09,2013-10-04
2418,167510020,L,2013-09-09,,158,Online,9,8792,3709256.88,3206354.48,502902.4,2013-09-09,2013-09-09,2013-10-06,d8de5e748024faa701e6b346d16d89c7,2013-09-09,2013-09-09,2013-10-06
2419,281845080,M,2013-09-09,,83,Offline,12,3077,2056266.79,1546315.58,509951.21,2013-09-09,2013-09-09,2013-10-18,df76391a11d9c68e0b9f1ab6921a9739,2013-09-09,2013-09-09,2013-10-18
2420,780590045,H,2013-09-10,,54,Offline,9,2796,1179604.44,1019673.24,159931.2,2013-09-10,2013-09-10,2013-10-03,979a46eebe61777c56a03072c74dad63,2013-09-10,2013-09-10,2013-10-03
2421,917792117,M,2013-09-10,,145,Online,4,3938,430344.64,141137.92,289206.72,2013-09-10,2013-09-10,2013-10-07,2fc550ab030b0906f71c7af59c9db899,2013-09-10,2013-09-10,2013-10-07
2422,296289527,M,2013-09-10,,131,Online,11,7510,4890587.1,3942449.6,948137.5,2013-09-10,2013-09-10,2013-10-14,a1effbb5bb62c42d17c60a91de44b77e,2013-09-10,2013-09-10,2013-10-14
2423,136102426,C,2013-09-11,,178,Offline,5,4587,699884.46,446957.28,252927.18,2013-09-11,2013-09-11,2013-09-23,095faf40a20625cb5b5c242b026c1bb3,2013-09-11,2013-09-11,2013-09-23
2424,250437486,L,2013-09-11,,82,Online,8,8872,2264844.16,1414374.24,850469.92,2013-09-11,2013-09-11,2013-10-05,ad5f62146718ccf4101c954a1d85c41c,2013-09-11,2013-09-11,2013-10-05
2425,368865811,L,2013-09-11,,88,Online,11,4445,2894628.45,2333447.2,561181.25,2013-09-11,2013-09-11,2013-10-16,f8e455310463ca2f4b5e80eed1cecf77,2013-09-11,2013-09-11,2013-10-16
2426,474660289,H,2013-09-12,,131,Offline,8,1382,352796.96,220318.44,132478.52,2013-09-12,2013-09-12,2013-10-06,d6e60203c238901b9729bf654a20a82c,2013-09-12,2013-09-12,2013-10-06
2427,310497939,C,2013-09-12,,157,Offline,9,2095,883859.55,764025.55,119834,2013-09-12,2013-09-12,2013-10-11,8d485114642740f138a313f33f976fad,2013-09-12,2013-09-12,2013-10-11
2428,989660298,H,2013-09-14,,64,Online,9,1330,561113.7,485037.7,76076,2013-09-14,2013-09-14,2013-10-11,b2184d7b22d612fd2eec96d3c187fcda,2013-09-14,2013-09-14,2013-10-11
2429,563491618,L,2013-09-14,,82,Offline,12,8547,5711703.69,4295209.38,1416494.31,2013-09-14,2013-09-14,2013-10-29,753b32310d018bd8b1626ccd49171c57,2013-09-14,2013-09-14,2013-10-29
2430,519686210,L,2013-09-15,,175,Offline,5,5553,847276.74,541084.32,306192.42,2013-09-15,2013-09-15,2013-09-24,8c0c82b1a45cd472c2c29e4016b9c6ba,2013-09-15,2013-09-15,2013-09-24
2431,671450746,M,2013-09-15,,162,Offline,1,6052,56465.16,41879.84,14585.32,2013-09-15,2013-09-15,2013-10-18,30b75f174d138eb9e561f3dc130c7a24,2013-09-15,2013-09-15,2013-10-18
2432,209899222,M,2013-09-16,,135,Online,5,2699,411813.42,262990.56,148822.86,2013-09-16,2013-09-16,2013-09-28,618874355ddca88efbb7169ce852a9f2,2013-09-16,2013-09-16,2013-09-28
2433,548693120,C,2013-09-16,,136,Online,5,9342,1425402.36,910284.48,515117.88,2013-09-16,2013-09-16,2013-10-10,8a57edd09b0fc37bd926ba2fe3df74e9,2013-09-16,2013-09-16,2013-10-10
2434,947783505,C,2013-09-16,,128,Offline,8,9056,2311815.68,1443707.52,868108.16,2013-09-16,2013-09-16,2013-10-27,09e4686f4664676ea193d9ac9e337878,2013-09-16,2013-09-16,2013-10-27
2435,130356919,H,2013-09-18,,58,Online,6,4364,672317.84,396818.52,275499.32,2013-09-18,2013-09-18,2013-10-01,837cc948045cae9a74f41051e0558c58,2013-09-18,2013-09-18,2013-10-01
2436,452423703,C,2013-09-19,,22,Offline,10,1082,473050.4,284923.06,188127.34,2013-09-19,2013-09-19,2013-09-24,852fbcd4c53e8feea0043d2357cd7628,2013-09-19,2013-09-19,2013-09-24
2437,148894631,H,2013-09-19,,172,Online,11,85,55352.85,44621.6,10731.25,2013-09-19,2013-09-19,2013-09-25,a55b30eefb18eace11dbc3378efbe22f,2013-09-19,2013-09-19,2013-09-25
2438,976200330,M,2013-09-19,,49,Online,8,8226,2099933.28,1311388.92,788544.36,2013-09-19,2013-09-19,2013-10-20,838b15417929c5761ca51aa663ca639f,2013-09-19,2013-09-19,2013-10-20
2439,790981566,H,2013-09-20,,114,Online,6,7878,1213684.68,716346.54,497338.14,2013-09-20,2013-09-20,2013-10-08,ab64b4f5b3b6f2732715a735b1b5fd83,2013-09-20,2013-09-20,2013-10-08
2440,483359229,H,2013-09-20,,120,Offline,6,5592,861503.52,508480.56,353022.96,2013-09-20,2013-09-20,2013-10-10,3d0daabd41daf4ab5706ed6d66879142,2013-09-20,2013-09-20,2013-10-10
2441,127838218,C,2013-09-20,,101,Offline,1,9024,84193.92,62446.08,21747.84,2013-09-20,2013-09-20,2013-10-29,917aa49a660acc6b27ae584ad7e1d87f,2013-09-20,2013-09-20,2013-10-29
2442,277556121,H,2013-09-20,,93,Online,8,3879,990231.12,618390.18,371840.94,2013-09-20,2013-09-20,2013-10-29,71a91c1055b97b1c5c2d665134d6298d,2013-09-20,2013-09-20,2013-10-29
2443,458209550,C,2013-09-21,,29,Online,2,3243,153880.35,103094.97,50785.38,2013-09-21,2013-09-21,2013-09-24,04037fe8550b69a2427bb807b0c28688,2013-09-21,2013-09-21,2013-09-24
2444,813730561,C,2013-09-21,,179,Offline,8,9811,2504552.08,1564069.62,940482.46,2013-09-21,2013-09-21,2013-10-26,a57da9568a2e88883d10ae9848301fe4,2013-09-21,2013-09-21,2013-10-26
2445,886306846,H,2013-09-21,,121,Online,8,6746,1722118.88,1075447.32,646671.56,2013-09-21,2013-09-21,2013-10-27,d54abdd158406455582640866b13fc44,2013-09-21,2013-09-21,2013-10-27
2446,266614854,M,2013-09-23,,30,Online,12,6115,4086471.05,3073032.1,1013438.95,2013-09-23,2013-09-23,2013-10-10,f2c3bd3a7cfbc4b20e3cd848d76b7074,2013-09-23,2013-09-23,2013-10-10
2447,937826716,M,2013-09-23,,59,Online,2,2621,124366.45,83321.59,41044.86,2013-09-23,2013-09-23,2013-10-11,249f4fbeb03c8e18f033dec3460ec3c8,2013-09-23,2013-09-23,2013-10-11
2448,919289004,H,2013-09-23,,9,Online,5,6900,1052802,672336,380466,2013-09-23,2013-09-23,2013-10-17,138ea3b24a6cc06c292386cc8b3ab09f,2013-09-23,2013-09-23,2013-10-17
2449,592774903,M,2013-09-24,,99,Offline,12,4122,2754608.94,2071469.88,683139.06,2013-09-24,2013-09-24,2013-10-02,79262e6a1c87b837c980b79934b5f42b,2013-09-24,2013-09-24,2013-10-02
2450,871272313,M,2013-09-24,,62,Online,11,7694,5010409.74,4039042.24,971367.5,2013-09-24,2013-09-24,2013-10-09,28504fb21c8c431cd5df6605fc0f09ec,2013-09-24,2013-09-24,2013-10-09
2451,446914231,H,2013-09-25,,166,Offline,11,707,460405.47,371146.72,89258.75,2013-09-25,2013-09-25,2013-10-01,aeb42d93094024da94dbffbf5596b3e2,2013-09-25,2013-09-25,2013-10-01
2452,557156026,C,2013-09-25,,114,Offline,11,3704,2412081.84,1944451.84,467630,2013-09-25,2013-09-25,2013-10-15,a12d02a7b3232becb91346f91fcf6b89,2013-09-25,2013-09-25,2013-10-15
2453,910276353,L,2013-09-26,,114,Offline,4,9856,1077063.68,353239.04,723824.64,2013-09-26,2013-09-26,2013-09-27,488fcbfe4635f0760ea44434c89bf2b7,2013-09-26,2013-09-26,2013-09-27
2454,195259082,L,2013-09-26,,24,Online,12,356,237904.12,178904.24,58999.88,2013-09-26,2013-09-26,2013-10-11,51791d25dafe50a674dc6ece979f88d5,2013-09-26,2013-09-26,2013-10-11
2455,604582631,L,2013-09-27,,12,Offline,8,8291,2116526.48,1321751.22,794775.26,2013-09-27,2013-09-27,2013-09-30,3b0d1dba1ecd7ccc1c8c5553e76a0827,2013-09-27,2013-09-27,2013-09-30
2456,822665536,M,2013-09-28,,162,Offline,7,3868,795647.6,452981.48,342666.12,2013-09-28,2013-09-28,2013-10-29,77e4b0a08401ccf62b81f02a458b22d8,2013-09-28,2013-09-28,2013-10-29
2457,306839406,H,2013-09-29,,134,Offline,8,9454,2413417.12,1507156.68,906260.44,2013-09-29,2013-09-29,2013-10-01,b6358709cccb485d9c01dc85d6110d90,2013-09-29,2013-09-29,2013-10-01
2458,527204978,L,2013-09-29,,7,Online,9,523,220648.47,190732.87,29915.6,2013-09-29,2013-09-29,2013-10-03,641598d9004879d25dec1d9108bf5c8e,2013-09-29,2013-09-29,2013-10-03
2459,878514707,C,2013-09-29,,89,Offline,2,879,41708.55,27943.41,13765.14,2013-09-29,2013-09-29,2013-10-11,99e83176e42fcae8057682f58e9ed635,2013-09-29,2013-09-29,2013-10-11
2460,211278092,L,2013-09-29,,25,Online,3,737,60235.01,41765.79,18469.22,2013-09-29,2013-09-29,2013-11-03,863ae550856d8308353a97a55ec6bf6a,2013-09-29,2013-09-29,2013-11-03
2461,381580340,L,2013-09-30,,22,Online,8,6957,1775982.96,1109084.94,666898.02,2013-09-30,2013-09-30,2013-10-02,03eca2ea327da89af5398e145864107a,2013-09-30,2013-09-30,2013-10-02
2462,876232039,H,2013-09-30,,70,Offline,3,5387,440279.51,305281.29,134998.22,2013-09-30,2013-09-30,2013-11-07,99dedc0f36a9f4d2f537cb40bb74bb15,2013-09-30,2013-09-30,2013-11-07
2463,408540618,M,2013-09-30,,137,Offline,6,5102,786014.12,463924.86,322089.26,2013-09-30,2013-09-30,2013-11-13,278cca036000edbb6c925f08ec57b0c7,2013-09-30,2013-09-30,2013-11-13
2464,140040338,M,2013-10-02,,111,Offline,8,9903,2528037.84,1578736.26,949301.58,2013-10-02,2013-10-02,2013-10-09,fdeee778a1aa319c3b9a23d88d84692b,2013-10-02,2013-10-02,2013-10-09
2465,711597621,M,2013-10-02,,176,Offline,3,6404,523398.92,362914.68,160484.24,2013-10-02,2013-10-02,2013-11-14,8c6e764501939f57f459680425ab29f0,2013-10-02,2013-10-02,2013-11-14
2466,575970113,M,2013-10-04,,133,Offline,9,1211,510908.79,441639.59,69269.2,2013-10-04,2013-10-04,2013-10-16,94b6da008a0d54ef9bc0a680c10514ce,2013-10-04,2013-10-04,2013-10-16
2467,536494004,L,2013-10-04,,129,Offline,12,9353,6250329.31,4700256.62,1550072.69,2013-10-04,2013-10-04,2013-10-29,2b8d1558cfaa8344630a0a007b913192,2013-10-04,2013-10-04,2013-10-29
2468,471514165,C,2013-10-07,,165,Online,6,374,57618.44,34007.82,23610.62,2013-10-07,2013-10-07,2013-11-23,41ec981caf0e535b3efe61ffb0821110,2013-10-07,2013-10-07,2013-11-23
2469,911891257,C,2013-10-08,,54,Offline,1,7742,72232.86,53574.64,18658.22,2013-10-08,2013-10-08,2013-11-01,1b2737ef7f627dd16eeea469ad121a67,2013-10-08,2013-10-08,2013-11-01
2470,400512444,L,2013-10-09,,15,Offline,9,9387,3960281.43,3423345.03,536936.4,2013-10-09,2013-10-09,2013-10-29,bc06e06b952f65076c7f9b88c9285b56,2013-10-09,2013-10-09,2013-10-29
2471,371387517,L,2013-10-09,,80,Offline,10,674,294672.8,177484.42,117188.38,2013-10-09,2013-10-09,2013-11-08,88494c9fc4951265cc703fc6f585776e,2013-10-09,2013-10-09,2013-11-08
2472,932475602,L,2013-10-09,,34,Offline,2,9107,432127.15,289511.53,142615.62,2013-10-09,2013-10-09,2013-11-21,579da1fcb28fb5f55633760dba7a3208,2013-10-09,2013-10-09,2013-11-21
2473,466948831,H,2013-10-09,,86,Offline,3,9390,767444.7,532131.3,235313.4,2013-10-09,2013-10-09,2013-11-26,7ef5e8d2b47c5026f147a77240381290,2013-10-09,2013-10-09,2013-11-26
2474,238396728,H,2013-10-09,,71,Online,3,5744,469457.12,325512.48,143944.64,2013-10-09,2013-10-09,2013-11-27,ffbdcd9fca619998cfd09808e41fbcb9,2013-10-09,2013-10-09,2013-11-27
2475,524844634,M,2013-10-10,,24,Offline,7,2045,420656.5,239489.95,181166.55,2013-10-10,2013-10-10,2013-10-13,f584a3259aa3bdf39d00d71bb99b5710,2013-10-10,2013-10-10,2013-10-13
2476,583094489,M,2013-10-10,,35,Online,12,9472,6329853.44,4760058.88,1569794.56,2013-10-10,2013-10-10,2013-11-13,4d5eda0eca870d972cca65eb67e252e5,2013-10-10,2013-10-10,2013-11-13
2477,797202146,M,2013-10-10,,153,Online,2,8685,412103.25,276096.15,136007.1,2013-10-10,2013-10-10,2013-11-17,10617146c2101c693352542086e3306e,2013-10-10,2013-10-10,2013-11-17
2478,315066277,L,2013-10-10,,91,Offline,5,3968,605437.44,386641.92,218795.52,2013-10-10,2013-10-10,2013-11-28,43ffb9c57f96dd48756b0a9fb7276b8b,2013-10-10,2013-10-10,2013-11-28
2479,886033475,C,2013-10-13,,60,Online,3,5850,478120.5,331519.5,146601,2013-10-13,2013-10-13,2013-10-20,af15ec61ee272913dbbc8d1533ed54ca,2013-10-13,2013-10-13,2013-10-20
2480,220607459,C,2013-10-14,,164,Online,7,1504,309372.8,176133.44,133239.36,2013-10-14,2013-10-14,2013-10-17,2465c0c058bb3011aa3e94579f435eba,2013-10-14,2013-10-14,2013-10-17
2481,962703025,M,2013-10-14,,46,Offline,5,4073,621458.34,396873.12,224585.22,2013-10-14,2013-10-14,2013-10-20,94d727d1b99a2a183be8326faa998f7b,2013-10-14,2013-10-14,2013-10-20
2482,919133651,M,2013-10-14,,32,Online,4,927,101302.56,33223.68,68078.88,2013-10-14,2013-10-14,2013-11-04,c54a8db3c8daed197696b22f6d7b2938,2013-10-14,2013-10-14,2013-11-04
2483,532441079,L,2013-10-14,,83,Offline,4,2,218.56,71.68,146.88,2013-10-14,2013-10-14,2013-11-08,0f40369c44f60da96d3dd8a261e2752f,2013-10-14,2013-10-14,2013-11-08
2484,522089898,C,2013-10-14,,110,Online,1,6858,63985.14,47457.36,16527.78,2013-10-14,2013-10-14,2013-11-11,ab6fc8d542329f3409f115be353ca1d2,2013-10-14,2013-10-14,2013-11-11
2485,854625880,H,2013-10-14,,124,Offline,2,1644,78007.8,52262.76,25745.04,2013-10-14,2013-10-14,2013-11-26,1cf4109b3432e65935761c7a323b88a8,2013-10-14,2013-10-14,2013-11-26
2486,801925837,C,2013-10-17,,4,Offline,6,6531,1006165.86,593863.83,412302.03,2013-10-17,2013-10-17,2013-10-26,3e70bdb6abbc033e25dd51767dfbcfa8,2013-10-17,2013-10-17,2013-10-26
2487,791692674,L,2013-10-17,,180,Online,1,8310,77532.3,57505.2,20027.1,2013-10-17,2013-10-17,2013-11-24,534555a67ad58009ac81e796d6e7844f,2013-10-17,2013-10-17,2013-11-24
2488,415233266,H,2013-10-18,,40,Online,6,5606,863660.36,509753.58,353906.78,2013-10-18,2013-10-18,2013-10-31,f26a2d23866ed733f2c15e7c8fc6e23b,2013-10-18,2013-10-18,2013-10-31
2489,787245357,L,2013-10-18,,50,Offline,5,2250,343305,219240,124065,2013-10-18,2013-10-18,2013-11-01,2e381ebb2a217666ad843bfcf99093f4,2013-10-18,2013-10-18,2013-11-01
2490,633198153,H,2013-10-19,,29,Offline,7,6260,1287682,733108.6,554573.4,2013-10-19,2013-10-19,2013-11-03,0632986c1beaa1cd77117a7bf141c910,2013-10-19,2013-10-19,2013-11-03
2491,103281629,L,2013-10-19,,72,Offline,6,2184,336467.04,198591.12,137875.92,2013-10-19,2013-10-19,2013-11-05,0e357ebf47bba65e7afa942acfed55b7,2013-10-19,2013-10-19,2013-11-05
2492,612495791,L,2013-10-19,,50,Online,7,9971,2051034.7,1167703.81,883330.89,2013-10-19,2013-10-19,2013-11-10,d5d3a629209a334195c8e8c1268ce5dd,2013-10-19,2013-10-19,2013-11-10
2493,666534364,C,2013-10-19,,56,Offline,8,1185,302506.8,188912.7,113594.1,2013-10-19,2013-10-19,2013-11-18,0fc531be14db7d66e75bb009b6fc840b,2013-10-19,2013-10-19,2013-11-18
2494,313178002,C,2013-10-19,,54,Offline,2,5185,246028.25,164831.15,81197.1,2013-10-19,2013-10-19,2013-12-06,375032c4278d8e8d1189e8213092ff58,2013-10-19,2013-10-19,2013-12-06
2495,516580426,M,2013-10-20,,173,Offline,9,6483,2735112.87,2364285.27,370827.6,2013-10-20,2013-10-20,2013-11-18,1a5fd2e8a6e4c0b216349b3d6ce7abd0,2013-10-20,2013-10-20,2013-11-18
2496,435463559,C,2013-10-21,,66,Online,2,2199,104342.55,69906.21,34436.34,2013-10-21,2013-10-21,2013-10-27,16cd4c39ee9c755d09543445c6295b74,2013-10-21,2013-10-21,2013-10-27
2497,470728385,L,2013-10-21,,121,Offline,7,7845,1613716.5,918727.95,694988.55,2013-10-21,2013-10-21,2013-11-09,c35f9435831995155ba656e644a8c7c0,2013-10-21,2013-10-21,2013-11-09
2498,938301789,C,2013-10-21,,65,Offline,8,3205,818172.4,510941.1,307231.3,2013-10-21,2013-10-21,2013-11-29,f5166150fd0be00fba0fc40d8bca8ba4,2013-10-21,2013-10-21,2013-11-29
2499,501663911,H,2013-10-22,,177,Offline,1,2354,21962.82,16289.68,5673.14,2013-10-22,2013-10-22,2013-11-25,8f4b84206867015f91ab199bd353b9d0,2013-10-22,2013-10-22,2013-11-25
2500,291531503,L,2013-10-23,,91,Online,2,9505,451012.25,302163.95,148848.3,2013-10-23,2013-10-23,2013-10-26,ec38e12096b5acc639d3a1763a70c7e9,2013-10-23,2013-10-23,2013-10-26
2501,447389304,L,2013-10-23,,112,Online,3,1292,105595.16,73217.64,32377.52,2013-10-23,2013-10-23,2013-11-19,3225f00e1f6773f68191786e92d1a44a,2013-10-23,2013-10-23,2013-11-19
2502,410077846,M,2013-10-23,,183,Online,4,2,218.56,71.68,146.88,2013-10-23,2013-10-23,2013-12-02,39b9a7a950f9483dca773805f9eb4558,2013-10-23,2013-10-23,2013-12-02
2503,522012221,L,2013-10-24,,146,Offline,10,3871,1692401.2,1019350.43,673050.77,2013-10-24,2013-10-24,2013-10-25,f11172203125fa1eb5c5f4df481e47ae,2013-10-24,2013-10-24,2013-10-25
2504,950227534,L,2013-10-24,,97,Offline,12,2298,1535684.46,1154836.92,380847.54,2013-10-24,2013-10-24,2013-11-02,c49b87b706560ba9d813246875711414,2013-10-24,2013-10-24,2013-11-02
2505,253865993,M,2013-10-24,,68,Online,8,3444,879184.32,549042.48,330141.84,2013-10-24,2013-10-24,2013-12-04,ac62e7e57601317a36741970cda48868,2013-10-24,2013-10-24,2013-12-04
2506,868992650,L,2013-10-25,,35,Offline,12,3091,2065622.57,1553351.14,512271.43,2013-10-25,2013-10-25,2013-11-05,c7323ef9416505ef621096f10cc64e1d,2013-10-25,2013-10-25,2013-11-05
2507,565345561,M,2013-10-26,,124,Online,9,7170,3024951.3,2614827.3,410124,2013-10-26,2013-10-26,2013-12-02,cf29786fe97217f2fa2a4004648614c4,2013-10-26,2013-10-26,2013-12-02
2508,130754315,H,2013-10-27,,147,Online,11,1962,1277674.02,1029971.52,247702.5,2013-10-27,2013-10-27,2013-11-02,db4535c7e988ac6ab6f38f3bdfafc989,2013-10-27,2013-10-27,2013-11-02
2509,186839520,C,2013-10-27,,15,Online,8,8821,2251824.88,1406243.82,845581.06,2013-10-27,2013-10-27,2013-12-04,006c4e286b944819c80ebd39cbcd350a,2013-10-27,2013-10-27,2013-12-04
2510,760443437,L,2013-10-27,,112,Online,1,966,9012.78,6684.72,2328.06,2013-10-27,2013-10-27,2013-12-13,857dea73a2fd431ce12ca42c15d819fa,2013-10-27,2013-10-27,2013-12-13
2511,737340390,C,2013-10-28,,181,Offline,9,4262,1798095.18,1554308.78,243786.4,2013-10-28,2013-10-28,2013-11-01,e000ed16d45a6f7d17b2e76b450fa40d,2013-10-28,2013-10-28,2013-11-01
2512,261462438,C,2013-10-28,,165,Online,12,1400,935578,703556,232022,2013-10-28,2013-10-28,2013-11-10,38acf11dc5dac943e91164d2962c904e,2013-10-28,2013-10-28,2013-11-10
2513,107651269,M,2013-10-28,,144,Online,12,5258,3513763.66,2642355.32,871408.34,2013-10-28,2013-10-28,2013-11-11,d6758bdf32f05fd70dab76aa79dca57f,2013-10-28,2013-10-28,2013-11-11
2514,217539012,H,2013-10-29,,46,Online,9,3483,1469442.87,1270215.27,199227.6,2013-10-29,2013-10-29,2013-10-31,408f6882391cb2b9f44a28e19e0e370d,2013-10-29,2013-10-29,2013-10-31
2515,498201072,H,2013-10-29,,45,Online,10,7623,3332775.6,2007364.59,1325411.01,2013-10-29,2013-10-29,2013-11-07,6c2c6eed9548e105e110d504074386a8,2013-10-29,2013-10-29,2013-11-07
2516,304913794,H,2013-10-29,,46,Offline,11,9623,6266593.83,5051690.08,1214903.75,2013-10-29,2013-10-29,2013-11-21,a8da98d7dcccc53c2cf4e9e7c6519879,2013-10-29,2013-10-29,2013-11-21
2517,917639768,L,2013-10-31,,30,Online,6,8854,1364047.24,805094.22,558953.02,2013-10-31,2013-10-31,2013-12-14,d01f6e1201338b471e8c50c31d048be4,2013-10-31,2013-10-31,2013-12-14
2518,327072703,C,2013-11-01,,91,Online,10,6936,3032419.2,1826456.88,1205962.32,2013-11-01,2013-11-01,2013-11-16,f1fd28ef30beda665a71ab8bdd0514ff,2013-11-01,2013-11-01,2013-11-16
2519,732421004,M,2013-11-01,,174,Online,3,8506,695195.38,482035.02,213160.36,2013-11-01,2013-11-01,2013-12-01,17a6ee0a9af5f155b0b8ed2e6642ec88,2013-11-01,2013-11-01,2013-12-01
2520,736396253,H,2013-11-02,,65,Offline,9,4870,2054604.3,1776040.3,278564,2013-11-02,2013-11-02,2013-11-05,258cf7b7c4f2585e4300eb8d97a1cae8,2013-11-02,2013-11-02,2013-11-05
2521,567904603,L,2013-11-02,,47,Online,8,4447,1135230.16,708940.74,426289.42,2013-11-02,2013-11-02,2013-11-12,cef4b74d0f4b08ec04b36f85eeb2cb50,2013-11-02,2013-11-02,2013-11-12
2522,306134307,M,2013-11-02,,15,Offline,11,799,520316.79,419443.04,100873.75,2013-11-02,2013-11-02,2013-11-24,769242e84206d82fd12b7aec3b732ea2,2013-11-02,2013-11-02,2013-11-24
2523,919332349,M,2013-11-02,,44,Offline,5,9726,1483993.08,947701.44,536291.64,2013-11-02,2013-11-02,2013-12-15,1654557642c0acc73c3b3e0ef2e2fb45,2013-11-02,2013-11-02,2013-12-15
2524,913074433,H,2013-11-02,,139,Offline,3,7870,643215.1,445992.9,197222.2,2013-11-02,2013-11-02,2013-12-17,b0de5d32c711bffa71cd9c52715d4462,2013-11-02,2013-11-02,2013-12-17
2525,526381862,M,2013-11-02,,40,Offline,9,6945,2930026.05,2532772.05,397254,2013-11-02,2013-11-02,2013-12-21,b7fa0bfc882cceece70fed7bba16aca4,2013-11-02,2013-11-02,2013-12-21
2526,436606395,C,2013-11-04,,127,Offline,2,389,18458.05,12366.31,6091.74,2013-11-04,2013-11-04,2013-12-03,6560902c780520d7ba6471cf2ea1e1a8,2013-11-04,2013-11-04,2013-12-03
2527,428419864,M,2013-11-04,,147,Offline,11,7813,5087903.73,4101512.48,986391.25,2013-11-04,2013-11-04,2013-12-05,f90beff8b3c82da7d3c27ff2412cadb7,2013-11-04,2013-11-04,2013-12-05
2528,881194770,C,2013-11-05,,137,Offline,11,3969,2584652.49,2083566.24,501086.25,2013-11-05,2013-11-05,2013-12-05,ae375a3db5365c7b5f0168aa2b6835fd,2013-11-05,2013-11-05,2013-12-05
2529,359346759,M,2013-11-06,,123,Online,4,7546,824626.88,270448.64,554178.24,2013-11-06,2013-11-06,2013-11-09,9e5e95c9649fe8dbc4eb893bee4e551d,2013-11-06,2013-11-06,2013-11-09
2530,866396272,H,2013-11-06,,94,Online,9,4765,2010305.85,1737747.85,272558,2013-11-06,2013-11-06,2013-11-16,4c97cbffb8a451211d7b316d274fc714,2013-11-06,2013-11-06,2013-11-16
2531,332268464,C,2013-11-06,,172,Online,7,4477,920918.9,524301.47,396617.43,2013-11-06,2013-11-06,2013-12-14,644c8aa6766aa71b681050f0376759fb,2013-11-06,2013-11-06,2013-12-14
2532,774928224,C,2013-11-06,,25,Offline,6,7337,1130338.22,667153.41,463184.81,2013-11-06,2013-11-06,2013-12-17,2504d2c26861ed84b602ff18f12ca9ff,2013-11-06,2013-11-06,2013-12-17
2533,797677218,C,2013-11-07,,130,Offline,8,9270,2366445.6,1477823.4,888622.2,2013-11-07,2013-11-07,2013-11-14,012a2d79da468ff4620dcd88cdd648b8,2013-11-07,2013-11-07,2013-11-14
2534,922363460,H,2013-11-07,,79,Online,4,6700,732176,240128,492048,2013-11-07,2013-11-07,2013-11-23,40c18c08643b200da1e738e96e4fbd7a,2013-11-07,2013-11-07,2013-11-23
2535,882887351,L,2013-11-07,,178,Offline,2,4842,229752.9,153927.18,75825.72,2013-11-07,2013-11-07,2013-12-06,ca6301d1dd902830e072debf071f914c,2013-11-07,2013-11-07,2013-12-06
2536,101315677,L,2013-11-07,,6,Online,6,415,63934.9,37735.95,26198.95,2013-11-07,2013-11-07,2013-12-17,828efba4cca6f5e217cbcd221eaeb0a6,2013-11-07,2013-11-07,2013-12-17
2537,546140086,L,2013-11-07,,145,Offline,3,3843,314088.39,217782.81,96305.58,2013-11-07,2013-11-07,2013-12-19,0f85de2b47d789e80c94ea85d9309d45,2013-11-07,2013-11-07,2013-12-19
2538,722346198,H,2013-11-09,,7,Online,10,7147,3124668.4,1882019.51,1242648.89,2013-11-09,2013-11-09,2013-12-11,fa675460de77ebde17d40fe08ed1a745,2013-11-09,2013-11-09,2013-12-11
2539,427121675,L,2013-11-10,,97,Offline,6,3650,562319,331894.5,230424.5,2013-11-10,2013-11-10,2013-11-15,6ba1789191edd52598ba16ffe9bc65f6,2013-11-10,2013-11-10,2013-11-15
2540,609939754,M,2013-11-10,,180,Online,1,3582,33420.06,24787.44,8632.62,2013-11-10,2013-11-10,2013-11-30,736d24914711504cdf75d8427a959450,2013-11-10,2013-11-10,2013-11-30
2541,262605273,L,2013-11-11,,10,Offline,12,9591,6409377.57,4819861.14,1589516.43,2013-11-11,2013-11-11,2013-12-16,68b96724561338b44501645780ac0d81,2013-11-11,2013-11-11,2013-12-16
2542,480688178,M,2013-11-12,,106,Offline,5,5169,788686.02,503667.36,285018.66,2013-11-12,2013-11-12,2013-11-24,1c519874d00bd89fae1fcf9973061536,2013-11-12,2013-11-12,2013-11-24
2543,969199979,H,2013-11-12,,24,Online,9,6666,2812318.74,2431023.54,381295.2,2013-11-12,2013-11-12,2013-12-07,a0206758e7df495dc500ef05aaaffe50,2013-11-12,2013-11-12,2013-12-07
2544,933699119,C,2013-11-13,,101,Offline,3,1173,95869.29,66473.91,29395.38,2013-11-13,2013-11-13,2013-11-24,75f6eee40ef5617e42b7f7bea43c5775,2013-11-13,2013-11-13,2013-11-24
2545,363952434,H,2013-11-14,,99,Online,5,468,71407.44,45601.92,25805.52,2013-11-14,2013-11-14,2013-11-15,90aacd9dfce02dbc6e61c77eadb7d00b,2013-11-14,2013-11-14,2013-11-15
2546,700699698,H,2013-11-14,,42,Online,10,1467,641372.4,386305.11,255067.29,2013-11-14,2013-11-14,2013-12-23,009d0864e179cbaf40bcbc93795b7267,2013-11-14,2013-11-14,2013-12-23
2547,471911561,C,2013-11-14,,78,Online,11,7973,5192097.33,4185506.08,1006591.25,2013-11-14,2013-11-14,2013-12-24,aefa52faee09c6b3dc593123f6e19ef2,2013-11-14,2013-11-14,2013-12-24
2548,459277713,M,2013-11-15,,160,Online,9,9336,3938765.04,3404745.84,534019.2,2013-11-15,2013-11-15,2013-12-04,515319dbc384e67382534bd8f8b49bbe,2013-11-15,2013-11-15,2013-12-04
2549,821056640,H,2013-11-15,,74,Online,2,7760,368212,246690.4,121521.6,2013-11-15,2013-11-15,2014-01-03,47964193090222ce47326ae7750c9225,2013-11-15,2013-11-15,2014-01-03
2550,116154515,M,2013-11-16,,81,Offline,3,1557,127253.61,88235.19,39018.42,2013-11-16,2013-11-16,2013-11-24,523f40613050fa3cebb9ae3c1a5ede66,2013-11-16,2013-11-16,2013-11-24
2551,205339896,C,2013-11-17,,115,Online,11,3493,2274676.53,1833685.28,440991.25,2013-11-17,2013-11-17,2013-11-20,d679db6a263e23b2c1d588d3a6ff6e6d,2013-11-17,2013-11-17,2013-11-20
2552,703966844,C,2013-11-18,,30,Offline,5,8288,1264583.04,807582.72,457000.32,2013-11-18,2013-11-18,2013-11-30,5ed5e13d12f0441a84e28148df48b732,2013-11-18,2013-11-18,2013-11-30
2553,169721019,H,2013-11-18,,176,Offline,7,3076,632733.2,360230.36,272502.84,2013-11-18,2013-11-18,2013-12-03,007c2b7ac751f0836e2de7658b973db7,2013-11-18,2013-11-18,2013-12-03
2554,504303634,C,2013-11-19,,61,Online,11,3507,2283793.47,1841034.72,442758.75,2013-11-19,2013-11-19,2013-11-22,a11346938b2a8eca9e60f5673bbd6485,2013-11-19,2013-11-19,2013-11-22
2555,994744050,M,2013-11-19,,110,Offline,6,5725,881993.5,520574.25,361419.25,2013-11-19,2013-11-19,2013-12-04,23eb8ca3e64e233db8bc6e43bc00e114,2013-11-19,2013-11-19,2013-12-04
2556,144689357,M,2013-11-19,,173,Online,8,5651,1442587.28,900882.42,541704.86,2013-11-19,2013-11-19,2013-12-12,cc790b18f0be54cc6153d3f703083555,2013-11-19,2013-11-19,2013-12-12
2557,745253551,H,2013-11-19,,102,Online,3,5942,485639.66,336733.14,148906.52,2013-11-19,2013-11-19,2013-12-12,8138fe973427bfc3a9f9e0067cc3b073,2013-11-19,2013-11-19,2013-12-12
2558,896900069,H,2013-11-20,,93,Online,3,1516,123902.68,85911.72,37990.96,2013-11-20,2013-11-20,2013-12-12,2ba68c141131a8106a4a2b00d52237fe,2013-11-20,2013-11-20,2013-12-12
2559,805077970,H,2013-11-21,,159,Online,1,9317,86927.61,64473.64,22453.97,2013-11-21,2013-11-21,2013-12-19,50c9606a398e18be043ac09ef4888244,2013-11-21,2013-11-21,2013-12-19
2560,227262771,L,2013-11-21,,52,Online,11,959,624510.39,503436.64,121073.75,2013-11-21,2013-11-21,2014-01-06,1841fe0705316b43606646e3dfcee686,2013-11-21,2013-11-21,2014-01-06
2561,844554078,C,2013-11-22,,149,Online,7,1174,241491.8,137487.14,104004.66,2013-11-22,2013-11-22,2013-12-06,40a5f89bf688e36a6f8194816ec7572a,2013-11-22,2013-11-22,2013-12-06
2562,418385398,M,2013-11-22,,69,Offline,1,8392,78297.36,58072.64,20224.72,2013-11-22,2013-11-22,2013-12-24,33b353827e50c2636956e54e7047b52a,2013-11-22,2013-11-22,2013-12-24
2563,763437211,M,2013-11-22,,183,Online,9,6891,2907243.99,2513078.79,394165.2,2013-11-22,2013-11-22,2014-01-03,76a8b279d302421ada23b2271e770467,2013-11-22,2013-11-22,2014-01-03
2564,657170665,M,2013-11-23,,16,Online,11,258,168012.18,135439.68,32572.5,2013-11-23,2013-11-23,2013-11-24,418c00a3fc90d4305c4067c6992d38ca,2013-11-23,2013-11-23,2013-11-24
2565,784021556,H,2013-11-23,,124,Offline,10,8256,3609523.2,2174052.48,1435470.72,2013-11-23,2013-11-23,2013-12-02,197e9c9dd316de22f3784b3425e3bf57,2013-11-23,2013-11-23,2013-12-02
2566,742380797,H,2013-11-23,,56,Offline,6,5830,898169.8,530121.9,368047.9,2013-11-23,2013-11-23,2013-12-16,ab3238d9a3b689f351cf2b1fd4420b50,2013-11-23,2013-11-23,2013-12-16
2567,975026166,M,2013-11-24,,113,Online,3,765,62523.45,43352.55,19170.9,2013-11-24,2013-11-24,2013-12-15,d1fd42e915b9225501ffbdc69943d45c,2013-11-24,2013-11-24,2013-12-15
2568,187196576,C,2013-11-24,,130,Offline,4,4482,489792.96,160634.88,329158.08,2013-11-24,2013-11-24,2013-12-27,e2b7b2892edbce161d300cb23814f867,2013-11-24,2013-11-24,2013-12-27
2569,411537396,C,2013-11-25,,119,Online,10,1916,837675.2,504540.28,333134.92,2013-11-25,2013-11-25,2013-12-03,8c7dbc8ba3891629a3660bafade378a0,2013-11-25,2013-11-25,2013-12-03
2570,523707807,M,2013-11-25,,32,Online,6,5633,867819.98,512208.69,355611.29,2013-11-25,2013-11-25,2013-12-16,552d6cf7034ac4a8ff120b67566963b0,2013-11-25,2013-11-25,2013-12-16
2571,299366986,M,2013-11-25,,82,Offline,8,8199,2093040.72,1307084.58,785956.14,2013-11-25,2013-11-25,2014-01-10,f96dc4c9dc892bf8a3351d3f43194c87,2013-11-25,2013-11-25,2014-01-10
2572,635878217,C,2013-11-26,,81,Online,3,9350,764175.5,529864.5,234311,2013-11-26,2013-11-26,2013-12-30,659ea44d0133d5484d442b0bab86ac4f,2013-11-26,2013-11-26,2013-12-30
2573,775008904,M,2013-11-26,,4,Online,8,1212,309399.36,193217.04,116182.32,2013-11-26,2013-11-26,2014-01-02,275ddc98e5c353b98a161f04c2e95463,2013-11-26,2013-11-26,2014-01-02
2574,469197165,C,2013-11-27,,139,Online,2,4723,224106.35,150144.17,73962.18,2013-11-27,2013-11-27,2013-12-11,95ffed0acae28a3adb1c3941379c348d,2013-11-27,2013-11-27,2013-12-11
2575,596166074,H,2013-11-27,,88,Offline,8,7644,1951360.32,1218606.48,732753.84,2013-11-27,2013-11-27,2014-01-13,6d9268a3c79c8720192c620b40947e25,2013-11-27,2013-11-27,2014-01-13
2576,990455090,M,2013-11-30,,18,Online,12,6526,4361130.02,3279576.04,1081553.98,2013-11-30,2013-11-30,2013-12-14,9752b6520524ff097a8eda18fdd0033f,2013-11-30,2013-11-30,2013-12-14
2577,555745828,L,2013-12-01,,165,Offline,10,6395,2795894,1683995.35,1111898.65,2013-12-01,2013-12-01,2013-12-10,e321ea52b68f9674bff7ed23d2f6176d,2013-12-01,2013-12-01,2013-12-10
2578,958929479,C,2013-12-01,,117,Offline,12,7397,4943193.19,3717288.38,1225904.81,2013-12-01,2013-12-01,2013-12-26,fed8ba2d4a66f4692a0581790e74f35d,2013-12-01,2013-12-01,2013-12-26
2579,713532245,L,2013-12-02,,89,Online,7,8902,1831141.4,1042513.22,788628.18,2013-12-02,2013-12-02,2014-01-03,4e8da621e4336697f074dce0b40f9290,2013-12-02,2013-12-02,2014-01-03
2580,162677323,L,2013-12-02,,159,Offline,3,8690,710233.7,492462.3,217771.4,2013-12-02,2013-12-02,2014-01-11,c8396dd85868d08e8ef2766e2bcfe574,2013-12-02,2013-12-02,2014-01-11
2581,588609969,C,2013-12-03,,150,Offline,12,1625,1085938.75,816627.5,269311.25,2013-12-03,2013-12-03,2013-12-26,e345eebe2787c60a208714b0b352c33f,2013-12-03,2013-12-03,2013-12-26
2582,975184524,H,2013-12-03,,95,Offline,6,7626,1174861.56,693432.18,481429.38,2013-12-03,2013-12-03,2014-01-17,905057b93e54a1234b966f72486d0cb5,2013-12-03,2013-12-03,2014-01-17
2583,334908187,L,2013-12-04,,168,Offline,1,5630,52527.9,38959.6,13568.3,2013-12-04,2013-12-04,2013-12-11,c96a67ae27c202a5eb14f7c0117464b4,2013-12-04,2013-12-04,2013-12-11
2584,673702085,H,2013-12-04,,59,Online,10,2273,993755.6,598549.09,395206.51,2013-12-04,2013-12-04,2013-12-24,c63a975eafae36c9e822d361a8042929,2013-12-04,2013-12-04,2013-12-24
2585,282916247,H,2013-12-04,,161,Offline,2,59,2799.55,1875.61,923.94,2013-12-04,2013-12-04,2013-12-29,b82d9e1fe295493e1e5d88469bf42cff,2013-12-04,2013-12-04,2013-12-29
2586,486318671,L,2013-12-05,,41,Offline,9,1357,572504.73,494884.33,77620.4,2013-12-05,2013-12-05,2013-12-11,39443dd06557a3415ad19a97be9cc9e3,2013-12-05,2013-12-05,2013-12-11
2587,660832202,M,2013-12-06,,60,Online,3,3789,309674.97,214722.63,94952.34,2013-12-06,2013-12-06,2014-01-24,b1cbfdcc28cefbd88f167ce716897fa7,2013-12-06,2013-12-06,2014-01-24
2588,421456849,M,2013-12-07,,127,Online,9,7302,3080640.78,2662966.38,417674.4,2013-12-07,2013-12-07,2013-12-10,4bb5a25675892a648c3eee8c546528fe,2013-12-07,2013-12-07,2013-12-10
2589,853883445,H,2013-12-07,,39,Online,12,1941,1297112.07,975430.14,321681.93,2013-12-07,2013-12-07,2014-01-10,c99e9cb8b648cfe320a4b3d6ca0512f9,2013-12-07,2013-12-07,2014-01-10
2590,874349772,M,2013-12-08,,43,Online,2,8383,397773.35,266495.57,131277.78,2013-12-08,2013-12-08,2014-01-04,a7908faa8abb5b0f69434878d156f234,2013-12-08,2013-12-08,2014-01-04
2591,955466639,C,2013-12-08,,160,Online,3,2666,217892.18,151082.22,66809.96,2013-12-08,2013-12-08,2014-01-27,aaa95eecd369ba6d17e49d80684ebaea,2013-12-08,2013-12-08,2014-01-27
2592,171612298,H,2013-12-09,,131,Offline,12,2747,1835737.69,1380477.38,455260.31,2013-12-09,2013-12-09,2014-01-14,3f87b2c969a895eeee7bc47681cfec92,2013-12-09,2013-12-09,2014-01-14
2593,639185702,H,2013-12-10,,3,Offline,3,8108,662666.84,459480.36,203186.48,2013-12-10,2013-12-10,2013-12-15,521d4e5afdc1ef0980dbca22526a18ad,2013-12-10,2013-12-10,2013-12-15
2594,979200112,C,2013-12-14,,167,Online,9,5928,2500963.92,2161882.32,339081.6,2013-12-14,2013-12-14,2013-12-30,ff2b37fb0cb7bfd1df80a1a569f0af87,2013-12-14,2013-12-14,2013-12-30
2595,962591016,C,2013-12-14,,162,Offline,4,927,101302.56,33223.68,68078.88,2013-12-14,2013-12-14,2014-01-05,9dee742328ea28f2a9c44916f87b3ec6,2013-12-14,2013-12-14,2014-01-05
2596,974988830,H,2013-12-14,,16,Online,2,9716,461024.2,308871.64,152152.56,2013-12-14,2013-12-14,2014-01-26,7092b6a833e9403efbd1bf1733030c7e,2013-12-14,2013-12-14,2014-01-26
2597,257806909,C,2013-12-15,,99,Online,5,9648,1472091.84,940101.12,531990.72,2013-12-15,2013-12-15,2013-12-21,b827786f525b1377f0c7c3e213b7694f,2013-12-15,2013-12-15,2013-12-21
2598,812637078,M,2013-12-15,,45,Offline,1,6225,58079.25,43077,15002.25,2013-12-15,2013-12-15,2014-01-05,6e2fa3b2f154c01b5070019ac168aa0c,2013-12-15,2013-12-15,2014-01-05
2599,727426946,L,2013-12-15,,34,Offline,6,653,100601.18,59377.29,41223.89,2013-12-15,2013-12-15,2014-02-03,9a692215fc84a65c498bd67ec57f0e24,2013-12-15,2013-12-15,2014-02-03
2600,631511580,M,2013-12-17,,17,Online,5,7165,1093235.7,698157.6,395078.1,2013-12-17,2013-12-17,2013-12-23,5ababd8cb74894c6762eaa5386141b6c,2013-12-17,2013-12-17,2013-12-23
2601,512965238,C,2013-12-17,,70,Online,8,6668,1702207.04,1063012.56,639194.48,2013-12-17,2013-12-17,2014-01-07,d231e17ff43447b7b5697766798ae0ef,2013-12-17,2013-12-17,2014-01-07
2602,363365352,H,2013-12-17,,173,Offline,12,6737,4502134.99,3385611.98,1116523.01,2013-12-17,2013-12-17,2014-02-01,a55edc45231f8ec03885f38ac3e226a6,2013-12-17,2013-12-17,2014-02-01
2603,552205312,H,2013-12-18,,181,Online,7,8678,1785064.6,1016280.58,768784.02,2013-12-18,2013-12-18,2013-12-25,93b6fc508a5ee1cef4b8baad2ce2fc27,2013-12-18,2013-12-18,2013-12-25
2604,132294547,H,2013-12-18,,31,Offline,9,7751,3270069.39,2826712.19,443357.2,2013-12-18,2013-12-18,2014-01-10,77c408b8fff852ca918bbe631cff50e9,2013-12-18,2013-12-18,2014-01-10
2605,581330239,H,2013-12-18,,48,Online,11,7391,4813093.11,3879979.36,933113.75,2013-12-18,2013-12-18,2014-02-05,0aa2c768abc8fe2f6047ce6fce02b5a1,2013-12-18,2013-12-18,2014-02-05
2606,236042392,H,2013-12-19,,88,Offline,11,9044,5889543.24,4747738.24,1141805,2013-12-19,2013-12-19,2014-01-26,59f1c6bb81f6b367337151e844c125cd,2013-12-19,2013-12-19,2014-01-26
2607,957081544,M,2013-12-20,,70,Online,8,552,140914.56,87999.84,52914.72,2013-12-20,2013-12-20,2014-01-11,389b14fcadd3a909e3d5869fb4a51c72,2013-12-20,2013-12-20,2014-01-11
2608,169133937,H,2013-12-21,,48,Online,5,9345,1425860.1,910576.8,515283.3,2013-12-21,2013-12-21,2013-12-31,379a75c83c24a835ce4dbd7437b163ea,2013-12-21,2013-12-21,2013-12-31
2609,711566293,M,2013-12-22,,15,Offline,10,7133,3118547.6,1878332.89,1240214.71,2013-12-22,2013-12-22,2013-12-26,efd8d5b82a65c6eb166821a58b54ef66,2013-12-22,2013-12-22,2013-12-26
2610,181413733,C,2013-12-22,,60,Online,12,3210,2145146.7,1613153.4,531993.3,2013-12-22,2013-12-22,2013-12-27,745b523ce45334ce565f29dbd1688d9c,2013-12-22,2013-12-22,2013-12-27
2611,898477637,M,2013-12-22,,173,Offline,6,8354,1287017.24,759629.22,527388.02,2013-12-22,2013-12-22,2014-01-07,d4631c87fd5fbe6288269fd1b2e17c41,2013-12-22,2013-12-22,2014-01-07
2612,607582414,M,2013-12-22,,131,Offline,9,5993,2528386.77,2185587.17,342799.6,2013-12-22,2013-12-22,2014-01-30,5330f967e4053b9af5f8c75c2f65d8af,2013-12-22,2013-12-22,2014-01-30
2613,551261174,M,2013-12-23,,65,Online,10,9287,4060276.4,2445545.71,1614730.69,2013-12-23,2013-12-23,2013-12-30,ada51295f29ac988f60c6b030fd2f624,2013-12-23,2013-12-23,2013-12-30
2614,387098824,H,2013-12-23,,169,Offline,3,9999,817218.27,566643.33,250574.94,2013-12-23,2013-12-23,2014-01-04,468b9c5780a3a6fcc49824ac9e6f3990,2013-12-23,2013-12-23,2014-01-04
2615,952280175,M,2013-12-23,,152,Offline,3,9720,794415.6,550832.4,243583.2,2013-12-23,2013-12-23,2014-01-15,2b1e051363297d5e4bd545fa6c9ea0e3,2013-12-23,2013-12-23,2014-01-15
2616,104390132,L,2013-12-23,,131,Online,1,215,2005.95,1487.8,518.15,2013-12-23,2013-12-23,2014-01-23,a43ea856593fc87dd094bd362b1f1984,2013-12-23,2013-12-23,2014-01-23
2617,663549602,M,2013-12-23,,72,Online,12,7927,5297376.29,3983634.58,1313741.71,2013-12-23,2013-12-23,2014-02-06,80473f10752d67b6beecdbf7ebe095ae,2013-12-23,2013-12-23,2014-02-06
2618,195268094,L,2013-12-26,,8,Online,3,3023,247069.79,171313.41,75756.38,2013-12-26,2013-12-26,2014-01-21,2d5ca89dbe7e9d565fbe786f93f806ab,2013-12-26,2013-12-26,2014-01-21
2619,141111505,C,2013-12-26,,150,Offline,1,6885,64237.05,47644.2,16592.85,2013-12-26,2013-12-26,2014-02-08,2f08ca93d7f587d564d4714fd6490beb,2013-12-26,2013-12-26,2014-02-08
2620,860104024,M,2013-12-27,,134,Offline,10,2749,1201862.8,723894.17,477968.63,2013-12-27,2013-12-27,2013-12-30,daa2db45920fcc56608463bc6dd3cc26,2013-12-27,2013-12-27,2013-12-30
2621,544177138,L,2013-12-27,,103,Online,1,2963,27644.79,20503.96,7140.83,2013-12-27,2013-12-27,2014-01-30,ef943001c848760dcdd826fda5af9503,2013-12-27,2013-12-27,2014-01-30
2622,500607764,L,2013-12-27,,148,Offline,10,9817,4291992.4,2585110.61,1706881.79,2013-12-27,2013-12-27,2014-02-14,f7a91ff4a707bfd05ef72938664c323e,2013-12-27,2013-12-27,2014-02-14
2623,866125905,L,2013-12-28,,71,Online,12,4757,3178960.39,2390582.78,788377.61,2013-12-28,2013-12-28,2013-12-29,9b2d8ec09ef409a34c51481e4884c83c,2013-12-28,2013-12-28,2013-12-29
2624,329951465,C,2013-12-28,,8,Online,12,8825,5897482.75,4434915.5,1462567.25,2013-12-28,2013-12-28,2014-01-02,dde3b1fe8c3c9bb7940114dcdf90a72b,2013-12-28,2013-12-28,2014-01-02
2625,751790845,C,2013-12-28,,81,Online,9,472,199132.08,172133.68,26998.4,2013-12-28,2013-12-28,2014-02-06,de27389b3565c829437414b28963097f,2013-12-28,2013-12-28,2014-02-06
2626,793195569,L,2013-12-29,,20,Offline,3,3050,249276.5,172843.5,76433,2013-12-29,2013-12-29,2014-01-24,ab1b36e760ae14c2cfa18fa353f3183f,2013-12-29,2013-12-29,2014-01-24
2627,691140305,L,2013-12-30,,107,Offline,10,2630,1149836,692557.9,457278.1,2013-12-30,2013-12-30,2014-01-08,96ea49785374f0d24e24f2117b3a747a,2013-12-30,2013-12-30,2014-01-08
2628,940512788,M,2013-12-30,,152,Offline,3,7489,612075.97,424401.63,187674.34,2013-12-30,2013-12-30,2014-01-25,ab6949ebca81fed57ab975872b5152c4,2013-12-30,2013-12-30,2014-01-25
2629,104548490,M,2014-01-01,,33,Online,8,7076,1806361.28,1128055.92,678305.36,2014-01-01,2014-01-01,2014-01-05,7920865d91b450e054a4117ea06a6bb6,2014-01-01,2014-01-01,2014-01-05
2630,661543309,H,2014-01-01,,27,Offline,11,4221,2748757.41,2215856.16,532901.25,2014-01-01,2014-01-01,2014-01-20,637a1710a0323e1cb30a65469aa791f2,2014-01-01,2014-01-01,2014-01-20
2631,759151256,H,2014-01-02,,56,Offline,11,8581,5588033.01,4504681.76,1083351.25,2014-01-02,2014-01-02,2014-01-13,58306294647fd0cded8be5182fac57ec,2014-01-02,2014-01-02,2014-01-13
2632,561534678,L,2014-01-02,,43,Online,3,9445,771939.85,535248.15,236691.7,2014-01-02,2014-01-02,2014-01-29,ad7fe64b112beb1736819910b68857d7,2014-01-02,2014-01-02,2014-01-29
2633,665518558,L,2014-01-02,,179,Online,1,585,5458.05,4048.2,1409.85,2014-01-02,2014-01-02,2014-02-14,ac70bfc4ed0926547c5e7011e96a8083,2014-01-02,2014-01-02,2014-02-14
2634,123086202,M,2014-01-02,,164,Offline,8,2797,714018.16,445897.74,268120.42,2014-01-02,2014-01-02,2014-02-20,123a102dd418f5b36eb5c7185cabc0f0,2014-01-02,2014-01-02,2014-02-20
2635,128990066,H,2014-01-03,,76,Online,10,9882,4320410.4,2602227.06,1718183.34,2014-01-03,2014-01-03,2014-01-24,4fabe96fee56cf395c431c975f560215,2014-01-03,2014-01-03,2014-01-24
2636,633992946,H,2014-01-04,,5,Offline,1,1456,13584.48,10075.52,3508.96,2014-01-04,2014-01-04,2014-01-06,75d8386029f80791c391ba44d916406a,2014-01-04,2014-01-04,2014-01-06
2637,706805264,L,2014-01-04,,122,Online,8,8239,2103251.92,1313461.38,789790.54,2014-01-04,2014-01-04,2014-01-07,bd10c831eec8183f498a7c5e91b40ba1,2014-01-04,2014-01-04,2014-01-07
2638,444798934,M,2014-01-04,,28,Online,12,4744,3170272.88,2384049.76,786223.12,2014-01-04,2014-01-04,2014-01-20,7e2b3410aa112812a51457eb6dbbcf84,2014-01-04,2014-01-04,2014-01-20
2639,288941133,M,2014-01-04,,60,Offline,7,2957,608254.9,346294.27,261960.63,2014-01-04,2014-01-04,2014-02-16,f22f69046a13ea6fa64f62ac731a94b9,2014-01-04,2014-01-04,2014-02-16
2640,571531808,M,2014-01-04,,80,Offline,8,7818,1995779.04,1246345.56,749433.48,2014-01-04,2014-01-04,2014-02-22,9d5f10e4d500147ac2a399ecb98ae273,2014-01-04,2014-01-04,2014-02-22
2641,594280803,M,2014-01-05,,177,Offline,12,9751,6516300.77,4900267.54,1616033.23,2014-01-05,2014-01-05,2014-01-21,8a5460e2e0807470b78038e436b4dd6c,2014-01-05,2014-01-05,2014-01-21
2642,702357947,L,2014-01-05,,138,Offline,3,2179,178089.67,123483.93,54605.74,2014-01-05,2014-01-05,2014-02-04,62efac9f7b26e433a50e1b1d14be4baa,2014-01-05,2014-01-05,2014-02-04
2643,619194447,L,2014-01-05,,102,Online,6,2252,346943.12,204774.36,142168.76,2014-01-05,2014-01-05,2014-02-07,dcecf2c9f89a4d3190bb7ef99b0ef0b9,2014-01-05,2014-01-05,2014-02-07
2644,351166236,C,2014-01-05,,71,Offline,9,6748,2846913.72,2460928.12,385985.6,2014-01-05,2014-01-05,2014-02-21,7f66c5634405f9720717010909ae291f,2014-01-05,2014-01-05,2014-02-21
2645,460935962,H,2014-01-06,,62,Online,8,49,12508.72,7811.58,4697.14,2014-01-06,2014-01-06,2014-01-16,012d3b7dc0c470717da232329f44afef,2014-01-06,2014-01-06,2014-01-16
2646,768676316,L,2014-01-06,,5,Offline,6,7259,1118321.54,660060.87,458260.67,2014-01-06,2014-01-06,2014-02-08,8c8a65beaeab91456d443dee10460dda,2014-01-06,2014-01-06,2014-02-08
2647,716566359,M,2014-01-07,,82,Online,12,6764,4520178.28,3399180.56,1120997.72,2014-01-07,2014-01-07,2014-02-01,80c1173b8d5f689ab4ac3403b6e918c5,2014-01-07,2014-01-07,2014-02-01
2648,689370048,M,2014-01-07,,60,Offline,3,8771,716853.83,497052.57,219801.26,2014-01-07,2014-01-07,2014-02-10,fcfdb2461d4de3d5e78b7316e4abe7ce,2014-01-07,2014-01-07,2014-02-10
2649,464911210,L,2014-01-07,,23,Offline,5,6413,978495.54,624882.72,353612.82,2014-01-07,2014-01-07,2014-02-10,2e2d6beae03bd5357a0d783e1d9e3f2f,2014-01-07,2014-01-07,2014-02-10
2650,867976844,M,2014-01-08,,41,Online,2,2491,118197.95,79188.89,39009.06,2014-01-08,2014-01-08,2014-02-01,4c96c670d5d6b07b5883f3be2fceb3c2,2014-01-08,2014-01-08,2014-02-01
2651,714165675,C,2014-01-08,,172,Offline,2,6348,301212.6,201802.92,99409.68,2014-01-08,2014-01-08,2014-02-02,937e1e934fbdc317cd11933a5276f31c,2014-01-08,2014-01-08,2014-02-02
2652,593336665,M,2014-01-09,,21,Offline,4,359,39231.52,12866.56,26364.96,2014-01-09,2014-01-09,2014-01-24,07550dcba4cda65c488ae5b8645cbe9f,2014-01-09,2014-01-09,2014-01-24
2653,732703387,H,2014-01-09,,90,Online,2,2069,98174.05,65773.51,32400.54,2014-01-09,2014-01-09,2014-01-28,6048a2843d472024cf57ee9901e119cd,2014-01-09,2014-01-09,2014-01-28
2654,651704537,H,2014-01-09,,103,Online,12,2710,1811011.7,1361883.4,449128.3,2014-01-09,2014-01-09,2014-01-30,e12efbd58d3ead3b943636b52047a5ff,2014-01-09,2014-01-09,2014-01-30
2655,104706847,H,2014-01-10,,181,Online,12,3938,2631647.26,1979002.52,652644.74,2014-01-10,2014-01-10,2014-02-07,2cca0cab525a789ba4f9501ac19c9dbf,2014-01-10,2014-01-10,2014-02-07
2656,279338395,L,2014-01-10,,153,Online,7,1293,265970.1,151423.23,114546.87,2014-01-10,2014-01-10,2014-02-24,6c9814b9d6a816ff35a7fad9e5259ddc,2014-01-10,2014-01-10,2014-02-24
2657,906508815,H,2014-01-13,,144,Online,4,4958,541810.24,177694.72,364115.52,2014-01-13,2014-01-13,2014-01-23,76ef01830a360c94c346adf99fd31fef,2014-01-13,2014-01-13,2014-01-23
2658,605026376,H,2014-01-13,,76,Offline,12,9604,6418065.08,4826394.16,1591670.92,2014-01-13,2014-01-13,2014-02-18,b14ed92e3583719dd33b0fa0a32c25d3,2014-01-13,2014-01-13,2014-02-18
2659,634033286,M,2014-01-14,,108,Offline,3,3394,277391.62,192337.98,85053.64,2014-01-14,2014-01-14,2014-01-15,65bc2a593f97e32f927bce33fc29e9a0,2014-01-14,2014-01-14,2014-01-15
2660,887263000,M,2014-01-15,,133,Online,9,9693,4089379.77,3534940.17,554439.6,2014-01-15,2014-01-15,2014-01-31,8e0f9124f9a9f2e718bf5bd2b6accfe7,2014-01-15,2014-01-15,2014-01-31
2661,172245728,M,2014-01-15,,17,Online,11,194,126334.74,101842.24,24492.5,2014-01-15,2014-01-15,2014-02-14,96aa939f78656234d8aba3cc297c0951,2014-01-15,2014-01-15,2014-02-14
2662,766788041,L,2014-01-15,,1,Offline,11,8476,5519655.96,4449560.96,1070095,2014-01-15,2014-01-15,2014-02-16,3b18e867c2e9629a68e8ad915f5e65e9,2014-01-15,2014-01-15,2014-02-16
2663,298978602,M,2014-01-16,,147,Offline,4,3267,357017.76,117089.28,239928.48,2014-01-16,2014-01-16,2014-01-28,3fb3f8e5b7afbacc64f6d9c47c032633,2014-01-16,2014-01-16,2014-01-28
2664,889309632,C,2014-01-16,,159,Online,10,5337,2333336.4,1405392.21,927944.19,2014-01-16,2014-01-16,2014-02-26,7e5a294f69eddd7847b9b2b00b55ef8c,2014-01-16,2014-01-16,2014-02-26
2666,990774810,C,2014-01-17,,101,Offline,12,1138,760491.26,571890.52,188600.74,2014-01-17,2014-01-17,2014-02-18,2a107ec8771ee39698777ae734dce4a0,2014-01-17,2014-01-17,2014-02-18
2667,801816833,M,2014-01-17,,95,Online,2,4274,202801.3,135870.46,66930.84,2014-01-17,2014-01-17,2014-03-03,0fcc0094e0f43ac898329cf939014db7,2014-01-17,2014-01-17,2014-03-03
2668,454010283,H,2014-01-20,,68,Online,5,587,89564.46,57197.28,32367.18,2014-01-20,2014-01-20,2014-01-30,c5edb50aeeea568176b1a756675efe39,2014-01-20,2014-01-20,2014-01-30
2669,622383916,H,2014-01-20,,41,Offline,8,6086,1553634.08,970230.12,583403.96,2014-01-20,2014-01-20,2014-02-18,1e42b374ad2f23d39458fe8bef6140dd,2014-01-20,2014-01-20,2014-02-18
2670,302245748,M,2014-01-20,,95,Online,11,88,57306.48,46196.48,11110,2014-01-20,2014-01-20,2014-02-25,469c0d9e937d3903ca6a9beea0b4b887,2014-01-20,2014-01-20,2014-02-25
2671,724085128,M,2014-01-21,,75,Offline,1,1735,16187.55,12006.2,4181.35,2014-01-21,2014-01-21,2014-02-10,c1d5ea60cc4460da989ae54573c84d05,2014-01-21,2014-01-21,2014-02-10
2672,734318292,M,2014-01-21,,28,Online,11,9956,6483446.76,5226501.76,1256945,2014-01-21,2014-01-21,2014-03-04,58888d57405cc708f62d3197d3ceab5c,2014-01-21,2014-01-21,2014-03-04
2673,388794410,H,2014-01-24,,162,Online,4,1761,192442.08,63114.24,129327.84,2014-01-24,2014-01-24,2014-02-24,494f87f0562326293569c0435acb6134,2014-01-24,2014-01-24,2014-02-24
2674,294689643,H,2014-01-26,,55,Online,7,4069,836993.3,476520.59,360472.71,2014-01-26,2014-01-26,2014-02-07,9deda2a2a9dff56f4931f5772643d3b8,2014-01-26,2014-01-26,2014-02-07
2675,945435178,C,2014-01-26,,8,Online,7,4134,850363.8,484132.74,366231.06,2014-01-26,2014-01-26,2014-02-15,ea63d3a9b2bbefe9752c90ae3959bfeb,2014-01-26,2014-01-26,2014-02-15
2676,442360913,C,2014-01-26,,70,Online,1,3279,30593.07,22690.68,7902.39,2014-01-26,2014-01-26,2014-03-05,7f9bb155293eb596c6859029954daf73,2014-01-26,2014-01-26,2014-03-05
2677,359197413,L,2014-01-26,,75,Online,8,3352,855698.56,534375.84,321322.72,2014-01-26,2014-01-26,2014-03-08,9913ee94182044a2462a40fb3157b95b,2014-01-26,2014-01-26,2014-03-08
2678,205386245,H,2014-01-26,,173,Offline,8,7209,1840313.52,1149258.78,691054.74,2014-01-26,2014-01-26,2014-03-09,b2d65c2916763e8866975eac12775498,2014-01-26,2014-01-26,2014-03-09
2679,352939498,H,2014-01-26,,119,Offline,4,1495,163373.6,53580.8,109792.8,2014-01-26,2014-01-26,2014-03-10,2751720fa85a8b0ec2bfbf27abac4ea0,2014-01-26,2014-01-26,2014-03-10
2680,716411006,L,2014-01-27,,139,Online,3,792,64730.16,44882.64,19847.52,2014-01-27,2014-01-27,2014-02-17,7a31354276d24fb9e8533d33c6c841e9,2014-01-27,2014-01-27,2014-02-17
2681,115846812,C,2014-01-27,,121,Online,7,501,103055.7,58672.11,44383.59,2014-01-27,2014-01-27,2014-02-18,7b08c560fe2842c97d464c586e597b50,2014-01-27,2014-01-27,2014-02-18
2682,608451879,C,2014-01-27,,127,Online,8,3287,839105.36,524013.54,315091.82,2014-01-27,2014-01-27,2014-03-01,8dafb83bdc55e89f1f5f0c4dd52973b3,2014-01-27,2014-01-27,2014-03-01
2683,155086886,M,2014-01-28,,45,Offline,10,2511,1097809.2,661221.63,436587.57,2014-01-28,2014-01-28,2014-02-05,32f814dacb9273bf10bd7c0ca51dd89a,2014-01-28,2014-01-28,2014-02-05
2684,545636689,H,2014-01-29,,72,Offline,12,4876,3258484.52,2450385.04,808099.48,2014-01-29,2014-01-29,2014-02-01,baf527f9e8ba96252d2eaf8922a4d364,2014-01-29,2014-01-29,2014-02-01
2685,238132369,C,2014-01-29,,157,Online,7,7515,1545835.5,880081.65,665753.85,2014-01-29,2014-01-29,2014-03-01,2d92df655f235918ed3280d0cbb4589a,2014-01-29,2014-01-29,2014-03-01
2686,462591207,L,2014-01-29,,15,Offline,5,9873,1506422.34,962025.12,544397.22,2014-01-29,2014-01-29,2014-03-01,cf7f0a43b5008b3206dcd4806d337209,2014-01-29,2014-01-29,2014-03-01
2687,973733985,L,2014-01-29,,68,Offline,4,8380,915766.4,300339.2,615427.2,2014-01-29,2014-01-29,2014-03-06,96eb056f1cb3e72160dfbc1d05760e12,2014-01-29,2014-01-29,2014-03-06
2688,944609057,L,2014-01-30,,28,Online,9,9666,4077988.74,3525093.54,552895.2,2014-01-30,2014-01-30,2014-03-16,86b82c6d670593c9542fc77c6d1878e9,2014-01-30,2014-01-30,2014-03-16
2689,967122018,M,2014-01-31,,132,Online,11,1752,1140919.92,919729.92,221190,2014-01-31,2014-01-31,2014-02-12,ed76129ed78672d13292adfd2a00d1ff,2014-01-31,2014-01-31,2014-02-12
2690,422288978,L,2014-02-02,,116,Online,11,3548,2310493.08,1862558.08,447935,2014-02-02,2014-02-02,2014-02-21,343722fbdec7e6d611c2cfe56fd07713,2014-02-02,2014-02-02,2014-02-21
2691,688270556,L,2014-02-02,,15,Offline,3,3407,278454.11,193074.69,85379.42,2014-02-02,2014-02-02,2014-03-04,b442febb4c31d83a238b8d803a1a8dd8,2014-02-02,2014-02-02,2014-03-04
2692,636278617,H,2014-02-02,,23,Online,1,7837,73119.21,54232.04,18887.17,2014-02-02,2014-02-02,2014-03-22,86bef5b36bce26fcb9de8b76b769f82e,2014-02-02,2014-02-02,2014-03-22
2693,683941256,H,2014-02-03,,9,Offline,3,2271,185608.83,128697.57,56911.26,2014-02-03,2014-02-03,2014-03-06,5752a0d6532a719f58d981e1a72770de,2014-02-03,2014-02-03,2014-03-06
2694,496321809,L,2014-02-05,,40,Online,10,1507,658860.4,396838.31,262022.09,2014-02-05,2014-02-05,2014-02-23,659f84a6eaf6c5fb2c421f540340d7cf,2014-02-05,2014-02-05,2014-02-23
2695,968106496,M,2014-02-06,,174,Online,12,3080,2058271.6,1547823.2,510448.4,2014-02-06,2014-02-06,2014-02-17,a64c912bbf1a2e05a744f91187f04922,2014-02-06,2014-02-06,2014-02-17
2696,246831309,H,2014-02-06,,65,Online,11,1724,1122686.04,905031.04,217655,2014-02-06,2014-02-06,2014-03-05,6be24e1e5995ecf77ea5b2bb1ffe7539,2014-02-06,2014-02-06,2014-03-05
2697,907691991,M,2014-02-06,,90,Offline,7,5086,1046190.2,595621.46,450568.74,2014-02-06,2014-02-06,2014-03-09,74b9925cff7cff62b9d5d8ba679755d4,2014-02-06,2014-02-06,2014-03-09
2698,352743804,H,2014-02-06,,158,Online,6,3585,552305.1,325984.05,226321.05,2014-02-06,2014-02-06,2014-03-19,2f82901c5ba8cfa5066bc84de4b34e18,2014-02-06,2014-02-06,2014-03-19
2699,695630967,C,2014-02-07,,103,Online,9,1516,639585.24,552870.04,86715.2,2014-02-07,2014-02-07,2014-02-08,cd2c4efcda8109ed1488ca1497a95a4a,2014-02-07,2014-02-07,2014-02-08
2700,984479558,M,2014-02-07,,19,Online,4,8233,899702.24,295070.72,604631.52,2014-02-07,2014-02-07,2014-02-12,0db506a1a791db80467a863f87cac15d,2014-02-07,2014-02-07,2014-02-12
2701,662294757,H,2014-02-07,,96,Online,3,6591,538682.43,373511.97,165170.46,2014-02-07,2014-02-07,2014-03-17,3487ac6ff2750e5b0b3032415faa24ed,2014-02-07,2014-02-07,2014-03-17
2702,142375361,L,2014-02-08,,4,Online,1,888,8285.04,6144.96,2140.08,2014-02-08,2014-02-08,2014-02-19,b47569e6912a36d01c034db54fc9feb1,2014-02-08,2014-02-08,2014-02-19
2703,971845710,C,2014-02-08,,16,Online,5,9597,1464310.26,935131.68,529178.58,2014-02-08,2014-02-08,2014-03-15,8d7a97082a7c17c1d26aaeb5ea473a1a,2014-02-08,2014-02-08,2014-03-15
2704,661940705,H,2014-02-09,,48,Offline,9,1819,767417.91,663371.11,104046.8,2014-02-09,2014-02-09,2014-02-21,00442392e3b629ed35a51dbd39d9de06,2014-02-09,2014-02-09,2014-02-21
2705,202435815,C,2014-02-09,,136,Online,4,4111,449250.08,147338.24,301911.84,2014-02-09,2014-02-09,2014-02-24,8c3dd4e46d37267fd9e64dec66f6a4d4,2014-02-09,2014-02-09,2014-02-24
2706,200507199,C,2014-02-09,,54,Offline,11,3391,2208253.11,1780139.36,428113.75,2014-02-09,2014-02-09,2014-02-25,e9ca6db4b7b3784c14a579773c6b5ac6,2014-02-09,2014-02-09,2014-02-25
2707,129623496,M,2014-02-10,,15,Online,8,7328,1870691.84,1168229.76,702462.08,2014-02-10,2014-02-10,2014-02-25,e6e20d9605902889624ac7efc4a52a92,2014-02-10,2014-02-10,2014-02-25
2708,655328738,C,2014-02-10,,172,Offline,7,5191,1067788.7,607918.01,459870.69,2014-02-10,2014-02-10,2014-03-22,8e38fa3f8e8ba6fd826cb898dfb281cf,2014-02-10,2014-02-10,2014-03-22
2709,266589534,M,2014-02-11,,42,Online,11,8622,5614732.62,4526205.12,1088527.5,2014-02-11,2014-02-11,2014-03-02,721a7fc8e96724f7d55f615d46cc86c0,2014-02-11,2014-02-11,2014-03-02
2710,364315497,H,2014-02-11,,83,Offline,5,7906,1206297.48,770360.64,435936.84,2014-02-11,2014-02-11,2014-03-20,2a7ca5f1a70332c9ed74dde93a9c0c58,2014-02-11,2014-02-11,2014-03-20
2711,605029380,H,2014-02-12,,147,Offline,1,493,4599.69,3411.56,1188.13,2014-02-12,2014-02-12,2014-02-18,ec26785e11680bc88f9dab0a31b71af7,2014-02-12,2014-02-12,2014-02-18
2712,767145097,L,2014-02-12,,170,Online,10,4137,1808696.4,1089396.21,719300.19,2014-02-12,2014-02-12,2014-03-11,2cf08ce9ba85653ec2f99822da9c83b5,2014-02-12,2014-02-12,2014-03-11
2713,264306867,L,2014-02-12,,15,Online,7,3130,643841,366554.3,277286.7,2014-02-12,2014-02-12,2014-03-29,287ab417f59a06c13d8b0378b305c710,2014-02-12,2014-02-12,2014-03-29
2714,904229152,M,2014-02-13,,126,Online,8,355,90624.4,56594.1,34030.3,2014-02-13,2014-02-13,2014-02-19,308ba09d3f36ed07fd8f11fe4648e8db,2014-02-13,2014-02-13,2014-02-19
2716,498408782,M,2014-02-15,,56,Offline,10,9089,3973710.8,2393406.37,1580304.43,2014-02-15,2014-02-15,2014-03-28,6c9da3692bb2cf968f0030e6742bc844,2014-02-15,2014-02-15,2014-03-28
2717,838895261,L,2014-02-17,,127,Offline,3,6605,539826.65,374305.35,165521.3,2014-02-17,2014-02-17,2014-02-19,dac7501b0df8d07c0fb578047679deec,2014-02-17,2014-02-17,2014-02-19
2718,101010978,H,2014-02-17,,149,Online,9,248,104628.72,90443.12,14185.6,2014-02-17,2014-02-17,2014-03-12,bb8bf5c842b3075ff339f9386add0f25,2014-02-17,2014-02-17,2014-03-12
2719,308860719,L,2014-02-17,,83,Offline,9,7605,3208473.45,2773467.45,435006,2014-02-17,2014-02-17,2014-03-18,78796f9a0bed857bf3310e422f21132f,2014-02-17,2014-02-17,2014-03-18
2720,529226291,H,2014-02-17,,78,Offline,2,8675,411628.75,275778.25,135850.5,2014-02-17,2014-02-17,2014-03-20,a2ca339caab9817882bde72f2b800d04,2014-02-17,2014-02-17,2014-03-20
2721,738886630,H,2014-02-18,,19,Online,5,1828,278916.24,178120.32,100795.92,2014-02-18,2014-02-18,2014-02-28,eb51f100b3522cefe82f0331302d0e31,2014-02-18,2014-02-18,2014-02-28
2722,553903901,H,2014-02-18,,161,Offline,2,1328,63013.6,42217.12,20796.48,2014-02-18,2014-02-18,2014-04-06,ef33d8e772f3ba25fee728e077717dea,2014-02-18,2014-02-18,2014-04-06
2723,445708739,H,2014-02-19,,66,Online,3,3975,324876.75,225263.25,99613.5,2014-02-19,2014-02-19,2014-02-27,da741f00ab60fb76d7c0ddf406c8ba81,2014-02-19,2014-02-19,2014-02-27
2724,429099643,H,2014-02-19,,162,Offline,5,8975,1369405.5,874524,494881.5,2014-02-19,2014-02-19,2014-03-04,aa7cb351f88916d81b4eb10a13821ec9,2014-02-19,2014-02-19,2014-03-04
2725,343889510,M,2014-02-19,,155,Online,2,3403,161472.35,108181.37,53290.98,2014-02-19,2014-02-19,2014-04-02,53319d19b6c7be6a6993fdbf27c5f426,2014-02-19,2014-02-19,2014-04-02
2726,630219399,L,2014-02-21,,30,Offline,8,4780,1220238.4,762027.6,458210.8,2014-02-21,2014-02-21,2014-03-14,80acab7f3e1168b4fe94a7b791f6d0a0,2014-02-21,2014-02-21,2014-03-14
2727,632148015,L,2014-02-22,,166,Offline,1,5500,51315,38060,13255,2014-02-22,2014-02-22,2014-03-14,3b2c17b002e3f26d42954e0d37de72bb,2014-02-22,2014-02-22,2014-03-14
2728,432602822,H,2014-02-22,,50,Online,10,5643,2467119.6,1485971.19,981148.41,2014-02-22,2014-02-22,2014-03-31,141e15e122e7d9cb5301baca32bd1af6,2014-02-22,2014-02-22,2014-03-31
2729,881402480,C,2014-02-23,,121,Online,6,5435,837316.1,494204.55,343111.55,2014-02-23,2014-02-23,2014-03-07,07c372df0a91cdbdef389267a7cc4793,2014-02-23,2014-02-23,2014-03-07
2730,849994885,H,2014-02-24,,99,Online,12,1230,821972.1,618124.2,203847.9,2014-02-24,2014-02-24,2014-04-13,cacf8e700f99692a0daeb085c067c6e5,2014-02-24,2014-02-24,2014-04-13
2731,221880328,L,2014-02-26,,175,Online,8,8175,2086914,1303258.5,783655.5,2014-02-26,2014-02-26,2014-03-30,d981694809257fe0cad9f64827d198b1,2014-02-26,2014-02-26,2014-03-30
2732,678748500,M,2014-02-28,,36,Offline,1,5619,52425.27,38883.48,13541.79,2014-02-28,2014-02-28,2014-03-29,6bdb2c209286a616f0ffd9e10efd71fc,2014-02-28,2014-02-28,2014-03-29
2734,877821624,M,2014-03-02,,80,Offline,2,5780,274261,183746.2,90514.8,2014-03-02,2014-03-02,2014-03-14,d0260b32e9f9f913cc318c783a6e2d72,2014-03-02,2014-03-02,2014-03-14
2735,549260890,H,2014-03-03,,154,Offline,7,7358,1513540.6,861695.38,651845.22,2014-03-03,2014-03-03,2014-03-25,9fb0a59da02d7c7f6d927b023c81f151,2014-03-03,2014-03-03,2014-03-25
2736,746759450,C,2014-03-03,,176,Online,3,1571,128397.83,89028.57,39369.26,2014-03-03,2014-03-03,2014-04-03,ce4630ec7f83df19bea000ac44155802,2014-03-03,2014-03-03,2014-04-03
2737,588500964,M,2014-03-04,,121,Online,10,9368,4095689.6,2466875.44,1628814.16,2014-03-04,2014-03-04,2014-03-12,d46d93c0c359458b722fb92b6b1c27b2,2014-03-04,2014-03-04,2014-03-12
2738,831261479,H,2014-03-06,,131,Online,1,7599,70898.67,52585.08,18313.59,2014-03-06,2014-03-06,2014-03-08,3007ad0e09450328280def18146b40bf,2014-03-06,2014-03-06,2014-03-08
2739,725348985,C,2014-03-06,,173,Online,6,5738,883996.28,521756.34,362239.94,2014-03-06,2014-03-06,2014-04-13,04c092f86042d82a80f2a1d02b20bb58,2014-03-06,2014-03-06,2014-04-13
2740,613060557,C,2014-03-06,,165,Online,4,7097,775560.16,254356.48,521203.68,2014-03-06,2014-03-06,2014-04-25,d174ee56ab252d3606e078cbb7202b9b,2014-03-06,2014-03-06,2014-04-25
2741,687683475,L,2014-03-07,,80,Online,6,9677,1490838.62,879929.61,610909.01,2014-03-07,2014-03-07,2014-04-01,698fe57b8a753e0806fb6dfda97a74ef,2014-03-07,2014-03-07,2014-04-01
2742,247070348,M,2014-03-07,,85,Online,4,2461,268938.08,88202.24,180735.84,2014-03-07,2014-03-07,2014-04-23,9d66655d1105e6bc5837fbe036ae3a7c,2014-03-07,2014-03-07,2014-04-23
2743,396552217,M,2014-03-08,,43,Offline,4,7468,816103.04,267653.12,548449.92,2014-03-08,2014-03-08,2014-04-24,a7fbbca181693ff64ea8b9113e582527,2014-03-08,2014-03-08,2014-04-24
2745,606094539,L,2014-03-09,,92,Offline,1,5698,53162.34,39430.16,13732.18,2014-03-09,2014-03-09,2014-03-10,ac533dccdf1887a7f89ce7068190b782,2014-03-09,2014-03-09,2014-03-10
2746,279816472,H,2014-03-09,,28,Offline,5,2767,422188.86,269616.48,152572.38,2014-03-09,2014-03-09,2014-04-14,9723b622fcffdfee38f68156ab3c308a,2014-03-09,2014-03-09,2014-04-14
2747,522813022,C,2014-03-10,,135,Offline,3,846,69143.58,47942.82,21200.76,2014-03-10,2014-03-10,2014-04-08,aa8cc7a63905d18935fa9152dd884c13,2014-03-10,2014-03-10,2014-04-08
2748,695279920,H,2014-03-10,,14,Online,8,7634,1948807.52,1217012.28,731795.24,2014-03-10,2014-03-10,2014-04-26,aee1985aed729f8f94aeb331a0cc9fb3,2014-03-10,2014-03-10,2014-04-26
2749,508014523,H,2014-03-11,,185,Offline,4,1642,179437.76,58849.28,120588.48,2014-03-11,2014-03-11,2014-03-20,75c1e9a932016a21a67556bd5d8f8b17,2014-03-11,2014-03-11,2014-03-20
2750,100619590,H,2014-03-11,,65,Online,12,4427,2958431.29,2224744.58,733686.71,2014-03-11,2014-03-11,2014-03-31,6963e04976dc1a63cb00fdc5effb3637,2014-03-11,2014-03-11,2014-03-31
2751,975823962,L,2014-03-11,,24,Online,11,6850,4460788.5,3595976,864812.5,2014-03-11,2014-03-11,2014-04-08,619c2412fc2169b1cb0b34c9b7dfbfb9,2014-03-11,2014-03-11,2014-04-08
2752,894589078,M,2014-03-11,,66,Online,6,7643,1177480.58,694977.99,482502.59,2014-03-11,2014-03-11,2014-04-10,cd4ebce024500fe76cae970bb0d77d0a,2014-03-11,2014-03-11,2014-04-10
2753,861252868,L,2014-03-12,,94,Online,11,2717,1769337.57,1426316.32,343021.25,2014-03-12,2014-03-12,2014-03-28,742e673b70ea3b8b03e10b17929a8ef6,2014-03-12,2014-03-12,2014-03-28
2754,397418677,C,2014-03-13,,162,Offline,12,3873,2588209.71,1946337.42,641872.29,2014-03-13,2014-03-13,2014-04-02,0f5b5ec7356460b6560fb53a4f687d26,2014-03-13,2014-03-13,2014-04-02
2755,231327712,L,2014-03-13,,174,Online,2,3865,183394.25,122868.35,60525.9,2014-03-13,2014-03-13,2014-04-08,411d58ab96de04d347ea38a0c322eb35,2014-03-13,2014-03-13,2014-04-08
2756,164655292,H,2014-03-13,,142,Online,7,4015,825885.5,470196.65,355688.85,2014-03-13,2014-03-13,2014-05-01,1fdfdd3b7614a69fc565f3f4967f449e,2014-03-13,2014-03-13,2014-05-01
2757,576025474,C,2014-03-14,,126,Online,8,7593,1938341.04,1210476.06,727864.98,2014-03-14,2014-03-14,2014-03-25,9e165ae5ec9be74e76f885b672d91f24,2014-03-14,2014-03-14,2014-03-25
2758,765101468,H,2014-03-14,,139,Online,10,9382,4101810.4,2470562.06,1631248.34,2014-03-14,2014-03-14,2014-04-06,28001e557688f127662f08c96524bb4f,2014-03-14,2014-03-14,2014-04-06
2759,746563756,C,2014-03-14,,108,Offline,10,3661,1600589.2,964051.13,636538.07,2014-03-14,2014-03-14,2014-04-12,df604d9ca4e525ec4bfad902aefc66b6,2014-03-14,2014-03-14,2014-04-12
2760,270331752,C,2014-03-15,,179,Offline,1,6028,56241.24,41713.76,14527.48,2014-03-15,2014-03-15,2014-03-27,d3b488e920203d4819ef27afdc0fee4a,2014-03-15,2014-03-15,2014-03-27
2761,735976541,H,2014-03-15,,165,Offline,2,668,31696.6,21235.72,10460.88,2014-03-15,2014-03-15,2014-04-17,6602cf9f89a62823ddd452bf8a71aad0,2014-03-15,2014-03-15,2014-04-17
2762,812646090,L,2014-03-16,,22,Offline,10,8892,3887582.4,2341530.36,1546052.04,2014-03-16,2014-03-16,2014-04-17,2002848c945a9949c9357752f4f6e8b7,2014-03-16,2014-03-16,2014-04-17
2763,315711724,H,2014-03-17,,166,Online,10,4970,2172884,1308750.1,864133.9,2014-03-17,2014-03-17,2014-04-08,0fa17218e66bdefc4ae48368672a0181,2014-03-17,2014-03-17,2014-04-08
2764,249039304,L,2014-03-17,,153,Offline,6,5119,788633.14,465470.67,323162.47,2014-03-17,2014-03-17,2014-05-01,00c394ffeb5dec368293d2839066dba5,2014-03-17,2014-03-17,2014-05-01
2765,452559745,L,2014-03-18,,185,Offline,6,1340,206440.4,121846.2,84594.2,2014-03-18,2014-03-18,2014-03-19,415c66fb5682762c2a2878681b999eff,2014-03-18,2014-03-18,2014-03-19
2766,577245986,H,2014-03-18,,152,Online,8,8770,2238805.6,1398113.4,840692.2,2014-03-18,2014-03-18,2014-03-27,3a8a1296d6269405ad83f15c4f325932,2014-03-18,2014-03-18,2014-03-27
2767,953587377,H,2014-03-18,,40,Online,9,6550,2763379.5,2388719.5,374660,2014-03-18,2014-03-18,2014-03-27,4df8f94278174dc4f2c73438f6f0e64a,2014-03-18,2014-03-18,2014-03-27
2768,209445178,M,2014-03-18,,58,Offline,10,8337,3644936.4,2195382.21,1449554.19,2014-03-18,2014-03-18,2014-04-20,a4b9e3811e40f54653f65e4afc0d0f46,2014-03-18,2014-03-18,2014-04-20
2769,581221234,L,2014-03-19,,44,Online,2,5134,243608.3,163209.86,80398.44,2014-03-19,2014-03-19,2014-04-21,78b75e96cfc5ee9127de4f45978359b9,2014-03-19,2014-03-19,2014-04-21
2770,805562055,C,2014-03-20,,82,Offline,6,2568,395626.08,233508.24,162117.84,2014-03-20,2014-03-20,2014-03-28,94ccaed12b302837fd926de95df7fc27,2014-03-20,2014-03-20,2014-03-28
2771,271316230,H,2014-03-20,,14,Offline,9,7356,3103422.84,2682659.64,420763.2,2014-03-20,2014-03-20,2014-03-31,5cd86fce7806826c3aac4e1e23ac0260,2014-03-20,2014-03-20,2014-03-31
2772,450041043,L,2014-03-20,,28,Offline,10,6000,2623200,1579980,1043220,2014-03-20,2014-03-20,2014-04-16,9fe7b4e751beff8bc74128623fd26a9e,2014-03-20,2014-03-20,2014-04-16
2773,637188422,C,2014-03-20,,147,Online,10,7069,3090566.8,1861479.77,1229087.03,2014-03-20,2014-03-20,2014-04-29,31414f1514433834af0e9958a445f7be,2014-03-20,2014-03-20,2014-04-29
2774,169378983,L,2014-03-21,,58,Online,9,1860,784715.4,678323.4,106392,2014-03-21,2014-03-21,2014-04-10,0088a0458534bc57a1ee8e7747e67279,2014-03-21,2014-03-21,2014-04-10
2775,391673171,H,2014-03-21,,38,Offline,1,3650,34054.5,25258,8796.5,2014-03-21,2014-03-21,2014-04-11,5d5065e04da33f333452b112a30f7dea,2014-03-21,2014-03-21,2014-04-11
2776,680521762,L,2014-03-21,,95,Offline,9,367,154833.63,133841.23,20992.4,2014-03-21,2014-03-21,2014-04-15,e8998c324d4581bbc281e7d43f040f8c,2014-03-21,2014-03-21,2014-04-15
2777,961183822,L,2014-03-21,,19,Online,10,4507,1970460.4,1186828.31,783632.09,2014-03-21,2014-03-21,2014-04-21,67fa4a89d66bdbc1d0291ae683298dd5,2014-03-21,2014-03-21,2014-04-21
2778,129902875,C,2014-03-21,,54,Online,12,2,1336.54,1005.08,331.46,2014-03-21,2014-03-21,2014-04-24,264b4e5996d6956598381d0dfecae904,2014-03-21,2014-03-21,2014-04-24
2779,194292628,L,2014-03-21,,141,Offline,10,4361,1906629.2,1148382.13,758247.07,2014-03-21,2014-03-21,2014-04-27,18fb084361c87c636d1105e689ba48fb,2014-03-21,2014-03-21,2014-04-27
2780,717833220,C,2014-03-22,,30,Offline,6,1657,255277.42,150671.01,104606.41,2014-03-22,2014-03-22,2014-04-03,34fb94fde037b8d06c3d1c1d45397b06,2014-03-22,2014-03-22,2014-04-03
2781,302015721,H,2014-03-22,,30,Online,8,2018,515155.04,321709.56,193445.48,2014-03-22,2014-03-22,2014-04-17,bdc522873bbfb32a986263f4ac9e8c29,2014-03-22,2014-03-22,2014-04-17
2782,158673751,H,2014-03-22,,88,Online,5,3944,601775.52,384303.36,217472.16,2014-03-22,2014-03-22,2014-05-10,7560c7fa4c0d0934ca7cb39d17623b18,2014-03-22,2014-03-22,2014-05-10
2783,435006511,L,2014-03-23,,148,Online,3,6948,567860.04,393743.16,174116.88,2014-03-23,2014-03-23,2014-03-29,95f0b4da4da54e49c6c3975bdf09d979,2014-03-23,2014-03-23,2014-03-29
2784,551270186,M,2014-03-23,,21,Online,8,1953,498561.84,311347.26,187214.58,2014-03-23,2014-03-23,2014-04-09,27eea13283add96f92ad9c18c2658b90,2014-03-23,2014-03-23,2014-04-09
2785,191301858,H,2014-03-25,,109,Offline,3,9326,762213.98,528504.42,233709.56,2014-03-25,2014-03-25,2014-04-06,df4170442d39fdb59500cc637aa068db,2014-03-25,2014-03-25,2014-04-06
2786,966379582,L,2014-03-26,,103,Offline,7,2048,421273.6,239841.28,181432.32,2014-03-26,2014-03-26,2014-03-29,f7f894ee327a7e337c8a1e9054f59c37,2014-03-26,2014-03-26,2014-03-29
2787,272182691,L,2014-03-26,,98,Online,9,3762,1587150.18,1371963.78,215186.4,2014-03-26,2014-03-26,2014-04-30,1b0476ade0c6bc018eb9922f6d154199,2014-03-26,2014-03-26,2014-04-30
2788,933043372,L,2014-03-27,,96,Offline,10,7123,3114175.6,1875699.59,1238476.01,2014-03-27,2014-03-27,2014-05-06,343eea0777ea4e07137ef03e9f368f98,2014-03-27,2014-03-27,2014-05-06
2789,754082524,C,2014-03-28,,143,Online,4,8631,943195.68,309335.04,633860.64,2014-03-28,2014-03-28,2014-04-21,f0b0d4641dfd7c6ecbf483862f5bd48d,2014-03-28,2014-03-28,2014-04-21
2790,284108436,M,2014-03-29,,66,Online,10,2854,1247768.8,751543.82,496224.98,2014-03-29,2014-03-29,2014-04-03,19e3d556a407f2727c2c6990c2b3ed29,2014-03-29,2014-03-29,2014-04-03
2791,317208611,C,2014-03-29,,35,Online,6,7932,1222003.92,721256.76,500747.16,2014-03-29,2014-03-29,2014-04-17,c9d5bf99eeb751eec6c9f2d655d54523,2014-03-29,2014-03-29,2014-04-17
2792,614597785,C,2014-03-29,,140,Offline,10,1997,873088.4,525870.01,347218.39,2014-03-29,2014-03-29,2014-05-14,6add3b739637865690b5e10306eb4484,2014-03-29,2014-03-29,2014-05-14
2793,211060082,L,2014-03-30,,48,Offline,12,6223,4158644.21,3127306.42,1031337.79,2014-03-30,2014-03-30,2014-04-03,dea9e74f9e951cc44f268719812912f4,2014-03-30,2014-03-30,2014-04-03
2794,732554042,M,2014-03-31,,103,Online,10,7875,3442950,2073723.75,1369226.25,2014-03-31,2014-03-31,2014-04-05,b7359a6e4456edcc18575b3f27549806,2014-03-31,2014-03-31,2014-04-05
2795,582836139,H,2014-03-31,,34,Online,11,3020,1966654.2,1585379.2,381275,2014-03-31,2014-03-31,2014-04-05,1458c16e748bba228c133ffd95fce735,2014-03-31,2014-03-31,2014-04-05
2796,370775115,L,2014-04-01,,174,Online,5,9451,1442033.58,920905.44,521128.14,2014-04-01,2014-04-01,2014-04-27,21f3113a6e7014b5af1c5fe052733028,2014-04-01,2014-04-01,2014-04-27
2797,200354850,H,2014-04-01,,167,Offline,8,8307,2120610.96,1324301.94,796309.02,2014-04-01,2014-04-01,2014-05-04,4bc27e53048d9760d4630f1e3ce83fc7,2014-04-01,2014-04-01,2014-05-04
2798,806822907,M,2014-04-03,,20,Online,12,5683,3797778.41,2855934.82,941843.59,2014-04-03,2014-04-03,2014-04-08,b16b310581571b32276a34453247da52,2014-04-03,2014-04-03,2014-04-08
2799,517856299,H,2014-04-03,,166,Online,7,4042,831439.4,473358.62,358080.78,2014-04-03,2014-04-03,2014-04-30,e685a8a09fd9e0584f620e52c077b711,2014-04-03,2014-04-03,2014-04-30
2800,465864360,L,2014-04-03,,176,Offline,4,8471,925710.88,303600.64,622110.24,2014-04-03,2014-04-03,2014-05-18,e4679f50ea85533df90ad2179ac5ecc5,2014-04-03,2014-04-03,2014-05-18
2801,893961656,H,2014-04-04,,12,Offline,5,1975,301345.5,192444,108901.5,2014-04-04,2014-04-04,2014-05-01,566b39e0d08d98180b49cb13dcd72e8a,2014-04-04,2014-04-04,2014-05-01
2802,864836728,H,2014-04-04,,132,Offline,9,3261,1375783.29,1189254.09,186529.2,2014-04-04,2014-04-04,2014-05-10,9f357e22425e7ec30afaa1534076bc52,2014-04-04,2014-04-04,2014-05-10
2803,561307656,L,2014-04-04,,113,Offline,4,2264,247409.92,81141.76,166268.16,2014-04-04,2014-04-04,2014-05-12,83411c082aa845d8e6230f557db90a2e,2014-04-04,2014-04-04,2014-05-12
2804,386440074,C,2014-04-05,,172,Offline,3,5060,413553.8,286750.2,126803.6,2014-04-05,2014-04-05,2014-04-25,fb75305c1488386ff12fcda56928ed67,2014-04-05,2014-04-05,2014-04-25
2805,315674388,H,2014-04-06,,154,Online,9,3921,1654230.69,1429949.49,224281.2,2014-04-06,2014-04-06,2014-05-20,25e9117284719e9294dca08ce6240c2e,2014-04-06,2014-04-06,2014-05-20
2806,820441234,C,2014-04-07,,107,Online,5,5648,861771.84,550341.12,311430.72,2014-04-07,2014-04-07,2014-05-02,4681a8f96f55eb02212079ed0843df84,2014-04-07,2014-04-07,2014-05-02
2807,739324367,M,2014-04-08,,157,Online,1,1364,12726.12,9438.88,3287.24,2014-04-08,2014-04-08,2014-04-10,c8029e4f0275dbfd0ce7b5948143948b,2014-04-08,2014-04-08,2014-04-10
2808,624871289,H,2014-04-08,,59,Online,12,2155,1440121.85,1082973.7,357148.15,2014-04-08,2014-04-08,2014-04-23,de0e4cc5c6088a19c6b994a9ff50bdc2,2014-04-08,2014-04-08,2014-04-23
2809,701894891,M,2014-04-08,,168,Online,8,5151,1314947.28,821172.42,493774.86,2014-04-08,2014-04-08,2014-05-18,de43709b11a89b41e258861958bee99c,2014-04-08,2014-04-08,2014-05-18
2810,200749242,H,2014-04-09,,110,Offline,11,5017,3267120.57,2633724.32,633396.25,2014-04-09,2014-04-09,2014-04-15,b90bc558ef7a02f50a89da833586daf3,2014-04-09,2014-04-09,2014-04-15
2811,182093513,M,2014-04-09,,10,Online,7,4372,899320.4,512004.92,387315.48,2014-04-09,2014-04-09,2014-05-17,24e45ede527eb7c93fb5ccda0aac6a81,2014-04-09,2014-04-09,2014-05-17
2812,238060700,L,2014-04-09,,87,Offline,1,6306,58834.98,43637.52,15197.46,2014-04-09,2014-04-09,2014-05-24,27fdf3a38e66d962727f0256804c432c,2014-04-09,2014-04-09,2014-05-24
2813,601886260,C,2014-04-09,,147,Offline,1,374,3489.42,2588.08,901.34,2014-04-09,2014-04-09,2014-05-27,ea4c5ca516be62a7f14e5828adde10b8,2014-04-09,2014-04-09,2014-05-27
2814,167295014,C,2014-04-10,,49,Offline,10,5167,2259012.4,1360626.11,898386.29,2014-04-10,2014-04-10,2014-04-28,ee6cd137918d678d9d7e76afdaa85adb,2014-04-10,2014-04-10,2014-04-28
2816,584805095,M,2014-04-11,,16,Offline,8,5678,1449479.84,905186.76,544293.08,2014-04-11,2014-04-11,2014-04-14,39720b02687b401ebd028b6a3d985a07,2014-04-11,2014-04-11,2014-04-14
2817,291745221,C,2014-04-11,,42,Offline,10,2749,1201862.8,723894.17,477968.63,2014-04-11,2014-04-11,2014-05-07,9190dd28d3412f9d67bc970fe096bff6,2014-04-11,2014-04-11,2014-05-07
2818,108691108,C,2014-04-12,,157,Offline,11,2969,1933442.49,1558606.24,374836.25,2014-04-12,2014-04-12,2014-04-24,9128116ec0d0e4fe4d10f0990c1ca1c7,2014-04-12,2014-04-12,2014-04-24
2819,904589211,H,2014-04-13,,137,Online,11,6905,4496605.05,3624848.8,871756.25,2014-04-13,2014-04-13,2014-05-04,91a536530ea3109901a675cf5fed4997,2014-04-13,2014-04-13,2014-05-04
2820,301624333,H,2014-04-13,,13,Online,10,6198,2709765.6,1632119.34,1077646.26,2014-04-13,2014-04-13,2014-05-05,67b285d631115b7f178f6c4e893af97b,2014-04-13,2014-04-13,2014-05-05
2821,509356057,H,2014-04-14,,108,Online,4,8631,943195.68,309335.04,633860.64,2014-04-14,2014-04-14,2014-04-17,73e8c28257133cdd40a1b5fb45c85dec,2014-04-14,2014-04-14,2014-04-17
2822,559183347,L,2014-04-14,,155,Offline,7,3633,747308.1,425460.63,321847.47,2014-04-14,2014-04-14,2014-05-21,30620af0f1f73b49e1fd088dea260e8b,2014-04-14,2014-04-14,2014-05-21
2823,633806264,M,2014-04-15,,147,Online,4,6213,678956.64,222673.92,456282.72,2014-04-15,2014-04-15,2014-04-26,542dda100557747478fe57a01fca03ef,2014-04-15,2014-04-15,2014-04-26
2824,172372758,H,2014-04-15,,146,Online,4,7784,850635.52,278978.56,571656.96,2014-04-15,2014-04-15,2014-04-30,cc6d5b792b4675c23b5761bf1cbda55d,2014-04-15,2014-04-15,2014-04-30
2825,313668096,L,2014-04-16,,87,Online,10,215,93998,56615.95,37382.05,2014-04-16,2014-04-16,2014-05-04,780160b762088a80c0560c367d49d852,2014-04-16,2014-04-16,2014-05-04
2826,569298493,C,2014-04-16,,174,Online,2,6930,328828.5,220304.7,108523.8,2014-04-16,2014-04-16,2014-05-19,d1e8fca5bac1e381cfe04fe7a5023c9c,2014-04-16,2014-04-16,2014-05-19
2827,653800523,H,2014-04-19,,58,Offline,3,2958,241757.34,167629.86,74127.48,2014-04-19,2014-04-19,2014-04-23,56a95613435d7c4316c60a50aae752d4,2014-04-19,2014-04-19,2014-04-23
2829,412496554,H,2014-04-20,,52,Online,1,5752,53666.16,39803.84,13862.32,2014-04-20,2014-04-20,2014-04-29,1a42618e8910c1dcaca4ef1d75ac1dfe,2014-04-20,2014-04-20,2014-04-29
2830,506129252,M,2014-04-20,,121,Offline,11,3748,2440735.08,1967550.08,473185,2014-04-20,2014-04-20,2014-05-18,0a136387212727ca39b3dc41aeba3e35,2014-04-20,2014-04-20,2014-05-18
2831,341730868,H,2014-04-21,,92,Online,10,4613,2016803.6,1214741.29,802062.31,2014-04-21,2014-04-21,2014-05-24,014aaaae0d38619302c4ec9beacf4dcf,2014-04-21,2014-04-21,2014-05-24
2832,474603641,H,2014-04-21,,102,Online,11,4619,3007938.99,2424790.24,583148.75,2014-04-21,2014-04-21,2014-05-30,63f9a6fdd731d27a8a33b9dd6c26c3d2,2014-04-21,2014-04-21,2014-05-30
2833,543322694,M,2014-04-21,,153,Offline,2,114,5409.3,3624.06,1785.24,2014-04-21,2014-04-21,2014-06-01,a43ceefda92c8e3eb8a5eb91cdb70741,2014-04-21,2014-04-21,2014-06-01
2834,906794202,L,2014-04-22,,118,Online,4,9410,1028324.8,337254.4,691070.4,2014-04-22,2014-04-22,2014-05-11,6f604d228d2442e7c3233b7931c57bf1,2014-04-22,2014-04-22,2014-05-11
2835,973230588,H,2014-04-22,,158,Online,5,9413,1436235.54,917202.72,519032.82,2014-04-22,2014-04-22,2014-06-08,e4ff303ffdc953039348ad842c813bf7,2014-04-22,2014-04-22,2014-06-08
2836,176978433,C,2014-04-23,,114,Online,4,706,77151.68,25303.04,51848.64,2014-04-23,2014-04-23,2014-05-05,cbc1ec5526cac9ce954d2c91d133e9fd,2014-04-23,2014-04-23,2014-05-05
2837,380498874,H,2014-04-24,,54,Online,4,6927,756982.56,248263.68,508718.88,2014-04-24,2014-04-24,2014-05-13,dcd519684511728e584e92dd63bff973,2014-04-24,2014-04-24,2014-05-13
2838,956267440,H,2014-04-24,,128,Online,8,9641,2461154.48,1536968.22,924186.26,2014-04-24,2014-04-24,2014-05-21,5d9fca0bbaa0f069fab81a68e91f8720,2014-04-24,2014-04-24,2014-05-21
2839,660924899,C,2014-04-25,,40,Online,4,1220,133321.6,43724.8,89596.8,2014-04-25,2014-04-25,2014-05-21,502289c05861c540cce1477fd2baf476,2014-04-25,2014-04-25,2014-05-21
2840,384356105,H,2014-04-26,,151,Offline,1,8368,78073.44,57906.56,20166.88,2014-04-26,2014-04-26,2014-05-14,85e90627cc889e454e24bfa282f53602,2014-04-26,2014-04-26,2014-05-14
2841,870467221,M,2014-04-27,,146,Online,1,9449,88159.17,65387.08,22772.09,2014-04-27,2014-04-27,2014-05-28,676db2ad18a93282c4f72903a30e6257,2014-04-27,2014-04-27,2014-05-28
2842,679108560,M,2014-04-27,,4,Online,12,2169,1449477.63,1090009.26,359468.37,2014-04-27,2014-04-27,2014-06-11,60ca1c1432526206e833714083684d5b,2014-04-27,2014-04-27,2014-06-11
2843,909707295,C,2014-04-28,,123,Offline,6,1459,224773.54,132666.87,92106.67,2014-04-28,2014-04-28,2014-05-15,d3bc860232411d83f8a670bab16f9cb1,2014-04-28,2014-04-28,2014-05-15
2844,772269189,M,2014-04-29,,102,Online,6,469,72254.14,42646.17,29607.97,2014-04-29,2014-04-29,2014-05-12,12c6f810385a0485dfdcc8d45e7e5096,2014-04-29,2014-04-29,2014-05-12
2845,871923768,C,2014-04-30,,32,Online,8,474,121002.72,75565.08,45437.64,2014-04-30,2014-04-30,2014-05-30,6542ba75601e74fc40c6d635f188a56f,2014-04-30,2014-04-30,2014-05-30
2846,788760268,L,2014-04-30,,107,Offline,4,546,59666.88,19568.64,40098.24,2014-04-30,2014-04-30,2014-06-01,d8b64ab451c5d62de9ee3de151773033,2014-04-30,2014-04-30,2014-06-01
2847,262937009,L,2014-04-30,,128,Online,1,7759,72391.47,53692.28,18699.19,2014-04-30,2014-04-30,2014-06-02,dfa7efec4b9f96ca9f6932a78033833e,2014-04-30,2014-04-30,2014-06-02
2848,971578347,L,2014-04-30,,171,Online,12,478,319433.06,240214.12,79218.94,2014-04-30,2014-04-30,2014-06-16,651056a992196048f0b24098889b2ce4,2014-04-30,2014-04-30,2014-06-16
2849,387387216,C,2014-05-01,,19,Offline,10,5341,2335085.2,1406445.53,928639.67,2014-05-01,2014-05-01,2014-06-11,97efbdd9f9b11e37b4824a650547d324,2014-05-01,2014-05-01,2014-06-11
2850,210591018,M,2014-05-02,,52,Online,5,7417,1131685.86,722712.48,408973.38,2014-05-02,2014-05-02,2014-05-27,073cc72afb3524a164fef4d461338323,2014-05-02,2014-05-02,2014-05-27
2851,979410827,H,2014-05-03,,181,Offline,7,8283,1703813.1,970022.13,733790.97,2014-05-03,2014-05-03,2014-05-21,9e6e4085cd1d2903b600b5287dfe3fbf,2014-05-03,2014-05-03,2014-05-21
2852,309655511,C,2014-05-05,,144,Offline,3,2802,229007.46,158789.34,70218.12,2014-05-05,2014-05-05,2014-05-21,7c66f8061c256f3347ead3efa6b9ee69,2014-05-05,2014-05-05,2014-05-21
2853,822962939,H,2014-05-05,,177,Online,3,1877,153407.21,106369.59,47037.62,2014-05-05,2014-05-05,2014-05-25,e279040faf123426a1801da289c46ce8,2014-05-05,2014-05-05,2014-05-25
2854,920688903,L,2014-05-05,,155,Offline,8,1161,296380.08,185086.62,111293.46,2014-05-05,2014-05-05,2014-06-12,04c84c3aae31516e6317abbbf11964b8,2014-05-05,2014-05-05,2014-06-12
2855,602715384,H,2014-05-05,,184,Offline,9,5731,2417851.59,2090038.39,327813.2,2014-05-05,2014-05-05,2014-06-18,0b4808ce0ac34964ccc73213499944c2,2014-05-05,2014-05-05,2014-06-18
2856,340236985,M,2014-05-08,,55,Online,12,2540,1697405.8,1276451.6,420954.2,2014-05-08,2014-05-08,2014-05-13,6933902e6b6608a823f8395ec8f8c300,2014-05-08,2014-05-08,2014-05-13
2857,163558804,M,2014-05-08,,13,Online,12,9540,6375295.8,4794231.6,1581064.2,2014-05-08,2014-05-08,2014-05-22,2a13e52da89e4ff1c26dc3bb92a86980,2014-05-08,2014-05-08,2014-05-22
2858,591774117,M,2014-05-08,,137,Online,7,7967,1638811.9,933015.37,705796.53,2014-05-08,2014-05-08,2014-05-30,b90acb3a78c0a0cbc6d1bf5de5dc9328,2014-05-08,2014-05-08,2014-05-30
2859,745467269,M,2014-05-08,,153,Offline,4,9186,1003846.08,329226.24,674619.84,2014-05-08,2014-05-08,2014-06-23,a7e485516223000c9eebb7f443f52045,2014-05-08,2014-05-08,2014-06-23
2860,865824210,M,2014-05-09,,84,Online,11,5479,3567979.59,2876255.84,691723.75,2014-05-09,2014-05-09,2014-05-14,4478744b5a4de26b44333053df777d40,2014-05-09,2014-05-09,2014-05-14
2861,489600837,C,2014-05-09,,94,Offline,6,2622,403945.32,238418.46,165526.86,2014-05-09,2014-05-09,2014-06-09,f12677d179b9b9504b62f41aacc1ecf7,2014-05-09,2014-05-09,2014-06-09
2862,321345221,M,2014-05-09,,74,Offline,9,2047,863608.83,746520.43,117088.4,2014-05-09,2014-05-09,2014-06-15,e60114f966aa74b08e79ac9e984b9600,2014-05-09,2014-05-09,2014-06-15
2863,595395314,M,2014-05-10,,137,Offline,2,9559,453574.55,303880.61,149693.94,2014-05-10,2014-05-10,2014-05-30,7b8689216ad7311932f8e7f51dadaaf7,2014-05-10,2014-05-10,2014-05-30
2864,136126458,H,2014-05-10,,175,Online,5,1699,259233.42,165550.56,93682.86,2014-05-10,2014-05-10,2014-06-02,59592541e01699a617f26a1d2a3e0f08,2014-05-10,2014-05-10,2014-06-02
2865,472755706,M,2014-05-10,,81,Online,5,7774,1186156.92,757498.56,428658.36,2014-05-10,2014-05-10,2014-06-15,5c6fb203f11c2f82e102a5c3429fe5dc,2014-05-10,2014-05-10,2014-06-15
2866,349880063,M,2014-05-11,,150,Online,8,6141,1567674.48,978998.22,588676.26,2014-05-11,2014-05-11,2014-05-12,a59fa7c730678b457cda513d75802c7d,2014-05-11,2014-05-11,2014-05-12
2867,929387843,C,2014-05-13,,27,Offline,6,5371,827456.26,488385.03,339071.23,2014-05-13,2014-05-13,2014-06-15,e80e234f189931881422de81e0ab9310,2014-05-13,2014-05-13,2014-06-15
2868,457485139,M,2014-05-14,,183,Offline,11,8874,5778837.54,4658495.04,1120342.5,2014-05-14,2014-05-14,2014-05-29,4ee61f79180adbc1bc20afb886aeb734,2014-05-14,2014-05-14,2014-05-29
2869,623576104,M,2014-05-15,,100,Offline,1,8881,82859.73,61456.52,21403.21,2014-05-15,2014-05-15,2014-05-25,63868247ffc10be362fce63a847b1d6a,2014-05-15,2014-05-15,2014-05-25
2870,353383243,L,2014-05-15,,33,Online,11,2809,1829248.89,1474612.64,354636.25,2014-05-15,2014-05-15,2014-06-09,7fe0ce1e33a72baf6c84e7d1342e3511,2014-05-15,2014-05-15,2014-06-09
2871,648489749,L,2014-05-15,,126,Online,2,1382,65575.9,43933.78,21642.12,2014-05-15,2014-05-15,2014-06-11,895d372a709e63f0871b3fc9edde6ee1,2014-05-15,2014-05-15,2014-06-11
2872,299226653,C,2014-05-15,,82,Offline,7,6671,1372224.7,781240.81,590983.89,2014-05-15,2014-05-15,2014-06-27,953d2a4bdeb2588e8dd86bc24e2180df,2014-05-15,2014-05-15,2014-06-27
2873,188866841,L,2014-05-16,,45,Offline,4,8750,956200,313600,642600,2014-05-16,2014-05-16,2014-05-20,3142eafc32e22e40cb1eb8ca4ca7dba1,2014-05-16,2014-05-16,2014-05-20
2874,305248534,H,2014-05-16,,165,Online,3,8679,709334.67,491838.93,217495.74,2014-05-16,2014-05-16,2014-06-26,c3621895b41718f26d5825a579fb6561,2014-05-16,2014-05-16,2014-06-26
2875,398645198,H,2014-05-17,,5,Offline,8,6828,1743051.84,1088519.76,654532.08,2014-05-17,2014-05-17,2014-05-26,2ea93cac4e467cfb38bd6920fdf96361,2014-05-17,2014-05-17,2014-05-26
2876,872240483,L,2014-05-18,,103,Online,11,4197,2733128.37,2203257.12,529871.25,2014-05-18,2014-05-18,2014-06-13,09412f9e57f3e37395a27a1c7dc27937,2014-05-18,2014-05-18,2014-06-13
2877,207168519,L,2014-05-18,,161,Offline,7,4623,950951.1,541399.53,409551.57,2014-05-18,2014-05-18,2014-07-06,3eeb6b679cc1230305845d05274d6b79,2014-05-18,2014-05-18,2014-07-06
2878,400337779,H,2014-05-19,,62,Online,9,7700,3248553,2808113,440440,2014-05-19,2014-05-19,2014-05-27,e780581b7d45d0ce7e931cad2ffbbdb3,2014-05-19,2014-05-19,2014-05-27
2879,531281936,C,2014-05-19,,147,Online,9,6986,2947323.54,2547724.34,399599.2,2014-05-19,2014-05-19,2014-06-03,2952afa708ce7734107d106d5f83efd3,2014-05-19,2014-05-19,2014-06-03
2880,502038991,M,2014-05-19,,126,Online,5,3349,510990.42,326326.56,184663.86,2014-05-19,2014-05-19,2014-07-08,425b4a2a68ccca4ce1f8ad621c96b935,2014-05-19,2014-05-19,2014-07-08
2881,314773595,M,2014-05-20,,173,Online,9,7357,3103844.73,2683024.33,420820.4,2014-05-20,2014-05-20,2014-06-01,2355f2bcc2b8fe4e3eb5bae801354d13,2014-05-20,2014-05-20,2014-06-01
2882,217165648,M,2014-05-20,,160,Offline,9,2996,1263982.44,1092611.24,171371.2,2014-05-20,2014-05-20,2014-06-08,39f4e7cc09cf15c8fe2a61a3d5421855,2014-05-20,2014-05-20,2014-06-08
2883,930136287,L,2014-05-20,,5,Online,2,6852,325127.4,217825.08,107302.32,2014-05-20,2014-05-20,2014-06-21,c241ff68f375163c0f261811ed1516ad,2014-05-20,2014-05-20,2014-06-21
2884,254595124,M,2014-05-20,,72,Offline,12,9210,6154766.7,4628393.4,1526373.3,2014-05-20,2014-05-20,2014-06-21,fac8945164a010985bf1add4bc8a2d2f,2014-05-20,2014-05-20,2014-06-21
2885,443671119,L,2014-05-20,,159,Online,5,998,152274.84,97245.12,55029.72,2014-05-20,2014-05-20,2014-07-03,f8df5bd24febc3d9cefba34ba6f2119b,2014-05-20,2014-05-20,2014-07-03
2886,292024600,M,2014-05-20,,96,Offline,5,5423,827441.34,528417.12,299024.22,2014-05-20,2014-05-20,2014-07-04,64af7e13ac97f3df08c89d71d7929f09,2014-05-20,2014-05-20,2014-07-04
2888,549583613,C,2014-05-21,,123,Online,4,2859,312431.52,102466.56,209964.96,2014-05-21,2014-05-21,2014-05-29,9fa8d38418c983b786de30d8e439abcf,2014-05-21,2014-05-21,2014-05-29
2889,316466176,H,2014-05-22,,164,Offline,8,8229,2100699.12,1311867.18,788831.94,2014-05-22,2014-05-22,2014-06-02,2fa3b14a3d86712c492179c14ee89484,2014-05-22,2014-05-22,2014-06-02
2890,266638886,C,2014-05-22,,34,Online,12,3227,2156507.29,1621696.58,534810.71,2014-05-22,2014-05-22,2014-06-19,335cd7955d9eda8d62999bdbf26a62ec,2014-05-22,2014-05-22,2014-06-19
2891,470041310,M,2014-05-23,,136,Online,1,4524,42208.92,31306.08,10902.84,2014-05-23,2014-05-23,2014-06-01,5c2754c6c940e1e6684fa444e3484ff7,2014-05-23,2014-05-23,2014-06-01
2892,258216321,H,2014-05-23,,72,Online,11,802,522270.42,421017.92,101252.5,2014-05-23,2014-05-23,2014-06-23,a5d786f48e804cf2b5e17a5efe9acd82,2014-05-23,2014-05-23,2014-06-23
2893,954341828,H,2014-05-23,,134,Offline,6,9809,1511174.54,891932.37,619242.17,2014-05-23,2014-05-23,2014-07-11,1bacdf1689faa099c083d0856d8f0974,2014-05-23,2014-05-23,2014-07-11
2894,642390191,C,2014-05-24,,51,Online,6,6388,984135.28,580860.84,403274.44,2014-05-24,2014-05-24,2014-05-26,19554f78c2fafd575f9f7e80c9d76ef2,2014-05-24,2014-05-24,2014-05-26
2895,767076432,M,2014-05-24,,132,Offline,8,3817,974403.76,608506.14,365897.62,2014-05-24,2014-05-24,2014-06-03,03fc2fdaebb4c348b50c8937eb44f93f,2014-05-24,2014-05-24,2014-06-03
2896,378455245,L,2014-05-24,,82,Online,4,2172,237356.16,77844.48,159511.68,2014-05-24,2014-05-24,2014-06-08,fbc4bc05829f3c559a1f3a0251a7398c,2014-05-24,2014-05-24,2014-06-08
2897,155688989,L,2014-05-26,,87,Online,9,686,289416.54,250177.34,39239.2,2014-05-26,2014-05-26,2014-06-09,696a812853259b4133899b396259e9fe,2014-05-26,2014-05-26,2014-06-09
2898,756253182,H,2014-05-26,,42,Online,8,977,249408.56,155753.34,93655.22,2014-05-26,2014-05-26,2014-06-09,ed49ca125a32bef920c9f77db66e00c0,2014-05-26,2014-05-26,2014-06-09
2899,960127675,H,2014-05-26,,107,Offline,7,1970,405229,230706.7,174522.3,2014-05-26,2014-05-26,2014-07-11,5408f9dd5a4fcdcda9a7bb458779bd85,2014-05-26,2014-05-26,2014-07-11
2900,369560611,M,2014-05-27,,39,Online,8,52,13274.56,8289.84,4984.72,2014-05-27,2014-05-27,2014-06-13,f12375699d22145bf5e6f55724b01f0c,2014-05-27,2014-05-27,2014-06-13
2901,889125955,H,2014-05-27,,34,Offline,1,983,9171.39,6802.36,2369.03,2014-05-27,2014-05-27,2014-06-15,1cdf400275b2bfc48c565bec33966025,2014-05-27,2014-05-27,2014-06-15
2902,161592853,M,2014-05-27,,40,Offline,12,7771,5193126.17,3905238.34,1287887.83,2014-05-27,2014-05-27,2014-07-03,a5d728293682c5563afadee14bf5349c,2014-05-27,2014-05-27,2014-07-03
2903,743619334,L,2014-05-27,,5,Offline,10,2341,1023485.2,616455.53,407029.67,2014-05-27,2014-05-27,2014-07-09,17ec331cdaad66de3f40e78d625683ac,2014-05-27,2014-05-27,2014-07-09
2904,656244552,C,2014-05-28,,24,Offline,1,6201,57855.33,42910.92,14944.41,2014-05-28,2014-05-28,2014-06-19,fca6c04dc0505a838d4544c6ebf4d067,2014-05-28,2014-05-28,2014-06-19
2905,250542199,M,2014-05-30,,116,Offline,4,9859,1077391.52,353346.56,724044.96,2014-05-30,2014-05-30,2014-07-01,af809c2649fd53dcc7123058cf0f647c,2014-05-30,2014-05-30,2014-07-01
2906,680686128,M,2014-05-30,,96,Offline,11,9006,5864797.26,4727789.76,1137007.5,2014-05-30,2014-05-30,2014-07-08,ac2877404217b5ec03fd48efafe7067d,2014-05-30,2014-05-30,2014-07-08
2907,676592862,M,2014-05-30,,124,Offline,10,7718,3374309.6,2032380.94,1341928.66,2014-05-30,2014-05-30,2014-07-09,a5e79b2d5fc577e45b9368cf7ad3b1d1,2014-05-30,2014-05-30,2014-07-09
2908,377039039,H,2014-05-31,,74,Offline,6,3085,475275.1,280519.05,194756.05,2014-05-31,2014-05-31,2014-06-14,66dab0f9cf6ff8cbec69fea0cb617d6b,2014-05-31,2014-05-31,2014-06-14
2909,574419581,L,2014-05-31,,59,Online,11,2374,1545972.54,1246255.04,299717.5,2014-05-31,2014-05-31,2014-07-19,0c105c40ae62eef1aeffc63b9ef2800c,2014-05-31,2014-05-31,2014-07-19
2910,917070710,H,2014-06-02,,52,Online,5,457,69729.06,44530.08,25198.98,2014-06-02,2014-06-02,2014-06-11,7d4a41e9f8de3d1badfa4680e921eceb,2014-06-02,2014-06-02,2014-06-11
2911,962686717,M,2014-06-02,,114,Online,3,9247,755757.31,524027.49,231729.82,2014-06-02,2014-06-02,2014-06-21,29053d44cfb4dd6db237655bf749bb39,2014-06-02,2014-06-02,2014-06-21
2912,582488095,M,2014-06-02,,152,Offline,3,26,2124.98,1473.42,651.56,2014-06-02,2014-06-02,2014-06-23,1388ab503c455198ec4ffff23dcb54ae,2014-06-02,2014-06-02,2014-06-23
2913,819344747,M,2014-06-02,,85,Online,11,1173,763869.33,615778.08,148091.25,2014-06-02,2014-06-02,2014-07-14,5ad003109170e73b05d62a0566c29e39,2014-06-02,2014-06-02,2014-07-14
2914,896132314,M,2014-06-03,,166,Offline,7,4321,888829.7,506032.31,382797.39,2014-06-03,2014-06-03,2014-06-19,376cc4624f06b08c983aa4b523c07968,2014-06-03,2014-06-03,2014-06-19
2915,879405200,L,2014-06-03,,18,Online,2,4396,208590.2,139748.84,68841.36,2014-06-03,2014-06-03,2014-07-20,22fb37284446d60d37420de9bcc80994,2014-06-03,2014-06-03,2014-07-20
2916,438556039,H,2014-06-04,,179,Online,3,7332,599244.36,415504.44,183739.92,2014-06-04,2014-06-04,2014-06-22,b7084ae1ce15a4db8bb72dcf3a890bdd,2014-06-04,2014-06-04,2014-06-22
2917,509203708,M,2014-06-04,,21,Online,6,3548,546604.88,322619.64,223985.24,2014-06-04,2014-06-04,2014-06-24,d5e88d28ab5921cbb3224f6eb3fea3d0,2014-06-04,2014-06-04,2014-06-24
2918,851972854,L,2014-06-05,,29,Online,10,6555,2865846,1726128.15,1139717.85,2014-06-05,2014-06-05,2014-06-10,cc4e6754dec1ba930d2bb2b4b9c92955,2014-06-05,2014-06-05,2014-06-10
2919,558912980,H,2014-06-05,,55,Offline,1,3626,33830.58,25091.92,8738.66,2014-06-05,2014-06-05,2014-07-03,38da25ca4efb74aa086a6ae950213fa2,2014-06-05,2014-06-05,2014-07-03
2920,246843326,M,2014-06-06,,35,Offline,2,5280,250536,167851.2,82684.8,2014-06-06,2014-06-06,2014-06-12,50495b1c79f6868840574340f27fa4bf,2014-06-06,2014-06-06,2014-06-12
2921,968118512,L,2014-06-06,,148,Offline,1,6636,61913.88,45921.12,15992.76,2014-06-06,2014-06-06,2014-07-18,d2408e189f252ed1768c18564d1318e4,2014-06-06,2014-06-06,2014-07-18
2922,880625712,H,2014-06-07,,103,Online,8,5573,1422675.44,888447.66,534227.78,2014-06-07,2014-06-07,2014-07-23,23b1e5c82af21766fedda3e447bea55c,2014-06-07,2014-06-07,2014-07-23
2923,263098371,L,2014-06-08,,171,Online,3,5509,450250.57,312195.03,138055.54,2014-06-08,2014-06-08,2014-07-04,8588dbcd2457a1a83a5d21c9110cd54b,2014-06-08,2014-06-08,2014-07-04
2924,616572749,H,2014-06-08,,100,Online,8,6433,1642216.24,1025548.86,616667.38,2014-06-08,2014-06-08,2014-07-12,c67a6606e003cc0830527a6e0767736d,2014-06-08,2014-06-08,2014-07-12
2925,159232509,H,2014-06-08,,58,Online,1,9293,86703.69,64307.56,22396.13,2014-06-08,2014-06-08,2014-07-14,b0262e2b91596b1cb8ae5d2e46966dbe,2014-06-08,2014-06-08,2014-07-14
2926,183910119,C,2014-06-09,,155,Online,10,1946,850791.2,512440.18,338351.02,2014-06-09,2014-06-09,2014-06-11,053257c37d42a9b1254cf79587880c2a,2014-06-09,2014-06-09,2014-06-11
2927,175723588,L,2014-06-09,,171,Online,12,9370,6261689.9,4708799.8,1552890.1,2014-06-09,2014-06-09,2014-06-14,020f9db30c5b7fd795591376066fab00,2014-06-09,2014-06-09,2014-06-14
2928,497554337,H,2014-06-10,,43,Online,4,6240,681907.2,223641.6,458265.6,2014-06-10,2014-06-10,2014-07-28,d24522e9098144dfd014abbc8a206225,2014-06-10,2014-06-10,2014-07-28
2929,260343635,H,2014-06-11,,96,Online,4,322,35188.16,11540.48,23647.68,2014-06-11,2014-06-11,2014-06-12,4c6589f4b92234e5baef55ba2a472e31,2014-06-11,2014-06-11,2014-06-12
2930,651247489,C,2014-06-11,,54,Offline,6,7459,1149133.54,678246.87,470886.67,2014-06-11,2014-06-11,2014-07-02,6104553a18e09c3ca1411966897c2798,2014-06-11,2014-06-11,2014-07-02
2931,191624581,C,2014-06-12,,70,Online,1,4827,45035.91,33402.84,11633.07,2014-06-12,2014-06-12,2014-08-01,9cc2fa9fd3f8021564fd5a55044025e1,2014-06-12,2014-06-12,2014-08-01
2932,299465692,H,2014-06-13,,82,Offline,11,7408,4824163.68,3888903.68,935260,2014-06-13,2014-06-13,2014-06-26,9e84ed7106dfff38350c00208638206a,2014-06-13,2014-06-13,2014-06-26
2933,657033336,C,2014-06-13,,158,Online,10,9620,4205864,2533234.6,1672629.4,2014-06-13,2014-06-13,2014-07-02,b90598d3f4942a5f6e77e20e315b07dd,2014-06-13,2014-06-13,2014-07-02
2934,794235408,H,2014-06-13,,93,Online,6,762,117393.72,69288.66,48105.06,2014-06-13,2014-06-13,2014-07-06,13a3d8c7713cadf5f0fb8b8e49c3940b,2014-06-13,2014-06-13,2014-07-06
2935,943835294,C,2014-06-13,,62,Online,4,692,75621.76,24801.28,50820.48,2014-06-13,2014-06-13,2014-08-01,664cc5713a6190780a74206d868d4d3c,2014-06-13,2014-06-13,2014-08-01
2936,243144452,H,2014-06-14,,75,Online,7,701,144195.7,82094.11,62101.59,2014-06-14,2014-06-14,2014-07-16,3c820fd06f71224389cb647c548d7c77,2014-06-14,2014-06-14,2014-07-16
2937,974888837,C,2014-06-14,,29,Online,6,126,19411.56,11457.18,7954.38,2014-06-14,2014-06-14,2014-07-22,b1f4e05b68c53c654b28e0e899cdde0b,2014-06-14,2014-06-14,2014-07-22
2938,729373586,C,2014-06-15,,138,Offline,11,6707,4367665.47,3520906.72,846758.75,2014-06-15,2014-06-15,2014-07-05,e34155bccf0271281083af02f1e6509e,2014-06-15,2014-06-15,2014-07-05
2939,837450730,H,2014-06-15,,107,Offline,6,9136,1407492.16,830736.48,576755.68,2014-06-15,2014-06-15,2014-07-19,17f292c29600a5d6a7d781489d9c3366,2014-06-15,2014-06-15,2014-07-19
2940,523570477,C,2014-06-15,,8,Online,7,4994,1027265.8,584847.34,442418.46,2014-06-15,2014-06-15,2014-07-23,cdffb1e7995df63d6f2404bc85ce046c,2014-06-15,2014-06-15,2014-07-23
2941,768731677,C,2014-06-16,,121,Online,5,3641,555543.78,354779.04,200764.74,2014-06-16,2014-06-16,2014-07-18,37970dcbe51ca66ba3b5f8340b638deb,2014-06-16,2014-06-16,2014-07-18
2942,124126040,H,2014-06-17,,61,Offline,4,509,55623.52,18242.56,37380.96,2014-06-17,2014-06-17,2014-08-02,684caefff8adeeb229644b5d77e31c38,2014-06-17,2014-06-17,2014-08-02
2943,219451320,M,2014-06-18,,155,Offline,9,9377,3956062.53,3419698.13,536364.4,2014-06-18,2014-06-18,2014-07-02,5cfebff807526bc614ad0732e43c3169,2014-06-18,2014-06-18,2014-07-02
2944,597839343,C,2014-06-18,,134,Offline,3,2802,229007.46,158789.34,70218.12,2014-06-18,2014-06-18,2014-07-26,ee7a653368511acab912b56c774f1254,2014-06-18,2014-06-18,2014-07-26
2945,765858924,H,2014-06-19,,26,Offline,12,3530,2358993.1,1773966.2,585026.9,2014-06-19,2014-06-19,2014-07-21,474c02c1da186c0832e5e4903c47e3f9,2014-06-19,2014-06-19,2014-07-21
2946,693046605,L,2014-06-20,,85,Online,2,6746,320097.7,214455.34,105642.36,2014-06-20,2014-06-20,2014-07-21,557727005213aeeeeee74ce84f35b1fe,2014-06-20,2014-06-20,2014-07-21
2947,844575107,H,2014-06-21,,118,Online,9,7397,3120720.33,2697611.93,423108.4,2014-06-21,2014-06-21,2014-06-26,0c620ccf13ac52ac0eec771d75bf3e0b,2014-06-21,2014-06-21,2014-06-26
2948,243892896,C,2014-06-21,,175,Offline,12,2183,1458833.41,1097044.82,361788.59,2014-06-21,2014-06-21,2014-07-22,27fca0e7cfaeb0427c08ac6e98acac85,2014-06-21,2014-06-21,2014-07-22
2949,162658011,C,2014-06-21,,95,Offline,12,2975,1988103.25,1495056.5,493046.75,2014-06-21,2014-06-21,2014-07-24,075c8e920ce58b8fb7785f352f4c4c9a,2014-06-21,2014-06-21,2014-07-24
2950,931477820,L,2014-06-23,,180,Online,2,3841,182255.45,122105.39,60150.06,2014-06-23,2014-06-23,2014-07-19,1893f53cabdb691536db03afbbec56cb,2014-06-23,2014-06-23,2014-07-19
2951,224647080,H,2014-06-23,,91,Offline,11,6918,4505070.78,3631673.28,873397.5,2014-06-23,2014-06-23,2014-07-30,033ced04ce85aa9c9f4fa82a9757261a,2014-06-23,2014-06-23,2014-07-30
2952,386526763,M,2014-06-24,,21,Offline,3,713,58273.49,40405.71,17867.78,2014-06-24,2014-06-24,2014-07-01,a91a0188cc7e0ce5303746e6e93ec6cd,2014-06-24,2014-06-24,2014-07-01
2953,669353473,C,2014-06-24,,18,Online,1,5422,50587.26,37520.24,13067.02,2014-06-24,2014-06-24,2014-07-07,55975e5669ec209b506dab49582ef74d,2014-06-24,2014-06-24,2014-07-07
2954,315997111,C,2014-06-24,,123,Online,10,9422,4119298.4,2481095.26,1638203.14,2014-06-24,2014-06-24,2014-07-25,01f80c3efc1bbf9a8cf9800ab7394832,2014-06-24,2014-06-24,2014-07-25
2955,716898095,H,2014-06-25,,124,Offline,1,4932,46015.56,34129.44,11886.12,2014-06-25,2014-06-25,2014-07-17,e9b37da741c25530d2b312a1bce32fd6,2014-06-25,2014-06-25,2014-07-17
2956,822692573,L,2014-06-26,,52,Online,4,1869,204244.32,66984.96,137259.36,2014-06-26,2014-06-26,2014-07-07,4d7fde7ef1c292811203b4b1129804df,2014-06-26,2014-06-26,2014-07-07
2957,662623488,C,2014-06-26,,66,Offline,9,3870,1632714.3,1411350.3,221364,2014-06-26,2014-06-26,2014-07-11,2c27bd00f4fb15161e653ee56ede9916,2014-06-26,2014-06-26,2014-07-11
2958,762514102,L,2014-06-26,,10,Online,2,3722,176608.9,118322.38,58286.52,2014-06-26,2014-06-26,2014-07-28,9df31da09362200e8d8f3afa1404c231,2014-06-26,2014-06-26,2014-07-28
2959,916089236,C,2014-06-27,,180,Offline,10,17,7432.4,4476.61,2955.79,2014-06-27,2014-06-27,2014-07-28,c03622d419214604de560604881b32eb,2014-06-27,2014-06-27,2014-07-28
2960,901408755,C,2014-06-27,,63,Offline,12,5737,3833864.99,2883071.98,950793.01,2014-06-27,2014-06-27,2014-08-01,9ee05f3081a7de4f2b34fa998b256691,2014-06-27,2014-06-27,2014-08-01
2961,749762237,L,2014-06-27,,78,Online,12,162,108259.74,81411.48,26848.26,2014-06-27,2014-06-27,2014-08-02,ba17e863a593484af44409bad9a35a3b,2014-06-27,2014-06-27,2014-08-02
2962,672856652,C,2014-06-27,,185,Online,12,2091,1397352.57,1050811.14,346541.43,2014-06-27,2014-06-27,2014-08-03,8291961907672eb39613d01996bde0fa,2014-06-27,2014-06-27,2014-08-03
2963,732917106,M,2014-06-28,,104,Online,10,5313,2322843.6,1399072.29,923771.31,2014-06-28,2014-06-28,2014-08-09,d98316ac6c697267338894e9268741f2,2014-06-28,2014-06-28,2014-08-09
2964,980124938,C,2014-06-29,,148,Online,3,9605,785016.65,544315.35,240701.3,2014-06-29,2014-06-29,2014-07-07,65e349f8338527b2b64095f834ca362c,2014-06-29,2014-06-29,2014-07-07
2965,745078885,M,2014-06-29,,67,Offline,3,4254,347679.42,241074.18,106605.24,2014-06-29,2014-06-29,2014-07-11,e29bd619e8235c8924a6b3ceb967e7d7,2014-06-29,2014-06-29,2014-07-11
2966,530853211,L,2014-06-30,,174,Offline,2,117,5551.65,3719.43,1832.22,2014-06-30,2014-06-30,2014-08-02,e11fa14986b1ed559648a490dbb57090,2014-06-30,2014-06-30,2014-08-02
2967,701155459,L,2014-07-01,,119,Offline,6,6337,976278.22,576223.41,400054.81,2014-07-01,2014-07-01,2014-07-02,027c045ada3439bfaf861b92e5b5978c,2014-07-01,2014-07-01,2014-07-02
2968,682381713,M,2014-07-01,,95,Online,3,768,62768.64,43522.56,19246.08,2014-07-01,2014-07-01,2014-07-08,699894e7beb1cf6932d134eb441d8061,2014-07-01,2014-07-01,2014-07-08
2969,139949357,H,2014-07-01,,33,Online,6,2980,459098.8,270971.4,188127.4,2014-07-01,2014-07-01,2014-07-14,427a562b9366cbecd8b057d60c3b9479,2014-07-01,2014-07-01,2014-07-14
2970,235392653,C,2014-07-02,,116,Online,6,6772,1043294.32,615777.96,427516.36,2014-07-02,2014-07-02,2014-07-08,fc668ddd333e2a3893b8743b89cf6403,2014-07-02,2014-07-02,2014-07-08
2971,727997720,C,2014-07-02,,43,Offline,6,9558,1472505.48,869108.94,603396.54,2014-07-02,2014-07-02,2014-07-19,ff783565464e142b645620d50f8204c0,2014-07-02,2014-07-02,2014-07-19
2972,653020751,H,2014-07-02,,41,Offline,3,2207,180378.11,125070.69,55307.42,2014-07-02,2014-07-02,2014-07-19,2b6684cfa58ca9deffc8241f53d15036,2014-07-02,2014-07-02,2014-07-19
2973,989886033,L,2014-07-02,,133,Online,1,8129,75843.57,56252.68,19590.89,2014-07-02,2014-07-02,2014-08-01,2589385744bfb26ec2dd5b4641484d50,2014-07-02,2014-07-02,2014-08-01
2974,256095016,H,2014-07-02,,140,Offline,11,3061,1993353.81,1606902.56,386451.25,2014-07-02,2014-07-02,2014-08-21,4f891389173a6f9652bbfbdf9461adae,2014-07-02,2014-07-02,2014-08-21
2975,956313788,M,2014-07-03,,184,Online,3,3356,274285.88,190184.52,84101.36,2014-07-03,2014-07-03,2014-07-19,ade4274a842402df919020bb8cdf5e26,2014-07-03,2014-07-03,2014-07-19
2976,332528531,L,2014-07-04,,123,Online,2,1437,68185.65,45682.23,22503.42,2014-07-04,2014-07-04,2014-08-22,d400313d7a1c9f54abe0863b3ec92da3,2014-07-04,2014-07-04,2014-08-22
2977,305332219,L,2014-07-05,,29,Offline,5,3444,525485.52,335583.36,189902.16,2014-07-05,2014-07-05,2014-07-12,8bb5e3d82a1e29fac087c5dbc91fddf6,2014-07-05,2014-07-05,2014-07-12
2978,895663249,H,2014-07-05,,14,Online,1,5514,51445.62,38156.88,13288.74,2014-07-05,2014-07-05,2014-08-10,0dd248b5136882fa8738e7948d1f6285,2014-07-05,2014-07-05,2014-08-10
2979,806241834,M,2014-07-05,,93,Offline,4,3730,407614.4,133683.2,273931.2,2014-07-05,2014-07-05,2014-08-15,9c8e974be35bdeba377253c7fc417eb0,2014-07-05,2014-07-05,2014-08-15
2980,494526231,M,2014-07-05,,129,Online,11,156,101588.76,81893.76,19695,2014-07-05,2014-07-05,2014-08-19,923d6eb1fd74f95f3f6f15832159a612,2014-07-05,2014-07-05,2014-08-19
2981,764483058,C,2014-07-06,,90,Offline,9,6380,2691658.2,2326722.2,364936,2014-07-06,2014-07-06,2014-08-05,049544810f16a29297f923554b4c56f7,2014-07-06,2014-07-06,2014-08-05
2982,602249324,C,2014-07-07,,105,Online,1,7813,72895.29,54065.96,18829.33,2014-07-07,2014-07-07,2014-08-10,f3c70a4a88c4d01f4094f4da997b6289,2014-07-07,2014-07-07,2014-08-10
2983,606224572,M,2014-07-08,,134,Offline,10,4177,1826184.4,1099929.41,726254.99,2014-07-08,2014-07-08,2014-07-15,6195d54f8fa999920005e3ec0281589e,2014-07-08,2014-07-08,2014-07-15
2984,140461766,C,2014-07-08,,155,Online,10,4613,2016803.6,1214741.29,802062.31,2014-07-08,2014-07-08,2014-07-20,bfe3edb383999cbdf0397d45eb3f3f74,2014-07-08,2014-07-08,2014-07-20
2985,739097344,M,2014-07-08,,56,Offline,6,4183,644432.98,380360.19,264072.79,2014-07-08,2014-07-08,2014-07-20,51bc78da0069c572262f8ad44de99c2d,2014-07-08,2014-07-08,2014-07-20
2986,778691470,L,2014-07-08,,68,Offline,3,965,78869.45,54686.55,24182.9,2014-07-08,2014-07-08,2014-08-01,cd4925f36d98aef591580631dfe5c4a1,2014-07-08,2014-07-08,2014-08-01
2987,978000628,C,2014-07-09,,143,Online,2,974,46216.3,30963.46,15252.84,2014-07-09,2014-07-09,2014-07-16,33cd6e4656efc87321535e3e5b8e6a6a,2014-07-09,2014-07-09,2014-07-16
2988,535104835,C,2014-07-10,,40,Online,2,8267,392269.15,262807.93,129461.22,2014-07-10,2014-07-10,2014-07-15,2c812d33ffa027550f889b0422978ca8,2014-07-10,2014-07-10,2014-07-15
2989,904952275,H,2014-07-10,,1,Offline,11,4343,2828205.03,2279901.28,548303.75,2014-07-10,2014-07-10,2014-07-17,e1e7bd2b3f6679507aa3c36fc59a476d,2014-07-10,2014-07-10,2014-07-17
2990,208590734,C,2014-07-11,,175,Online,4,5488,599728.64,196689.92,403038.72,2014-07-11,2014-07-11,2014-08-19,377a219bec0a20c2f644ed8bdd5a1e54,2014-07-11,2014-07-11,2014-08-19
2991,927583253,L,2014-07-11,,14,Offline,4,1352,147746.56,48455.68,99290.88,2014-07-11,2014-07-11,2014-08-30,1d142012dd049d5434a7386011dab35a,2014-07-11,2014-07-11,2014-08-30
2992,129166448,H,2014-07-13,,21,Offline,12,2077,1387996.79,1043775.58,344221.21,2014-07-13,2014-07-13,2014-07-28,fbe4092c24393c89e3068871fd0fa5f7,2014-07-13,2014-07-13,2014-07-28
2993,224727761,L,2014-07-13,,77,Online,7,793,163120.1,92868.23,70251.87,2014-07-13,2014-07-13,2014-08-15,4892c27b408119fa9ad6473831caeb33,2014-07-13,2014-07-13,2014-08-15
2994,663176238,L,2014-07-14,,64,Offline,12,7441,4972597.07,3739400.14,1233196.93,2014-07-14,2014-07-14,2014-07-26,72eedd17e87d9c566222d36d88d5fad9,2014-07-14,2014-07-14,2014-07-26
2995,357482516,C,2014-07-14,,138,Online,2,5875,278768.75,186766.25,92002.5,2014-07-14,2014-07-14,2014-07-28,eb3ec6796035ed14de40c239492d24a5,2014-07-14,2014-07-14,2014-07-28
2996,648495757,L,2014-07-14,,87,Online,10,3160,1381552,832122.8,549429.2,2014-07-14,2014-07-14,2014-07-31,3ebc02a8b027fe0f0a138f9cb29e949b,2014-07-14,2014-07-14,2014-07-31
2997,295139396,L,2014-07-14,,72,Offline,7,7161,1473017.7,838624.71,634392.99,2014-07-14,2014-07-14,2014-08-18,0686d9b077971c5f9061c51de4698475,2014-07-14,2014-07-14,2014-08-18
2998,517433583,H,2014-07-15,,87,Offline,5,8951,1365743.58,872185.44,493558.14,2014-07-15,2014-07-15,2014-08-20,765700b10a41f58b6f462364453d2824,2014-07-15,2014-07-15,2014-08-20
2999,849969565,H,2014-07-15,,181,Online,9,3737,1576602.93,1362846.53,213756.4,2014-07-15,2014-07-15,2014-09-03,4f25583bef139d5e1599ff09cee84ed8,2014-07-15,2014-07-15,2014-09-03
3000,475792825,M,2014-07-15,,178,Offline,8,6525,1665702,1040215.5,625486.5,2014-07-15,2014-07-15,2014-09-03,efb9e9df582d9cc566d83a2b73a4f370,2014-07-15,2014-07-15,2014-09-03
3001,655974185,M,2014-07-18,,116,Offline,11,6193,4032943.53,3251077.28,781866.25,2014-07-18,2014-07-18,2014-07-31,82b6c996852636b25a3281acd7f89fda,2014-07-18,2014-07-18,2014-07-31
3002,101025998,M,2014-07-18,,33,Online,12,4693,3136191.11,2358420.22,777770.89,2014-07-18,2014-07-18,2014-08-11,6a42a5b59ae1b9b01c07f12a5125c2fe,2014-07-18,2014-07-18,2014-08-11
3003,294077241,H,2014-07-19,,159,Offline,4,2845,310901.6,101964.8,208936.8,2014-07-19,2014-07-19,2014-07-28,9a8206ab4a5ea931dc0b7362bf815f13,2014-07-19,2014-07-19,2014-07-28
3004,967689788,M,2014-07-19,,114,Online,4,9767,1067337.76,350049.28,717288.48,2014-07-19,2014-07-19,2014-07-28,a3970227676264c7d57aeacfb0500036,2014-07-19,2014-07-19,2014-07-28
3005,456192958,L,2014-07-19,,167,Online,3,6489,530345.97,367731.63,162614.34,2014-07-19,2014-07-19,2014-08-18,5137edcd426b89443daa063ece3cde96,2014-07-19,2014-07-19,2014-08-18
3006,312732970,C,2014-07-20,,119,Online,10,3490,1525828,919021.7,606806.3,2014-07-20,2014-07-20,2014-08-17,36bbe3eab6ba8d01be7ec03cc3479070,2014-07-20,2014-07-20,2014-08-17
3007,539002406,C,2014-07-21,,134,Online,4,1645,179765.6,58956.8,120808.8,2014-07-21,2014-07-21,2014-07-23,e6fa2245cfae673128a6bd10bfafad72,2014-07-21,2014-07-21,2014-07-23
3008,100317895,L,2014-07-22,,159,Offline,11,5149,3353080.29,2703019.04,650061.25,2014-07-22,2014-07-22,2014-08-14,63ea4b9a639ada50cfba6dc12d534747,2014-07-22,2014-07-22,2014-08-14
3009,694624173,C,2014-07-22,,142,Offline,12,3584,2395079.68,1801103.36,593976.32,2014-07-22,2014-07-22,2014-08-16,42104f58b20686f73245174cf45e3471,2014-07-22,2014-07-22,2014-08-16
3010,476187217,M,2014-07-23,,115,Offline,11,3234,2106013.14,1697720.64,408292.5,2014-07-23,2014-07-23,2014-08-15,840492c42d32eea73ff1cb6898c1b2ff,2014-07-23,2014-07-23,2014-08-15
3011,307577550,H,2014-07-24,,71,Online,3,7887,644604.51,446956.29,197648.22,2014-07-24,2014-07-24,2014-07-27,810f61b4948b8ef9ee91a1f2dda2811a,2014-07-24,2014-07-24,2014-07-27
3012,409514796,L,2014-07-24,,32,Online,3,3383,276492.59,191714.61,84777.98,2014-07-24,2014-07-24,2014-09-07,2146df3d7d8252d0c6b06bf1bf41ffff,2014-07-24,2014-07-24,2014-09-07
3013,835329425,M,2014-07-25,,49,Online,6,1395,214913.7,126847.35,88066.35,2014-07-25,2014-07-25,2014-07-27,f77031ce2e45522d1c4508f06125ef6f,2014-07-25,2014-07-25,2014-07-27
3014,650346696,H,2014-07-25,,42,Online,6,894,137729.64,81291.42,56438.22,2014-07-25,2014-07-25,2014-09-03,fc11347d088567e1b676796cf5624679,2014-07-25,2014-07-25,2014-09-03
3015,195171105,M,2014-07-25,,118,Online,3,4322,353237.06,244927.74,108309.32,2014-07-25,2014-07-25,2014-09-04,bed33656fdb9dd0c4d7171bb317e39d5,2014-07-25,2014-07-25,2014-09-04
3016,770821654,C,2014-07-26,,33,Offline,11,2112,1375355.52,1108715.52,266640,2014-07-26,2014-07-26,2014-08-19,a673c230e88f072d8f38c23c892b6d03,2014-07-26,2014-07-26,2014-08-19
3017,385939681,M,2014-07-27,,44,Online,6,6983,1075800.98,634964.19,440836.79,2014-07-27,2014-07-27,2014-07-29,e378b8501b7eba509982c148f5ca7499,2014-07-27,2014-07-27,2014-07-29
3018,835093390,H,2014-07-27,,88,Offline,3,1547,126436.31,87668.49,38767.82,2014-07-27,2014-07-27,2014-07-29,d257720f91f46fedf9dc570a5fd1cdbb,2014-07-27,2014-07-27,2014-07-29
3019,666483724,C,2014-07-28,,167,Online,12,6199,4142605.73,3115245.46,1027360.27,2014-07-28,2014-07-28,2014-08-31,beed4605e1e2072f155e5315e878f569,2014-07-28,2014-07-28,2014-08-31
3020,533256900,H,2014-07-29,,71,Offline,6,1422,219073.32,129302.46,89770.86,2014-07-29,2014-07-29,2014-07-31,0543b40887ea737df568b363cf6cb01d,2014-07-29,2014-07-29,2014-07-31
3021,755669105,M,2014-07-29,,161,Offline,11,8136,5298244.56,4271074.56,1027170,2014-07-29,2014-07-29,2014-08-27,52ae51c9ed0cd8adae4f7479ae79bf85,2014-07-29,2014-07-29,2014-08-27
3022,828245389,L,2014-07-29,,27,Online,11,5071,3302285.91,2662072.16,640213.75,2014-07-29,2014-07-29,2014-08-27,0ce642a701ba343b343991b6fa0a7834,2014-07-29,2014-07-29,2014-08-27
3023,483193576,L,2014-07-30,,143,Online,1,6572,61316.76,45478.24,15838.52,2014-07-30,2014-07-30,2014-08-18,3d93d3ff31bc42cd2356a3b0c890b835,2014-07-30,2014-07-30,2014-08-18
3024,967258059,M,2014-07-31,,94,Online,3,2009,164195.57,113850.03,50345.54,2014-07-31,2014-07-31,2014-08-08,50878d5a2ac301e8430d626f01c2e1ea,2014-07-31,2014-07-31,2014-08-08
3025,404005324,H,2014-07-31,,156,Online,2,3008,142729.6,95624.32,47105.28,2014-07-31,2014-07-31,2014-09-15,713abad9b282d3921d3c3861e76e5d8d,2014-07-31,2014-07-31,2014-09-15
3026,256098020,M,2014-08-01,,161,Offline,8,3950,1008356,629709,378647,2014-08-01,2014-08-01,2014-08-21,c4e0e52064ef2bd6dbcc64fe72088656,2014-08-01,2014-08-01,2014-08-21
3027,835959851,L,2014-08-01,,82,Offline,9,7952,3354869.28,2900014.88,454854.4,2014-08-01,2014-08-01,2014-08-27,cf2b4935b11a8cdaa6ecd7ccebc83490,2014-08-01,2014-08-01,2014-08-27
3028,287151563,M,2014-08-02,,58,Offline,3,3383,276492.59,191714.61,84777.98,2014-08-02,2014-08-02,2014-08-11,2a1c784586097b32aac093285df68ed6,2014-08-02,2014-08-02,2014-08-11
3029,118659913,C,2014-08-02,,84,Online,7,2960,608872,346645.6,262226.4,2014-08-02,2014-08-02,2014-08-17,9a180d302089c8a21a0bed2548836793,2014-08-02,2014-08-02,2014-08-17
3030,472134292,M,2014-08-02,,16,Offline,9,3884,1638620.76,1416455.96,222164.8,2014-08-02,2014-08-02,2014-08-25,6b28a42adca98aa37cbda5eefd577158,2014-08-02,2014-08-02,2014-08-25
3031,902160203,C,2014-08-03,,130,Online,5,8107,1236966.06,789946.08,447019.98,2014-08-03,2014-08-03,2014-08-07,12d889ee4e46f2d30574080e2dea6fdd,2014-08-03,2014-08-03,2014-08-07
3032,517514264,L,2014-08-03,,75,Offline,9,2826,1192261.14,1030613.94,161647.2,2014-08-03,2014-08-03,2014-09-04,82779407466c16e52278ac3780baf9ee,2014-08-03,2014-08-03,2014-09-04
3033,883504474,H,2014-08-03,,11,Offline,11,7462,4859329.02,3917251.52,942077.5,2014-08-03,2014-08-03,2014-09-08,c73500dfe77bc148ae09ccad118361d4,2014-08-03,2014-08-03,2014-09-08
3034,168487203,H,2014-08-03,,33,Offline,11,7962,5184934.02,4179731.52,1005202.5,2014-08-03,2014-08-03,2014-09-21,aa44fb4ae4ce1320c061620c798f9bdd,2014-08-03,2014-08-03,2014-09-21
3035,554825723,H,2014-08-04,,123,Offline,6,4116,634110.96,374267.88,259843.08,2014-08-04,2014-08-04,2014-08-24,67e68331c6924c46d8b70e5c912b3b9e,2014-08-04,2014-08-04,2014-08-24
3036,128539025,C,2014-08-05,,184,Online,7,6409,1318331.3,750557.99,567773.31,2014-08-05,2014-08-05,2014-08-16,5606d2df96d0ede3e4280b05751f40ff,2014-08-05,2014-08-05,2014-08-16
3037,828993833,M,2014-08-05,,145,Offline,8,6552,1672594.56,1044519.84,628074.72,2014-08-05,2014-08-05,2014-09-02,4b8b264307f2ac5b88769f1679416b18,2014-08-05,2014-08-05,2014-09-02
3038,406564366,M,2014-08-07,,163,Online,6,286,44061.16,26005.98,18055.18,2014-08-07,2014-08-07,2014-08-25,a3ff35e694e206abe4e193ed80fca177,2014-08-07,2014-08-07,2014-08-25
3039,570844733,H,2014-08-07,,177,Offline,1,4497,41957.01,31119.24,10837.77,2014-08-07,2014-08-07,2014-09-15,11d4af10ab6b2df685bfa96f70bdd22f,2014-08-07,2014-08-07,2014-09-15
3040,335680663,C,2014-08-08,,87,Offline,5,4223,644345.34,411489.12,232856.22,2014-08-08,2014-08-08,2014-08-25,a0b3b6c4e173c5409df55ef9ea0df127,2014-08-08,2014-08-08,2014-08-25
3041,260821712,C,2014-08-08,,73,Offline,9,1795,757292.55,654618.55,102674,2014-08-08,2014-08-08,2014-09-19,6c256003640e49bd4579306b4aa79571,2014-08-08,2014-08-08,2014-09-19
3042,329540765,H,2014-08-08,,65,Online,2,7290,345910.5,231749.1,114161.4,2014-08-08,2014-08-08,2014-09-21,689bd57eb04c3d95315ab643b91e6e5b,2014-08-08,2014-08-08,2014-09-21
3043,138182103,C,2014-08-09,,101,Online,11,10,6512.1,5249.6,1262.5,2014-08-09,2014-08-09,2014-08-16,8874d0c5a78b7f4f495ed6999b27c14b,2014-08-09,2014-08-09,2014-08-16
3044,857174623,L,2014-08-09,,59,Online,6,5874,904948.44,534122.82,370825.62,2014-08-09,2014-08-09,2014-08-27,5d576e3f3cf979ba49cbe80ff8ab74a5,2014-08-09,2014-08-09,2014-08-27
3045,798806750,C,2014-08-10,,31,Offline,11,3524,2294864.04,1849959.04,444905,2014-08-10,2014-08-10,2014-08-22,3e9b6b2c8fdd53fd1aa04496b07315aa,2014-08-10,2014-08-10,2014-08-22
3046,879923617,M,2014-08-10,,5,Online,8,7807,1992970.96,1244591.94,748379.02,2014-08-10,2014-08-10,2014-09-15,984d6880873e0680cdc51da8b3834f89,2014-08-10,2014-08-10,2014-09-15
3047,954546535,M,2014-08-11,,2,Online,12,387,258620.49,194482.98,64137.51,2014-08-11,2014-08-11,2014-08-21,62daaacdc912ad866d4efc303be11b32,2014-08-11,2014-08-11,2014-08-21
3048,459894835,C,2014-08-11,,136,Offline,7,1957,402554.9,229184.27,173370.63,2014-08-11,2014-08-11,2014-09-05,dc6401c80dbc8ef265ebb2d2e93ce30a,2014-08-11,2014-08-11,2014-09-05
3049,850562655,M,2014-08-11,,58,Offline,8,9246,2360318.88,1473997.32,886321.56,2014-08-11,2014-08-11,2014-09-25,be3097c14335556a09be25a97e21dd37,2014-08-11,2014-08-11,2014-09-25
3050,538847053,H,2014-08-11,,53,Offline,12,5672,3790427.44,2850406.88,940020.56,2014-08-11,2014-08-11,2014-09-29,ba7d98aa94a300105cb781e9e07c224a,2014-08-11,2014-08-11,2014-09-29
3051,871147000,C,2014-08-12,,137,Online,12,611,408312.97,307051.94,101261.03,2014-08-12,2014-08-12,2014-08-25,281048e87a5f00e1d8abf1c9fa79b752,2014-08-12,2014-08-12,2014-08-25
3052,141685283,H,2014-08-12,,92,Online,5,6679,1019081.82,650801.76,368280.06,2014-08-12,2014-08-12,2014-09-12,b57d8cb3a63faa20579a54a14d186f34,2014-08-12,2014-08-12,2014-09-12
3053,987410676,C,2014-08-13,,94,Offline,7,5616,1155211.2,657689.76,497521.44,2014-08-13,2014-08-13,2014-09-06,e20a6ed8a95580535a9abcd5d88c4508,2014-08-13,2014-08-13,2014-09-06
3054,108231055,L,2014-08-13,,110,Online,9,6829,2881086.81,2490468.01,390618.8,2014-08-13,2014-08-13,2014-09-24,40c1ab15d2cc6f12ec3ab7bfac330f3a,2014-08-13,2014-08-13,2014-09-24
3055,820965659,C,2014-08-14,,85,Online,10,837,365936.4,220407.21,145529.19,2014-08-14,2014-08-14,2014-08-18,7104b357658019cf9b74017d94e34ed9,2014-08-14,2014-08-14,2014-08-18
3056,457022082,C,2014-08-15,,113,Online,5,1845,281510.1,179776.8,101733.3,2014-08-15,2014-08-15,2014-09-10,019db1c59526d63efa4bf766eaf93731,2014-08-15,2014-08-15,2014-09-10
3057,342450988,H,2014-08-16,,154,Offline,2,7712,365934.4,245164.48,120769.92,2014-08-16,2014-08-16,2014-08-29,754c18f62eed8efe91d70a7dcdf97aeb,2014-08-16,2014-08-16,2014-08-29
3058,253029572,M,2014-08-16,,128,Online,11,5928,3860372.88,3111962.88,748410,2014-08-16,2014-08-16,2014-09-03,860820f15bf0ba2cbf2c5250a5b23cf8,2014-08-16,2014-08-16,2014-09-03
3059,976351392,M,2014-08-16,,55,Online,6,2928,451087.68,266243.04,184844.64,2014-08-16,2014-08-16,2014-09-12,635bcee09a2c53a8703605a19c9cd554,2014-08-16,2014-08-16,2014-09-12
3060,471348512,M,2014-08-16,,24,Online,1,1354,12632.82,9369.68,3263.14,2014-08-16,2014-08-16,2014-10-01,6697f1d1bad25877997e896e00d66a9e,2014-08-16,2014-08-16,2014-10-01
3061,169748055,L,2014-08-17,,150,Offline,4,1077,117694.56,38599.68,79094.88,2014-08-17,2014-08-17,2014-10-02,d98bd52e8721b83586c4e40d3e128143,2014-08-17,2014-08-17,2014-10-02
3062,701475179,M,2014-08-18,,132,Online,11,949,617998.29,498187.04,119811.25,2014-08-18,2014-08-18,2014-09-05,1ce18659751a5c320c1e3803a9f0e91f,2014-08-18,2014-08-18,2014-09-05
3063,747327220,H,2014-08-18,,26,Online,5,9587,1462784.46,934157.28,528627.18,2014-08-18,2014-08-18,2014-09-15,5792ada4c4448274768a0d6fc7efee2c,2014-08-18,2014-08-18,2014-09-15
3064,265191352,M,2014-08-18,,30,Offline,5,4869,742912.02,474435.36,268476.66,2014-08-18,2014-08-18,2014-09-26,a5a48f9c1500208b9a8350ed35403ff3,2014-08-18,2014-08-18,2014-09-26
3065,930145299,C,2014-08-18,,68,Online,4,9519,1040236.32,341160.96,699075.36,2014-08-18,2014-08-18,2014-09-30,2c08d9efb3567f76558826c38aef38ef,2014-08-18,2014-08-18,2014-09-30
3066,198282897,L,2014-08-19,,60,Online,10,5170,2260324,1361416.1,898907.9,2014-08-19,2014-08-19,2014-08-30,b7f4ee75aca5d4cd6fda3a141fcd43cb,2014-08-19,2014-08-19,2014-08-30
3067,115237414,H,2014-08-19,,126,Offline,6,167,25728.02,15185.31,10542.71,2014-08-19,2014-08-19,2014-09-27,5cc30e689eaa52fcf928a9100639d038,2014-08-19,2014-08-19,2014-09-27
3068,859261596,M,2014-08-19,,135,Offline,6,3456,532431.36,314254.08,218177.28,2014-08-19,2014-08-19,2014-09-29,9fbd6b1de9f53615663e9d80ff1c1e74,2014-08-19,2014-08-19,2014-09-29
3069,780427396,L,2014-08-19,,182,Online,7,4664,959384.8,546201.04,413183.76,2014-08-19,2014-08-19,2014-09-30,e8f6ef4e3e0f263409c161b12890a032,2014-08-19,2014-08-19,2014-09-30
3070,642871272,L,2014-08-20,,162,Online,12,8750,5847362.5,4397225,1450137.5,2014-08-20,2014-08-20,2014-09-01,634f5316de37ed846e0fac61e958ffb3,2014-08-20,2014-08-20,2014-09-01
3071,104650199,H,2014-08-20,,55,Offline,7,7174,1475691.8,840147.14,635544.66,2014-08-20,2014-08-20,2014-10-01,edc338bc109787b71441e150f15a917d,2014-08-20,2014-08-20,2014-10-01
3072,447419345,H,2014-08-21,,175,Offline,2,182,8635.9,5785.78,2850.12,2014-08-21,2014-08-21,2014-09-18,98f9575fd0274ada00c7c8f11bded0cd,2014-08-21,2014-08-21,2014-09-18
3073,592807948,C,2014-08-21,,184,Offline,12,3900,2606253,1959906,646347,2014-08-21,2014-08-21,2014-09-19,561083e1d5046c026549bbadf070f558,2014-08-21,2014-08-21,2014-09-19
3074,505551183,L,2014-08-21,,17,Online,7,2684,552098.8,314323.24,237775.56,2014-08-21,2014-08-21,2014-09-23,d02706e2a248b91f266283aefb834345,2014-08-21,2014-08-21,2014-09-23
3075,447183310,C,2014-08-22,,137,Offline,10,334,146024.8,87952.22,58072.58,2014-08-22,2014-08-22,2014-09-19,4f52dfa4d4ba9621303fa2696a56e918,2014-08-22,2014-08-22,2014-09-19
3076,139560973,H,2014-08-22,,97,Online,10,8048,3518585.6,2119279.84,1399305.76,2014-08-22,2014-08-22,2014-09-21,d5d12f9f6f6789bedf1dd4d98d62450f,2014-08-22,2014-08-22,2014-09-21
3077,796328389,H,2014-08-22,,2,Offline,3,121,9889.33,6857.07,3032.26,2014-08-22,2014-08-22,2014-09-27,4b3782adbc9f6103456a9d629ab2b86e,2014-08-22,2014-08-22,2014-09-27
3078,617485558,C,2014-08-23,,150,Offline,3,6554,535658.42,371415.18,164243.24,2014-08-23,2014-08-23,2014-10-08,2fa13a129e21d2409eec8d4473d7ffac,2014-08-23,2014-08-23,2014-10-08
3079,209736573,C,2014-08-24,,30,Offline,11,4568,2974727.28,2398017.28,576710,2014-08-24,2014-08-24,2014-09-24,4397716540da3a3dcb929c504ddb6a87,2014-08-24,2014-08-24,2014-09-24
3080,839543712,H,2014-08-24,,150,Online,3,8496,694378.08,481468.32,212909.76,2014-08-24,2014-08-24,2014-10-10,a717dc78abeb94abb551a0c4ce3274bf,2014-08-24,2014-08-24,2014-10-10
3081,571161448,L,2014-08-25,,84,Online,12,8220,5493179.4,4130878.8,1362300.6,2014-08-25,2014-08-25,2014-09-30,bbc0372caf0eab760ef8c79b6223fb4f,2014-08-25,2014-08-25,2014-09-30
3082,516886842,M,2014-08-27,,152,Offline,2,7158,339647.1,227552.82,112094.28,2014-08-27,2014-08-27,2014-09-25,d9d3203a5ed826fa845b9dde247d1d5d,2014-08-27,2014-08-27,2014-09-25
3083,599578273,H,2014-08-29,,146,Offline,12,7390,4938515.3,3713770.6,1224744.7,2014-08-29,2014-08-29,2014-09-24,652383056070142c3e27ff8829935b0b,2014-08-29,2014-08-29,2014-09-24
3084,491383111,H,2014-08-29,,173,Offline,11,37,24094.77,19423.52,4671.25,2014-08-29,2014-08-29,2014-10-05,33e471689504c9b03475279c769b588f,2014-08-29,2014-08-29,2014-10-05
3085,703562152,H,2014-08-29,,8,Offline,6,8530,1314131.8,775632.9,538498.9,2014-08-29,2014-08-29,2014-10-09,4f4e66ea1bfbe4d9fab6256ee56db495,2014-08-29,2014-08-29,2014-10-09
3086,414359509,C,2014-08-30,,26,Offline,8,7042,1797681.76,1122635.64,675046.12,2014-08-30,2014-08-30,2014-09-11,1223a54d2c24a496dd5cc0dd4f8b9570,2014-08-30,2014-08-30,2014-09-11
3087,248150527,H,2014-08-30,,151,Online,5,2110,321943.8,205598.4,116345.4,2014-08-30,2014-08-30,2014-10-12,a6277acea048650ccf07750854037d8d,2014-08-30,2014-08-30,2014-10-12
3088,285343968,C,2014-08-31,,30,Online,6,8476,1305812.56,770722.68,535089.88,2014-08-31,2014-08-31,2014-09-05,2a4de815a9715f358bfa47f05f7ccafb,2014-08-31,2014-08-31,2014-09-05
3089,501498258,L,2014-08-31,,152,Online,10,3334,1457624.8,877942.22,579682.58,2014-08-31,2014-08-31,2014-10-03,07f1e9deade583cdcb0da559954fe1ce,2014-08-31,2014-08-31,2014-10-03
3090,925384271,H,2014-08-31,,112,Online,12,625,417668.75,314087.5,103581.25,2014-08-31,2014-08-31,2014-10-12,a00e2ab79ebe767f476f7065d41c5a14,2014-08-31,2014-08-31,2014-10-12
3091,274756753,H,2014-09-01,,89,Online,7,5484,1128058.8,642231.24,485827.56,2014-09-01,2014-09-01,2014-09-09,32d8043186c160e0f820cb4abe091aa3,2014-09-01,2014-09-01,2014-09-09
3092,550853478,M,2014-09-02,,53,Online,8,8640,2205619.2,1377388.8,828230.4,2014-09-02,2014-09-02,2014-09-18,813034febb1a09b6e04f61cb25265c65,2014-09-02,2014-09-02,2014-09-18
3093,486345708,H,2014-09-03,,153,Offline,10,9357,4090880.4,2463978.81,1626901.59,2014-09-03,2014-09-03,2014-10-11,99c0e6ae91afa39adedf4fa22a2a00a5,2014-09-03,2014-09-03,2014-10-11
3094,901337087,L,2014-09-06,,65,Online,2,4529,214901.05,143976.91,70924.14,2014-09-06,2014-09-06,2014-10-25,89657d457ba34efd00155fa2d6bf253a,2014-09-06,2014-09-06,2014-10-25
3095,481308305,C,2014-09-07,,118,Offline,8,8678,2215319.84,1383446.76,831873.08,2014-09-07,2014-09-07,2014-10-16,2dc750c05b80885065e3b52f47d8e133,2014-09-07,2014-09-07,2014-10-16
3096,807468354,C,2014-09-08,,68,Offline,8,6685,1706546.8,1065722.7,640824.1,2014-09-08,2014-09-08,2014-10-08,e8856b38c7b878b76c344735c0ea88a7,2014-09-08,2014-09-08,2014-10-08
3097,628625524,L,2014-09-08,,148,Offline,8,3117,795707.76,496912.14,298795.62,2014-09-08,2014-09-08,2014-10-18,97032f82db3f8cdce88ee83081a4de0d,2014-09-08,2014-09-08,2014-10-18
3098,636694037,L,2014-09-09,,165,Online,7,769,158183.3,90057.59,68125.71,2014-09-09,2014-09-09,2014-09-20,e248f891b9ce5b0073eec12f76737b3c,2014-09-09,2014-09-09,2014-09-20
3099,915191447,M,2014-09-09,,15,Online,5,4342,662502.36,423084.48,239417.88,2014-09-09,2014-09-09,2014-09-27,e762b2b7bf9bf5d9ce336aeb03250263,2014-09-09,2014-09-09,2014-09-27
3100,829981315,L,2014-09-09,,19,Offline,2,8770,416136.5,278798.3,137338.2,2014-09-09,2014-09-09,2014-10-26,4f2f971623a12262433912e0880de39d,2014-09-09,2014-09-09,2014-10-26
3101,347609412,C,2014-09-10,,58,Offline,10,4205,1838426,1107302.65,731123.35,2014-09-10,2014-09-10,2014-09-17,10d6a46f3ea25cb377e32d9cad875810,2014-09-10,2014-09-10,2014-09-17
3102,873432672,C,2014-09-10,,45,Online,12,6992,4672543.84,3513759.68,1158784.16,2014-09-10,2014-09-10,2014-09-17,82b987bf51380138ff42b2a26e992c6d,2014-09-10,2014-09-10,2014-09-17
3103,791961753,M,2014-09-12,,35,Online,2,7937,376610.65,252317.23,124293.42,2014-09-12,2014-09-12,2014-09-21,3d48848bcfe6468163bf0d941ca392c7,2014-09-12,2014-09-12,2014-09-21
3104,947701537,C,2014-09-13,,143,Offline,10,4800,2098560,1263984,834576,2014-09-13,2014-09-13,2014-09-20,c8264f3895aa7e7f347f502eb2206219,2014-09-13,2014-09-13,2014-09-20
3105,889333665,M,2014-09-14,,16,Offline,10,2449,1070702.8,644895.17,425807.63,2014-09-14,2014-09-14,2014-09-15,771b4f42961f1439154a1eba70371026,2014-09-14,2014-09-14,2014-09-15
3106,114019906,L,2014-09-14,,35,Online,2,9879,468758.55,314053.41,154705.14,2014-09-14,2014-09-14,2014-09-24,f76055cb5c4d6815f75fdbeb7e334bb5,2014-09-14,2014-09-14,2014-09-24
3107,371814954,M,2014-09-14,,153,Online,3,7162,585350.26,405870.54,179479.72,2014-09-14,2014-09-14,2014-10-08,c69cb1f85b79825483f3e5199ff330e3,2014-09-14,2014-09-14,2014-10-08
3108,897638213,M,2014-09-14,,28,Offline,7,9950,2046715,1165244.5,881470.5,2014-09-14,2014-09-14,2014-10-08,e17060a6abd6d54e95615dbcc4ffd019,2014-09-14,2014-09-14,2014-10-08
3109,666921460,H,2014-09-14,,134,Online,7,5735,1179689.5,671625.85,508063.65,2014-09-14,2014-09-14,2014-10-10,53946cb12f59e6917089a4af57b4ccda,2014-09-14,2014-09-14,2014-10-10
3110,300813233,H,2014-09-15,,83,Offline,4,6175,674804,221312,453492,2014-09-15,2014-09-15,2014-11-02,dd25eeda65d16535702e03e0d6ec5cb9,2014-09-15,2014-09-15,2014-11-02
3111,244610011,C,2014-09-16,,130,Online,4,4393,480067.04,157445.12,322621.92,2014-09-16,2014-09-16,2014-10-27,fb514a15859f7feb2f9297fc8058cdec,2014-09-16,2014-09-16,2014-10-27
3112,566558778,C,2014-09-17,,83,Online,10,6187,2704956.4,1629222.71,1075733.69,2014-09-17,2014-09-17,2014-09-25,c509c164cc9a1c83e5f595176a661438,2014-09-17,2014-09-17,2014-09-25
3113,167468392,C,2014-09-17,,146,Online,8,6474,1652682.72,1032085.08,620597.64,2014-09-17,2014-09-17,2014-10-29,cb652f7c1303335c98fcda19b6e072de,2014-09-17,2014-09-17,2014-10-29
3114,425027406,H,2014-09-18,,179,Offline,2,3909,185482.05,124267.11,61214.94,2014-09-18,2014-09-18,2014-09-23,a475f7ea03777436dfe04e183ecd322f,2014-09-18,2014-09-18,2014-09-23
3115,167232358,L,2014-09-18,,136,Online,1,6626,61820.58,45851.92,15968.66,2014-09-18,2014-09-18,2014-10-30,9c806aea4caa7c461fb45ffd416111b8,2014-09-18,2014-09-18,2014-10-30
3116,385433280,C,2014-09-18,,105,Offline,4,7128,778947.84,255467.52,523480.32,2014-09-18,2014-09-18,2014-11-01,98174e22d9a9cb092ac1a0f2cd59a363,2014-09-18,2014-09-18,2014-11-01
3118,574273240,C,2014-09-20,,92,Online,1,9068,84604.44,62750.56,21853.88,2014-09-20,2014-09-20,2014-09-25,0a5e091ed56e7a4ab32539c6595d3180,2014-09-20,2014-09-20,2014-09-25
3119,561639392,M,2014-09-20,,51,Offline,6,432,66553.92,39281.76,27272.16,2014-09-20,2014-09-20,2014-10-25,d644e36dfaf60a4ad936c363a5a43bac,2014-09-20,2014-09-20,2014-10-25
3120,536607730,L,2014-09-21,,97,Online,6,3007,463258.42,273426.51,189831.91,2014-09-21,2014-09-21,2014-11-03,ff6768350d1469687e7e3c928848d23a,2014-09-21,2014-09-21,2014-11-03
3122,114532315,M,2014-09-22,,150,Offline,4,1512,165231.36,54190.08,111041.28,2014-09-22,2014-09-22,2014-09-30,2b4193d805e7004b7e2d43d3e0810a09,2014-09-22,2014-09-22,2014-09-30
3123,843994033,M,2014-09-22,,61,Online,3,5445,445019.85,308568.15,136451.7,2014-09-22,2014-09-22,2014-11-02,af205be1365915979063aabac653ea2e,2014-09-22,2014-09-22,2014-11-02
3124,320099389,H,2014-09-23,,181,Offline,6,3377,520260.62,307070.61,213190.01,2014-09-23,2014-09-23,2014-11-02,d329b39a2bbe85f4b4b034e03b2fbf0d,2014-09-23,2014-09-23,2014-11-02
3125,606665313,C,2014-09-24,,100,Online,10,4602,2011994.4,1211844.66,800149.74,2014-09-24,2014-09-24,2014-10-13,096d1c574b7de39b7888edb3cbb91cd1,2014-09-24,2014-09-24,2014-10-13
3126,159794270,H,2014-09-24,,85,Offline,6,5530,851951.8,502842.9,349108.9,2014-09-24,2014-09-24,2014-11-06,a57289df34219ff4fae139586f50f48a,2014-09-24,2014-09-24,2014-11-06
3127,631460940,M,2014-09-25,,45,Offline,9,2180,919720.2,795024.2,124696,2014-09-25,2014-09-25,2014-10-05,77bf7f5892c4f16cc8bbab9d3658549d,2014-09-25,2014-09-25,2014-10-05
3128,776849544,H,2014-09-25,,83,Online,1,5898,55028.34,40814.16,14214.18,2014-09-25,2014-09-25,2014-10-07,6844926a935459b058eadc40ec16c7b3,2014-09-25,2014-09-25,2014-10-07
3129,650116670,H,2014-09-25,,2,Online,2,2824,133998.8,89774.96,44223.84,2014-09-25,2014-09-25,2014-10-25,116dbbb287dbcb6c00bb8a8ca8f3a267,2014-09-25,2014-09-25,2014-10-25
3130,705965840,L,2014-09-26,,48,Online,4,9835,1074768.8,352486.4,722282.4,2014-09-26,2014-09-26,2014-10-06,03ea0abf80d4350a3c21856ec8aac88c,2014-09-26,2014-09-26,2014-10-06
3131,597770678,L,2014-09-27,,10,Online,11,2482,1616303.22,1302950.72,313352.5,2014-09-27,2014-09-27,2014-10-19,4da5f715f4a3ce93686a90ad3f6a9945,2014-09-27,2014-09-27,2014-10-19
3132,310614669,C,2014-09-28,,42,Offline,4,6638,725400.64,237905.92,487494.72,2014-09-28,2014-09-28,2014-10-15,87c30f09662e833ed96ed6c494434b6e,2014-09-28,2014-09-28,2014-10-15
3133,233709084,M,2014-09-28,,139,Offline,4,8566,936092.48,307005.44,629087.04,2014-09-28,2014-09-28,2014-10-16,84328ebe73f0e9b6115685795c238c4c,2014-09-28,2014-09-28,2014-10-16
3134,376933038,C,2014-09-29,,82,Offline,9,1717,724385.13,626172.73,98212.4,2014-09-29,2014-09-29,2014-10-19,08e41b65e70e1c43569e609f532e4e34,2014-09-29,2014-09-29,2014-10-19
3135,441440808,M,2014-09-29,,126,Offline,6,1000,154060,90930,63130,2014-09-29,2014-09-29,2014-11-17,956e3b895efbe63326b6e24a98920c9f,2014-09-29,2014-09-29,2014-11-17
3136,264526593,H,2014-09-30,,26,Offline,3,8152,666262.96,461973.84,204289.12,2014-09-30,2014-09-30,2014-10-07,5c9d202a7a42e5e7bdf5f38e1c36fa40,2014-09-30,2014-09-30,2014-10-07
3137,742569196,M,2014-09-30,,79,Online,6,1581,243568.86,143760.33,99808.53,2014-09-30,2014-09-30,2014-11-17,0344ca19716301df980a491cfba4bc42,2014-09-30,2014-09-30,2014-11-17
3138,973167932,C,2014-10-01,,42,Offline,8,872,222604.16,139014.24,83589.92,2014-10-01,2014-10-01,2014-10-22,86adefe19dfef80d63e823c3726467c1,2014-10-01,2014-10-01,2014-10-22
3139,389094817,C,2014-10-01,,156,Offline,2,658,31222.1,20917.82,10304.28,2014-10-01,2014-10-01,2014-11-11,1633bf7106be9c1e77464eeacf5fecc1,2014-10-01,2014-10-01,2014-11-11
3140,353475940,H,2014-10-02,,101,Offline,3,240,19615.2,13600.8,6014.4,2014-10-02,2014-10-02,2014-10-04,84c89fb79be30feaac57c7cda980f03f,2014-10-02,2014-10-02,2014-10-04
3141,941524302,C,2014-10-03,,138,Online,3,6819,557316.87,386432.73,170884.14,2014-10-03,2014-10-03,2014-10-09,d065313451aa30a2a3dcf0bcbaaf1dcb,2014-10-03,2014-10-03,2014-10-09
3142,789641749,M,2014-10-04,,49,Online,5,1396,213001.68,136026.24,76975.44,2014-10-04,2014-10-04,2014-10-10,b39554c4f97be8c56409414e4dd3b0fa,2014-10-04,2014-10-04,2014-10-10
3143,743907725,M,2014-10-04,,55,Online,4,7682,839488.96,275322.88,564166.08,2014-10-04,2014-10-04,2014-10-26,4746705ad1628cd33757eaf3727ed9ed,2014-10-04,2014-10-04,2014-10-26
3144,943334901,M,2014-10-04,,76,Offline,9,2615,1103242.35,953664.35,149578,2014-10-04,2014-10-04,2014-11-03,ae041b523503954bf9634f2529a3d8df,2014-10-04,2014-10-04,2014-11-03
3145,332065474,H,2014-10-05,,184,Offline,6,4408,679096.48,400819.44,278277.04,2014-10-05,2014-10-05,2014-10-13,d5391ad0f8fc297cb95dd84ff33ecab0,2014-10-05,2014-10-05,2014-10-13
3146,188723504,H,2014-10-05,,149,Offline,10,6334,2769224.8,1667932.22,1101292.58,2014-10-05,2014-10-05,2014-11-06,2ce6824878f1d2f5ca439e63e21abaa9,2014-10-05,2014-10-05,2014-11-06
3147,381774747,C,2014-10-06,,108,Offline,1,4486,41854.38,31043.12,10811.26,2014-10-06,2014-10-06,2014-10-23,fe87cbffdc0c330cf98e6023397ff8d3,2014-10-06,2014-10-06,2014-10-23
3148,681092536,L,2014-10-06,,107,Offline,11,9272,6038019.12,4867429.12,1170590,2014-10-06,2014-10-06,2014-11-18,d234d7d01c37cbe76529dab86b18d869,2014-10-06,2014-10-06,2014-11-18
3149,391889894,M,2014-10-07,,68,Online,7,7783,1600963.1,911467.13,689495.97,2014-10-07,2014-10-07,2014-10-20,4ccc9d85f8ceff151d1b606d7bd19ff5,2014-10-07,2014-10-07,2014-10-20
3150,325453507,C,2014-10-07,,141,Online,2,7780,369161,247326.2,121834.8,2014-10-07,2014-10-07,2014-11-12,202d5b0ae96d378421806509444a4306,2014-10-07,2014-10-07,2014-11-12
3151,217258346,H,2014-10-07,,131,Online,12,427,285351.29,214584.58,70766.71,2014-10-07,2014-10-07,2014-11-23,2b192004dfcc6c0e91118958024df260,2014-10-07,2014-10-07,2014-11-23
3152,100640618,M,2014-10-08,,108,Online,7,650,133705,76121.5,57583.5,2014-10-08,2014-10-08,2014-10-18,06dcd105212b8bac4346d1476d094eb3,2014-10-08,2014-10-08,2014-10-18
3153,817350471,H,2014-10-10,,182,Offline,12,1022,682971.94,513595.88,169376.06,2014-10-10,2014-10-10,2014-11-26,a38984fe43ea021f71bb614994aea87b,2014-10-10,2014-10-10,2014-11-26
3154,256026351,C,2014-10-11,,102,Online,1,2742,25582.86,18974.64,6608.22,2014-10-11,2014-10-11,2014-11-13,3b053fc019e8c5a51a439b19f70e03d4,2014-10-11,2014-10-11,2014-11-13
3155,291173160,H,2014-10-12,,124,Online,7,3463,712339.1,405551.93,306787.17,2014-10-12,2014-10-12,2014-11-02,658eb0ff19a2ecf4b16b71143d3e1bb1,2014-10-12,2014-10-12,2014-11-02
3157,446912944,L,2014-10-13,,159,Offline,6,326,50223.56,29643.18,20580.38,2014-10-13,2014-10-13,2014-11-01,ccdcba8fd3677b2954f1973c6a160a14,2014-10-13,2014-10-13,2014-11-01
3158,469543921,C,2014-10-14,,124,Offline,12,7336,4902428.72,3686633.44,1215795.28,2014-10-14,2014-10-14,2014-10-25,c536d1ff2a60c9368e3bfa2c7ba156f0,2014-10-14,2014-10-14,2014-10-25
3159,544284856,M,2014-10-14,,90,Offline,12,4839,3233758.53,2431791.06,801967.47,2014-10-14,2014-10-14,2014-10-25,1eec2cd3421e2a726a3df9aa058ea419,2014-10-14,2014-10-14,2014-10-25
3160,198997008,M,2014-10-15,,2,Offline,12,6492,4338408.84,3262489.68,1075919.16,2014-10-15,2014-10-15,2014-10-16,a6b24864198a160160d17d834e9cae3e,2014-10-15,2014-10-15,2014-10-16
3161,552353370,M,2014-10-15,,27,Online,4,2491,272216.48,89277.44,182939.04,2014-10-15,2014-10-15,2014-11-18,316a5b5d5bfd215630cff099f76f7006,2014-10-15,2014-10-15,2014-11-18
3162,830732762,L,2014-10-16,,65,Online,7,1140,234498,133505.4,100992.6,2014-10-16,2014-10-16,2014-11-01,7c64f7f34deebfed7de454d703dcb604,2014-10-16,2014-10-16,2014-11-01
3163,302744853,H,2014-10-16,,5,Offline,3,7785,636268.05,441175.95,195092.1,2014-10-16,2014-10-16,2014-11-02,48ac55d778cbd879ef862edfc8e20615,2014-10-16,2014-10-16,2014-11-02
3164,741311347,C,2014-10-16,,39,Offline,3,9356,764665.88,530204.52,234461.36,2014-10-16,2014-10-16,2014-11-05,b3ee2a5b0dc23585b6ec6b4d772fb7f4,2014-10-16,2014-10-16,2014-11-05
3165,194785726,L,2014-10-16,,4,Offline,7,280,57596,32790.8,24805.2,2014-10-16,2014-10-16,2014-11-13,861f75483921fbd1b4e3cd9d44550b0b,2014-10-16,2014-10-16,2014-11-13
3166,325729882,M,2014-10-16,,77,Online,8,9565,2441753.2,1524852.3,916900.9,2014-10-16,2014-10-16,2014-11-19,61f640a4f1b287e2a772958aaaa1e0f7,2014-10-16,2014-10-16,2014-11-19
3167,244494998,H,2014-10-16,,122,Online,8,358,91390.24,57072.36,34317.88,2014-10-16,2014-10-16,2014-11-21,e6b8361558a186658939da5018ea5045,2014-10-16,2014-10-16,2014-11-21
3168,231861150,L,2014-10-17,,18,Online,10,1722,752858.4,453454.26,299404.14,2014-10-17,2014-10-17,2014-11-01,507c2952af7e9ced4c84ffeaf563d94d,2014-10-17,2014-10-17,2014-11-01
3169,456319987,M,2014-10-17,,173,Online,2,4080,193596,129703.2,63892.8,2014-10-17,2014-10-17,2014-11-01,0a084a5d666f3e5067ecfbd204f4f5f3,2014-10-17,2014-10-17,2014-11-01
3170,946996438,M,2014-10-17,,170,Offline,3,6145,502230.85,348237.15,153993.7,2014-10-17,2014-10-17,2014-11-13,ca10efb377eb329371f6fed30616b221,2014-10-17,2014-10-17,2014-11-13
3171,429123675,M,2014-10-18,,185,Offline,5,6086,928601.88,593019.84,335582.04,2014-10-18,2014-10-18,2014-11-11,fce1200dedf907891639ae584ee24431,2014-10-18,2014-10-18,2014-11-11
3172,385082232,H,2014-10-20,,57,Offline,1,3245,30275.85,22455.4,7820.45,2014-10-20,2014-10-20,2014-11-28,f2187132616aee2f45ab776a68274810,2014-10-20,2014-10-20,2014-11-28
3174,640476596,H,2014-10-21,,145,Online,1,112,1044.96,775.04,269.92,2014-10-21,2014-10-21,2014-10-24,e73d08baf954f5605366717ed4138f74,2014-10-21,2014-10-21,2014-10-24
3175,617609584,L,2014-10-21,,3,Offline,10,3255,1423086,857139.15,565946.85,2014-10-21,2014-10-21,2014-11-01,23ff3fd3771bc1aa909db7821f4fcbfa,2014-10-21,2014-10-21,2014-11-01
3176,434673488,H,2014-10-21,,110,Offline,2,8399,398532.55,267004.21,131528.34,2014-10-21,2014-10-21,2014-11-12,fdc4302e0c3026f8d94f0174fa185bd6,2014-10-21,2014-10-21,2014-11-12
3177,100090873,L,2014-10-21,,27,Online,3,7968,651224.64,451546.56,199678.08,2014-10-21,2014-10-21,2014-11-24,485325a8243a0984689bd19353e4e8e8,2014-10-21,2014-10-21,2014-11-24
3178,239457595,H,2014-10-21,,136,Online,5,9678,1476669.24,943024.32,533644.92,2014-10-21,2014-10-21,2014-11-27,c1ee907d819d23c36a1a0191dff47e81,2014-10-21,2014-10-21,2014-11-27
3179,490640676,M,2014-10-22,,78,Online,7,334,68703.8,39114.74,29589.06,2014-10-22,2014-10-22,2014-11-19,25e62eaf9c159161e5b1edefc2ef2ff7,2014-10-22,2014-10-22,2014-11-19
3180,735801875,M,2014-10-23,,99,Online,2,8981,426148.45,285505.99,140642.46,2014-10-23,2014-10-23,2014-11-13,014d55f18e1a827cd79eafccd725cec0,2014-10-23,2014-10-23,2014-11-13
3181,677315986,H,2014-10-24,,148,Online,3,1706,139431.38,96679.02,42752.36,2014-10-24,2014-10-24,2014-12-04,f8b0fc61f83b2ea6b4105d976e703a06,2014-10-24,2014-10-24,2014-12-04
3182,897209489,H,2014-10-26,,53,Offline,3,3081,251810.13,174600.27,77209.86,2014-10-26,2014-10-26,2014-12-07,bfed0f97567a49af4f3f0fc59e984318,2014-10-26,2014-10-26,2014-12-07
3183,184120833,H,2014-10-27,,134,Offline,4,4301,470013.28,154147.84,315865.44,2014-10-27,2014-10-27,2014-10-31,39b2280491c7743bb62147b40ef0db5f,2014-10-27,2014-10-27,2014-10-31
3184,670467984,L,2014-10-27,,128,Offline,11,5231,3406479.51,2746065.76,660413.75,2014-10-27,2014-10-27,2014-11-13,07f88894f94feadd14978d073aa451bc,2014-10-27,2014-10-27,2014-11-13
3186,482966554,L,2014-10-29,,170,Offline,11,9391,6115513.11,4929899.36,1185613.75,2014-10-29,2014-10-29,2014-11-28,a7ef8aced78991adf65e5a315ab57cc9,2014-10-29,2014-10-29,2014-11-28
3187,399803054,M,2014-10-29,,148,Offline,10,9463,4137223.6,2491891.79,1645331.81,2014-10-29,2014-10-29,2014-11-30,9708e1d5507503b17472e48a2da2959d,2014-10-29,2014-10-29,2014-11-30
3188,397874438,M,2014-10-29,,91,Online,2,8743,414855.35,277939.97,136915.38,2014-10-29,2014-10-29,2014-12-01,86789f54c80285868890e36d89e5de6f,2014-10-29,2014-10-29,2014-12-01
3189,540980374,M,2014-10-30,,146,Offline,1,6969,65020.77,48225.48,16795.29,2014-10-30,2014-10-30,2014-11-09,7e1767ed3369a50db4f11fd47527177f,2014-10-30,2014-10-30,2014-11-09
3190,476472604,C,2014-10-30,,173,Offline,11,7687,5005851.27,4035367.52,970483.75,2014-10-30,2014-10-30,2014-12-01,0f22d7699bc5146cbe77c9edaeb90c0f,2014-10-30,2014-10-30,2014-12-01
3191,541098392,C,2014-10-30,,96,Online,12,1893,1265035.11,951308.22,313726.89,2014-10-30,2014-10-30,2014-12-04,0c392a5e9918708adbb4f36f9772330b,2014-10-30,2014-10-30,2014-12-04
3192,484659135,M,2014-10-31,,132,Online,2,263,12479.35,8360.77,4118.58,2014-10-31,2014-10-31,2014-11-29,8a141c4b756cc8a91919767c53568e11,2014-10-31,2014-10-31,2014-11-29
3193,549048888,H,2014-10-31,,79,Online,11,4622,3009892.62,2426365.12,583527.5,2014-10-31,2014-10-31,2014-12-02,e1b84450cadd9bca734907a33e2a2c03,2014-10-31,2014-10-31,2014-12-02
3194,468050038,H,2014-10-31,,52,Offline,10,5262,2300546.4,1385642.46,914903.94,2014-10-31,2014-10-31,2014-12-04,755ee46c95723d9f1775986f14a3a498,2014-10-31,2014-10-31,2014-12-04
3195,523899209,C,2014-11-01,,88,Offline,8,2273,580251.44,362361.66,217889.78,2014-11-01,2014-11-01,2014-11-16,0ff6995a3f264f9e500b48e39bde1bd8,2014-11-01,2014-11-01,2014-11-16
3196,130948722,L,2014-11-02,,63,Offline,4,9492,1037285.76,340193.28,697092.48,2014-11-02,2014-11-02,2014-11-23,f084c6fd3b1e627a7f8793abff060a7a,2014-11-02,2014-11-02,2014-11-23
3197,230603301,H,2014-11-02,,52,Offline,11,9496,6183890.16,4985020.16,1198870,2014-11-02,2014-11-02,2014-12-10,60cc15c22bde2b2679e4d20cb4aec0f0,2014-11-02,2014-11-02,2014-12-10
3198,945738589,C,2014-11-02,,117,Online,5,3920,598113.6,381964.8,216148.8,2014-11-02,2014-11-02,2014-12-22,a9ba06d8fe9bc4630db3d4c5244cb9c8,2014-11-02,2014-11-02,2014-12-22
3199,598404109,H,2014-11-03,,127,Online,1,9929,92637.57,68708.68,23928.89,2014-11-03,2014-11-03,2014-11-18,1a9e21cb2aba68257603137597e1ae51,2014-11-03,2014-11-03,2014-11-18
3200,155508315,C,2014-11-04,,128,Offline,1,7221,67371.93,49969.32,17402.61,2014-11-04,2014-11-04,2014-11-17,68565c1e353213a2fd4a46680e6fc4a4,2014-11-04,2014-11-04,2014-11-17
3201,527284371,M,2014-11-05,,56,Offline,8,4018,1025715.04,640549.56,385165.48,2014-11-05,2014-11-05,2014-11-18,45e571a93c96d8eecc9b0914ceaa4b68,2014-11-05,2014-11-05,2014-11-18
3202,695658004,M,2014-11-05,,126,Online,10,9517,4160832.4,2506111.61,1654720.79,2014-11-05,2014-11-05,2014-12-08,2ac48f43e698b70c8dc7e8b24d86adde,2014-11-05,2014-11-05,2014-12-08
3203,820344245,L,2014-11-05,,9,Offline,2,6947,329635.15,220845.13,108790.02,2014-11-05,2014-11-05,2014-12-16,c01b4e20ae6ebe51faff8f609b304734,2014-11-05,2014-11-05,2014-12-16
3204,481432330,L,2014-11-06,,105,Online,3,5380,439707.4,304884.6,134822.8,2014-11-06,2014-11-06,2014-11-09,0a5f26e558ede6cd483469afd11910ac,2014-11-06,2014-11-06,2014-11-09
3205,254808843,L,2014-11-06,,53,Online,5,2454,374431.32,239117.76,135313.56,2014-11-06,2014-11-06,2014-11-10,2c903c915b7a186ace530a296a710e9d,2014-11-06,2014-11-06,2014-11-10
3206,606118571,H,2014-11-06,,26,Offline,6,2809,432754.54,255422.37,177332.17,2014-11-06,2014-11-06,2014-11-18,240fe050d3c0bcfa8f804aefcb80dbca,2014-11-06,2014-11-06,2014-11-18
3207,988599860,H,2014-11-06,,84,Offline,12,7522,5026726.94,3780105.88,1246621.06,2014-11-06,2014-11-06,2014-12-11,a3c75b08a44b42266374ab33e85ae56f,2014-11-06,2014-11-06,2014-12-11
3209,429204356,C,2014-11-07,,132,Online,9,9962,4202868.18,3633041.78,569826.4,2014-11-07,2014-11-07,2014-11-28,ef6fe8dbc7711243766932d6c4e233e7,2014-11-07,2014-11-07,2014-11-28
3210,905200326,L,2014-11-07,,173,Offline,12,7747,5177087.69,3893177.38,1283910.31,2014-11-07,2014-11-07,2014-12-15,a10be6008709af894244ec58c19c84c5,2014-11-07,2014-11-07,2014-12-15
3211,979705226,C,2014-11-08,,92,Offline,2,5402,256324.9,171729.58,84595.32,2014-11-08,2014-11-08,2014-12-16,7c24ef447b3ec2a71ada98102f03ca92,2014-11-08,2014-11-08,2014-12-16
3212,734189975,H,2014-11-10,,88,Online,7,1984,408108.8,232346.24,175762.56,2014-11-10,2014-11-10,2014-11-29,a810e60a7548533ade58dae0fda7287e,2014-11-10,2014-11-10,2014-11-29
3213,628159463,M,2014-11-10,,177,Offline,4,5199,568146.72,186332.16,381814.56,2014-11-10,2014-11-10,2014-12-09,fecda1b92a74bd78767e3daf0bb256cd,2014-11-10,2014-11-10,2014-12-09
3214,777641332,M,2014-11-11,,56,Offline,4,206,22511.68,7383.04,15128.64,2014-11-11,2014-11-11,2014-12-10,420421dd80d49a6df1e32ad292e4aa21,2014-11-11,2014-11-11,2014-12-10
3215,613124930,M,2014-11-12,,99,Offline,7,6147,1264437.9,719875.17,544562.73,2014-11-12,2014-11-12,2014-11-21,026ef2c1a2cd958903c6d67cb93c0e6b,2014-11-12,2014-11-12,2014-11-21
3216,743597018,C,2014-11-14,,85,Offline,3,5737,468885.01,325115.79,143769.22,2014-11-14,2014-11-14,2014-11-29,6261d864901ca7462fd91637483b87a0,2014-11-14,2014-11-14,2014-11-29
3217,765991961,C,2014-11-17,,13,Offline,10,2898,1267005.6,763130.34,503875.26,2014-11-17,2014-11-17,2014-11-24,ecf56a83a077255867f40c8d4f75e014,2014-11-17,2014-11-17,2014-11-24
3218,628671872,C,2014-11-17,,123,Online,3,6832,558379.36,387169.44,171209.92,2014-11-17,2014-11-17,2014-12-15,c898910dace3cdac58c66729252bb7ff,2014-11-17,2014-11-17,2014-12-15
3219,427198064,M,2014-11-17,,40,Offline,1,6255,58359.15,43284.6,15074.55,2014-11-17,2014-11-17,2015-01-02,cc44a9b4395233f3dd26cd02265fa35b,2014-11-17,2014-11-17,2015-01-02
3221,308415687,L,2014-11-18,,55,Offline,12,5910,3949475.7,2970011.4,979464.3,2014-11-18,2014-11-18,2014-11-27,f1200e123b1500db94273445e6a472c2,2014-11-18,2014-11-18,2014-11-27
3222,264728295,H,2014-11-18,,55,Online,1,7840,73147.2,54252.8,18894.4,2014-11-18,2014-11-18,2015-01-07,1fca1164ea1da6d00e7cdfc15f6a57cf,2014-11-18,2014-11-18,2015-01-07
3223,574043214,C,2014-11-20,,89,Online,4,998,109061.44,35768.32,73293.12,2014-11-20,2014-11-20,2015-01-05,94207995ad793990dac1e45338ece6ae,2014-11-20,2014-11-20,2015-01-05
3224,553104817,H,2014-11-21,,96,Online,8,4862,1241171.36,775100.04,466071.32,2014-11-21,2014-11-21,2014-11-23,7c23725c6bc6e9d2133ed2e26d6be814,2014-11-21,2014-11-21,2014-11-23
3225,891898715,L,2014-11-21,,122,Online,2,1505,71412.25,47843.95,23568.3,2014-11-21,2014-11-21,2014-12-05,78f9e9c6a83aa0045579abfdc7c7f424,2014-11-21,2014-11-21,2014-12-05
3226,881547534,H,2014-11-21,,183,Online,11,8360,5444115.6,4388665.6,1055450,2014-11-21,2014-11-21,2014-12-09,166feae081e4b788b8228c650d82591a,2014-11-21,2014-11-21,2014-12-09
3227,648666131,L,2014-11-21,,157,Offline,11,3578,2330029.38,1878306.88,451722.5,2014-11-21,2014-11-21,2014-12-12,57024ec40e1475309ec907e901212b57,2014-11-21,2014-11-21,2014-12-12
3228,176881444,L,2014-11-21,,124,Offline,5,2005,305922.9,195367.2,110555.7,2014-11-21,2014-11-21,2014-12-19,7b417d68a416d63a1bb40a55b9ea1cdf,2014-11-21,2014-11-21,2014-12-19
3229,762883174,C,2014-11-22,,27,Online,10,2939,1284930.8,773926.87,511003.93,2014-11-22,2014-11-22,2014-11-29,127ab980c747d7695226147f354ec672,2014-11-22,2014-11-22,2014-11-29
3230,791890084,H,2014-11-22,,180,Offline,7,6728,1383949.6,787916.08,596033.52,2014-11-22,2014-11-22,2014-12-15,321242b93d73c04b29bf1b96e4f332e5,2014-11-22,2014-11-22,2014-12-15
3231,290980470,M,2014-11-22,,183,Online,1,6442,60103.86,44578.64,15525.22,2014-11-22,2014-11-22,2015-01-01,00cd3ca088a6b8e25bec19eaf905ae2a,2014-11-22,2014-11-22,2015-01-01
3232,700304019,M,2014-11-23,,45,Offline,3,4376,357650.48,247987.92,109662.56,2014-11-23,2014-11-23,2014-12-21,bf485515d76abc5cd127516bd325893e,2014-11-23,2014-11-23,2014-12-21
3233,774926936,M,2014-11-24,,84,Offline,1,6956,64899.48,48135.52,16763.96,2014-11-24,2014-11-24,2014-11-27,f7c0045626c14040de7a9d8f2ebddca0,2014-11-24,2014-11-24,2014-11-27
3234,492100226,C,2014-11-24,,7,Online,9,2247,947986.83,819458.43,128528.4,2014-11-24,2014-11-24,2015-01-11,d02452655cab18fa4578e4d6721848d5,2014-11-24,2014-11-24,2015-01-11
3235,849431836,L,2014-11-25,,139,Online,9,4611,1945334.79,1681585.59,263749.2,2014-11-25,2014-11-25,2014-11-28,8367b20fdf05a4d624d7be4b2cbc753e,2014-11-25,2014-11-25,2014-11-28
3236,624736964,L,2014-11-26,,136,Online,8,2406,614203.68,383564.52,230639.16,2014-11-26,2014-11-26,2014-11-28,324658f11025e9ac7acad552ef731adf,2014-11-26,2014-11-26,2014-11-28
3237,946921765,C,2014-11-26,,166,Online,10,4048,1769785.6,1065959.84,703825.76,2014-11-26,2014-11-26,2014-12-16,f222a39dd8f89781621fdd1916771d14,2014-11-26,2014-11-26,2014-12-16
3238,743283307,H,2014-11-26,,109,Online,5,2903,442939.74,282868.32,160071.42,2014-11-26,2014-11-26,2015-01-04,4be98c5a92998adf0cf1439c45472994,2014-11-26,2014-11-26,2015-01-04
3239,955108296,M,2014-11-27,,159,Offline,12,6624,4426620.48,3328824.96,1097795.52,2014-11-27,2014-11-27,2014-12-14,5e8ad85a4bcab0e35f0876512ede034d,2014-11-27,2014-11-27,2014-12-14
3240,106982219,M,2014-11-27,,78,Online,12,7271,4858991.17,3653968.34,1205022.83,2014-11-27,2014-11-27,2014-12-22,a188f72b01d49651d896b03920c139fd,2014-11-27,2014-11-27,2014-12-22
3241,545430696,M,2014-11-28,,111,Online,1,3918,36554.94,27112.56,9442.38,2014-11-28,2014-11-28,2014-12-02,2f9e1c913d6d31b3de340b1cf04ac924,2014-11-28,2014-11-28,2014-12-02
3242,472382342,L,2014-11-29,,35,Offline,4,7287,796323.36,261166.08,535157.28,2014-11-29,2014-11-29,2014-12-02,97bfa3a3be63b83a378ca33f0ac4bd81,2014-11-29,2014-11-29,2014-12-02
3243,362258565,C,2014-11-29,,11,Offline,1,9214,85966.62,63760.88,22205.74,2014-11-29,2014-11-29,2014-12-14,eb6d1e4fd854c55d219c5d4aa3f24238,2014-11-29,2014-11-29,2014-12-14
3244,682278716,C,2014-11-29,,72,Offline,11,289,188199.69,151713.44,36486.25,2014-11-29,2014-11-29,2015-01-01,604c9183395bb09f90baf4c4df54e320,2014-11-29,2014-11-29,2015-01-01
3245,567707622,C,2014-12-01,,13,Offline,11,6156,4008848.76,3231653.76,777195,2014-12-01,2014-12-01,2014-12-22,45c2e3b0ca76fbfef1f776221e14b85d,2014-12-01,2014-12-01,2014-12-22
3246,145514190,H,2014-12-02,,12,Online,9,9737,4107942.93,3550986.53,556956.4,2014-12-02,2014-12-02,2014-12-13,fb9fc69078fd41a21d9ecab3e6d028f7,2014-12-02,2014-12-02,2014-12-13
3247,188847529,C,2014-12-03,,162,Offline,5,3035,463080.3,295730.4,167349.9,2014-12-03,2014-12-03,2015-01-19,cd860828beb6300b0df826a83bfee81a,2014-12-03,2014-12-03,2015-01-19
3248,548343789,L,2014-12-04,,43,Offline,5,5967,910444.86,581424.48,329020.38,2014-12-04,2014-12-04,2014-12-06,6f694b230378029efa4f19cf727d5f8b,2014-12-04,2014-12-04,2014-12-06
3249,683381211,L,2014-12-04,,173,Offline,7,6542,1345689.4,766133.62,579555.78,2014-12-04,2014-12-04,2014-12-11,828349df4fcf345556b2130c7420a111,2014-12-04,2014-12-04,2014-12-11
3250,602264344,H,2014-12-04,,66,Offline,11,2258,1470432.18,1185359.68,285072.5,2014-12-04,2014-12-04,2015-01-07,7db4e22f4c6bd51a68cfc382d0421061,2014-12-04,2014-12-04,2015-01-07
3251,407048451,H,2014-12-04,,178,Offline,6,3537,544910.22,321619.41,223290.81,2014-12-04,2014-12-04,2015-01-23,460633956e9bd05acd11319a9bdc8c61,2014-12-04,2014-12-04,2015-01-23
3252,994978797,H,2014-12-05,,23,Offline,2,5192,246360.4,165053.68,81306.72,2014-12-05,2014-12-05,2015-01-02,983e8ff282f19b50541e6ae884dc3d9d,2014-12-05,2014-12-05,2015-01-02
3253,795433604,L,2014-12-05,,16,Online,5,5335,814014.3,519842.4,294171.9,2014-12-05,2014-12-05,2015-01-19,722a0acae37c8b20c5806ccc7dd109e8,2014-12-05,2014-12-05,2015-01-19
3254,317154967,C,2014-12-06,,184,Online,6,2058,317055.48,187133.94,129921.54,2014-12-06,2014-12-06,2014-12-09,2725df0962ed805b3250b919a674952f,2014-12-06,2014-12-06,2014-12-09
3255,154685199,L,2014-12-08,,51,Offline,6,3643,561240.58,331257.99,229982.59,2014-12-08,2014-12-08,2014-12-15,c2b60cbb195060fb9474bfa69270b469,2014-12-08,2014-12-08,2014-12-15
3256,173340928,M,2014-12-08,,97,Online,4,4287,468483.36,153646.08,314837.28,2014-12-08,2014-12-08,2015-01-03,ba5f029c383bb233c3934127cf449414,2014-12-08,2014-12-08,2015-01-03
3257,520203340,L,2014-12-09,,93,Online,5,8583,1309594.14,836327.52,473266.62,2014-12-09,2014-12-09,2014-12-19,4ff2190320e0311c51f59bb3170ee049,2014-12-09,2014-12-09,2014-12-19
3258,345689809,C,2014-12-09,,72,Online,4,6151,672181.28,220451.84,451729.44,2014-12-09,2014-12-09,2014-12-28,c21d46ee41d2fc471f8a4ecb40083f81,2014-12-09,2014-12-09,2014-12-28
3259,405986297,L,2014-12-09,,88,Online,8,9222,2354192.16,1470171.24,884020.92,2014-12-09,2014-12-09,2015-01-02,aeb0c813b692cf5b1d53033c42410b9f,2014-12-09,2014-12-09,2015-01-02
3260,158660447,M,2014-12-09,,131,Online,1,7,65.31,48.44,16.87,2014-12-09,2014-12-09,2015-01-09,848b3f7c4c4f26cb209bc249297d6dbb,2014-12-09,2014-12-09,2015-01-09
3261,316446864,M,2014-12-10,,142,Offline,7,2514,517129.8,294414.54,222715.26,2014-12-10,2014-12-10,2014-12-13,dff9ee050ce65d317f28b6160417d063,2014-12-10,2014-12-10,2014-12-13
3262,686294305,C,2014-12-10,,38,Online,3,8591,702142.43,486851.97,215290.46,2014-12-10,2014-12-10,2014-12-15,47b6fbafc4f19fc70e4d94c8d4aa03ac,2014-12-10,2014-12-10,2014-12-15
3263,362062871,C,2014-12-10,,73,Online,5,1304,198964.32,127061.76,71902.56,2014-12-10,2014-12-10,2014-12-23,a5aaaeabab9efb2e0034099f718a4171,2014-12-10,2014-12-10,2014-12-23
3264,640560281,L,2014-12-10,,179,Offline,9,4877,2057557.53,1778593.13,278964.4,2014-12-10,2014-12-10,2014-12-30,9b9439e1b364037fcc3b4680f07078ea,2014-12-10,2014-12-10,2014-12-30
3265,399256312,L,2014-12-11,,45,Online,1,7670,71561.1,53076.4,18484.7,2014-12-11,2014-12-11,2015-01-05,3a4ea306098570daf516983c802c99a9,2014-12-11,2014-12-11,2015-01-05
3266,956251132,M,2014-12-11,,56,Online,12,4815,3217720.05,2419730.1,797989.95,2014-12-11,2014-12-11,2015-01-20,03a3d8823a3b45f70c08d9e191b051c3,2014-12-11,2014-12-11,2015-01-20
3267,270358788,M,2014-12-11,,163,Offline,2,4028,191128.6,128050.12,63078.48,2014-12-11,2014-12-11,2015-01-24,a178d69f99c31f4f245fa52c08350035,2014-12-11,2014-12-11,2015-01-24
3268,754541289,L,2014-12-12,,34,Offline,3,4390,358794.7,248781.3,110013.4,2014-12-12,2014-12-12,2014-12-19,502802219a94d9454c260088807fd927,2014-12-12,2014-12-12,2014-12-19
3269,588096272,L,2014-12-13,,39,Online,4,9611,1050290.08,344458.24,705831.84,2014-12-13,2014-12-13,2015-01-20,0e0458db52a8806b50d21a43d527970a,2014-12-13,2014-12-13,2015-01-20
3270,839397370,L,2014-12-14,,178,Online,11,5190,3379779.9,2724542.4,655237.5,2014-12-14,2014-12-14,2014-12-17,db182876d9bc5e5c71054b1fc055ea92,2014-12-14,2014-12-14,2014-12-17
3271,207307565,M,2014-12-15,,52,Offline,5,5770,880386.6,562228.8,318157.8,2014-12-15,2014-12-15,2014-12-29,1154e68841f5b3a8f38b156de638526e,2014-12-15,2014-12-15,2014-12-29
3272,514811885,L,2014-12-15,,40,Offline,9,3132,1321359.48,1142209.08,179150.4,2014-12-15,2014-12-15,2015-01-21,518a853a3f6d6c1c0a8d3a1517dbf393,2014-12-15,2014-12-15,2015-01-21
3273,863838946,H,2014-12-16,,29,Offline,3,7995,653431.35,453076.65,200354.7,2014-12-16,2014-12-16,2015-01-05,0d18604541681f11edde69ee30d01284,2014-12-16,2014-12-16,2015-01-05
3274,871553409,H,2014-12-19,,40,Online,3,876,71595.48,49642.92,21952.56,2014-12-19,2014-12-19,2015-01-05,54594875a2d91681542f1aa9efebc4e2,2014-12-19,2014-12-19,2015-01-05
3275,963021457,M,2014-12-19,,110,Offline,4,8304,907461.12,297615.36,609845.76,2014-12-19,2014-12-19,2015-01-25,c568e1a8431c310afd6b63135539dc11,2014-12-19,2014-12-19,2015-01-25
3276,944247710,H,2014-12-19,,54,Online,8,2736,698446.08,436173.12,262272.96,2014-12-19,2014-12-19,2015-01-31,3e702a8647d5001d92ef4d461955ca3f,2014-12-19,2014-12-19,2015-01-31
3277,553107821,M,2014-12-21,,43,Online,3,5751,470029.23,325909.17,144120.06,2014-12-21,2014-12-21,2015-01-13,e86cafeb0e49baa419c2bbb2b261fb00,2014-12-21,2014-12-21,2015-01-13
3278,214077889,L,2014-12-22,,152,Offline,2,9260,439387,294375.4,145011.6,2014-12-22,2014-12-22,2015-01-01,e9c7a85c714e245e60c283a8b1fdf134,2014-12-22,2014-12-22,2015-01-01
3279,340928781,H,2014-12-22,,154,Online,12,7257,4849635.39,3646932.78,1202702.61,2014-12-22,2014-12-22,2015-01-09,0a34de17b79e4afde3db431764c8462b,2014-12-22,2014-12-22,2015-01-09
3280,839437711,L,2014-12-23,,18,Offline,4,7128,778947.84,255467.52,523480.32,2014-12-23,2014-12-23,2014-12-24,0995d2dbbd569b0be6cc857f25dbc388,2014-12-23,2014-12-23,2014-12-24
3281,525321424,H,2014-12-25,,140,Online,12,3138,2097031.26,1576970.52,520060.74,2014-12-25,2014-12-25,2014-12-31,d7ea17a38ff36c0aca334df51e23ae73,2014-12-25,2014-12-25,2014-12-31
3282,217699086,M,2014-12-25,,99,Offline,12,852,569366.04,428164.08,141201.96,2014-12-25,2014-12-25,2015-01-02,5346c26007768e55db0061f7044ccb14,2014-12-25,2014-12-25,2015-01-02
3283,155001914,M,2014-12-26,,170,Online,4,7366,804956.48,263997.44,540959.04,2014-12-26,2014-12-26,2014-12-30,91e723120532357f2b358dd56d286a20,2014-12-26,2014-12-26,2014-12-30
3284,354547107,C,2014-12-26,,100,Offline,5,7223,1102085.34,703809.12,398276.22,2014-12-26,2014-12-26,2015-02-02,1f5a28617982dedc0c86e64151b79bfa,2014-12-26,2014-12-26,2015-02-02
3285,742932260,M,2014-12-28,,39,Offline,6,9020,1389621.2,820188.6,569432.6,2014-12-28,2014-12-28,2015-01-30,4540a106eb9360f4068fdaeb86ce3576,2014-12-28,2014-12-28,2015-01-30
3286,189912688,M,2014-12-28,,67,Offline,5,8240,1257259.2,802905.6,454353.6,2014-12-28,2014-12-28,2015-02-09,3118e3fd22219f5749addee9c533fda2,2014-12-28,2014-12-28,2015-02-09
3287,549290931,M,2014-12-29,,49,Offline,11,6248,4068760.08,3279950.08,788810,2014-12-29,2014-12-29,2015-01-20,32e7d4549749e8f324fde5114565b18a,2014-12-29,2014-12-29,2015-01-20
3288,183654773,C,2014-12-29,,15,Offline,3,6383,521682.59,361724.61,159957.98,2014-12-29,2014-12-29,2015-02-12,eeec6f77b3dfed2ce5d3fb4b77974947,2014-12-29,2014-12-29,2015-02-12
3289,762690484,C,2015-01-02,,120,Offline,11,5918,3853860.78,3106713.28,747147.5,2015-01-02,2015-01-02,2015-01-28,3abf0ca83c5fca021f4334330c15d923,2015-01-02,2015-01-02,2015-01-28
3290,471205174,L,2015-01-04,,176,Online,12,8937,5972328.99,4491199.98,1481129.01,2015-01-04,2015-01-04,2015-01-27,2dc3c84b33bbc41e5d1e27d181d93f2a,2015-01-04,2015-01-04,2015-01-27
3291,687477481,C,2015-01-04,,39,Offline,2,8719,413716.55,277177.01,136539.54,2015-01-04,2015-01-04,2015-01-30,85222218d32525753ec2344bf365a0a2,2015-01-04,2015-01-04,2015-01-30
3292,392252957,M,2015-01-04,,160,Offline,7,5222,1074165.4,611548.42,462616.98,2015-01-04,2015-01-04,2015-02-22,ff6ce3ee0e9c9dfe19e486670a50a227,2015-01-04,2015-01-04,2015-02-22
3293,433539664,M,2015-01-05,,31,Online,4,2876,314289.28,103075.84,211213.44,2015-01-05,2015-01-05,2015-01-15,efe242ed349b970e63513ad66c3c62f4,2015-01-05,2015-01-05,2015-01-15
3294,406579387,L,2015-01-05,,83,Online,9,4730,1995539.7,1724983.7,270556,2015-01-05,2015-01-05,2015-01-24,543d7bc8885641778df8d6903931f379,2015-01-05,2015-01-05,2015-01-24
3295,473133790,L,2015-01-05,,93,Online,8,9657,2465238.96,1539518.94,925720.02,2015-01-05,2015-01-05,2015-01-27,b6c217583bedabd7508ef247e21c0ead,2015-01-05,2015-01-05,2015-01-27
3296,531029593,C,2015-01-06,,20,Online,11,2312,1505597.52,1213707.52,291890,2015-01-06,2015-01-06,2015-02-02,7f37b37b8f7d11d3e45dd918d8f44084,2015-01-06,2015-01-06,2015-02-02
3297,275281178,C,2015-01-07,,39,Online,11,673,438264.33,353298.08,84966.25,2015-01-07,2015-01-07,2015-02-14,d0ee8ded44bb14fd813695bf68282c2d,2015-01-07,2015-01-07,2015-02-14
3298,437160861,H,2015-01-08,,31,Online,3,4468,365169.64,253201.56,111968.08,2015-01-08,2015-01-08,2015-01-16,1d0ba8299635551cbf857ee5d7801f3d,2015-01-08,2015-01-08,2015-01-16
3299,156616818,L,2015-01-08,,175,Online,1,5252,49001.16,36343.84,12657.32,2015-01-08,2015-01-08,2015-02-04,3ae5e8c84068e82500491d88494a0c55,2015-01-08,2015-01-08,2015-02-04
3300,692555224,M,2015-01-09,,84,Online,9,1336,563645.04,487225.84,76419.2,2015-01-09,2015-01-09,2015-02-01,bf99bf3e1545f760ee30bcbf25a123a7,2015-01-09,2015-01-09,2015-02-01
3301,970934617,M,2015-01-10,,40,Online,5,9984,1523358.72,972840.96,550517.76,2015-01-10,2015-01-10,2015-01-15,2f5ff88167f638d0781f3c1f7746f31c,2015-01-10,2015-01-10,2015-01-15
3302,998012912,C,2015-01-10,,143,Offline,9,3054,1288452.06,1113763.26,174688.8,2015-01-10,2015-01-10,2015-01-31,62ad085f164e6efae576c74bfab37a61,2015-01-10,2015-01-10,2015-01-31
3303,731913316,M,2015-01-10,,82,Offline,2,8270,392411.5,262903.3,129508.2,2015-01-10,2015-01-10,2015-02-14,bc469950eecad0ce9b5b85ba68d91344,2015-01-10,2015-01-10,2015-02-14
3304,717114818,L,2015-01-11,,115,Offline,7,9065,1864670.5,1061602.15,803068.35,2015-01-11,2015-01-11,2015-01-25,eb6eaa13922013421b31ec126fb3d4d6,2015-01-11,2015-01-11,2015-01-25
3305,519380223,M,2015-01-12,,180,Online,5,5005,763662.9,487687.2,275975.7,2015-01-12,2015-01-12,2015-01-17,fc3360e4a459c3652ae2b694102b65cb,2015-01-12,2015-01-12,2015-01-17
3306,265914475,M,2015-01-12,,66,Online,10,8857,3872280.4,2332313.81,1539966.59,2015-01-12,2015-01-12,2015-02-21,907ec67cb79fe549a5c5fa3f704ba84b,2015-01-12,2015-01-12,2015-02-21
3307,471599566,L,2015-01-12,,114,Offline,10,5647,2468868.4,1487024.51,981843.89,2015-01-12,2015-01-12,2015-02-28,77602712bdfa5ed10fa97e964397946b,2015-01-12,2015-01-12,2015-02-28
3308,321881663,L,2015-01-13,,131,Offline,11,792,515758.32,415768.32,99990,2015-01-13,2015-01-13,2015-02-28,8d2cc7b2c0fe4039530a64d3289c9bc7,2015-01-13,2015-01-13,2015-02-28
3309,209357202,H,2015-01-14,,91,Online,7,2303,473727.1,269704.33,204022.77,2015-01-14,2015-01-14,2015-01-22,ac87e42df658ef3f475928f320df34b6,2015-01-14,2015-01-14,2015-01-22
3310,119935786,L,2015-01-14,,26,Offline,3,519,42417.87,29411.73,13006.14,2015-01-14,2015-01-14,2015-01-27,47a42ab85983dc36029993bc0f2bdd4b,2015-01-14,2015-01-14,2015-01-27
3311,452471768,L,2015-01-14,,37,Offline,1,5306,49504.98,36717.52,12787.46,2015-01-14,2015-01-14,2015-02-10,2c0d2c23e64fb4ffb0d82662ba6b65ca,2015-01-14,2015-01-14,2015-02-10
3312,662486159,M,2015-01-14,,80,Offline,1,3231,30145.23,22358.52,7786.71,2015-01-14,2015-01-14,2015-02-15,43887016832a8209326038408eb4f80d,2015-01-14,2015-01-14,2015-02-15
3313,288073384,H,2015-01-15,,24,Offline,8,6171,1575332.88,983780.82,591552.06,2015-01-15,2015-01-15,2015-02-16,8104ea2feaf99a7cc3f78b4e7b229742,2015-01-15,2015-01-15,2015-02-16
3314,793194282,H,2015-01-15,,59,Offline,9,2669,1126024.41,973357.61,152666.8,2015-01-15,2015-01-15,2015-02-23,1a43ea1cdb9618470e2848f71f93b0e0,2015-01-15,2015-01-15,2015-02-23
3315,319126927,H,2015-01-16,,47,Offline,3,5604,458014.92,317578.68,140436.24,2015-01-16,2015-01-16,2015-02-06,9ee0097978dff762ea6f7ee5f92441bd,2015-01-16,2015-01-16,2015-02-06
3316,614233434,H,2015-01-16,,124,Offline,7,4178,859414.6,489285.58,370129.02,2015-01-16,2015-01-16,2015-02-08,22e812d95ad66d9208fb2e7e732f874c,2015-01-16,2015-01-16,2015-02-08
3317,543349730,L,2015-01-17,,40,Online,3,8115,663238.95,459877.05,203361.9,2015-01-17,2015-01-17,2015-02-07,1117a3dacd143e8942a2a350455d5e57,2015-01-17,2015-01-17,2015-02-07
3318,350062453,L,2015-01-17,,68,Offline,4,114,12457.92,4085.76,8372.16,2015-01-17,2015-01-17,2015-02-22,4b40c89e5204aa88162730adc5331d92,2015-01-17,2015-01-17,2015-02-22
3319,422874772,H,2015-01-17,,156,Offline,9,6897,2909775.33,2515266.93,394508.4,2015-01-17,2015-01-17,2015-02-23,b559896f39b6e79b5ab1074a654aadbe,2015-01-17,2015-01-17,2015-02-23
3320,518200051,M,2015-01-18,,132,Offline,10,5766,2520895.2,1518360.78,1002534.42,2015-01-18,2015-01-18,2015-01-22,3d3eef61600fbab2b121fff722f78584,2015-01-18,2015-01-18,2015-01-22
3321,946415364,M,2015-01-18,,48,Online,3,4193,342693.89,237617.31,105076.58,2015-01-18,2015-01-18,2015-01-30,33cbadcc8e3fa50410a6744a0b60c319,2015-01-18,2015-01-18,2015-01-30
3322,642886292,C,2015-01-18,,62,Online,5,3195,487493.1,311320.8,176172.3,2015-01-18,2015-01-18,2015-01-31,577cf1ee320d9c9195700dcbd8f55e43,2015-01-18,2015-01-18,2015-01-31
3323,295787847,H,2015-01-18,,4,Online,8,9052,2310794.56,1443069.84,867724.72,2015-01-18,2015-01-18,2015-02-16,1583887ca3d167d72842cae888557aef,2015-01-18,2015-01-18,2015-02-16
3324,437083184,C,2015-01-18,,37,Online,9,1482,625240.98,540470.58,84770.4,2015-01-18,2015-01-18,2015-02-19,abba9ded36ca058dec9fc24faf5e8533,2015-01-18,2015-01-18,2015-02-19
3325,282917964,L,2015-01-20,,153,Offline,11,567,369236.07,297652.32,71583.75,2015-01-20,2015-01-20,2015-01-27,7770d4485435bbd38e51990e667c43dd,2015-01-20,2015-01-20,2015-01-27
3326,833654868,C,2015-01-20,,103,Offline,3,5856,478610.88,331859.52,146751.36,2015-01-20,2015-01-20,2015-02-13,cf93ba3a0fc119e17097b84a33ff02cf,2015-01-20,2015-01-20,2015-02-13
3327,378479278,C,2015-01-20,,70,Online,5,9284,1416552.72,904632.96,511919.76,2015-01-20,2015-01-20,2015-02-15,3e5e5b591054eaa45ef3fc6b2ac41c2b,2015-01-20,2015-01-20,2015-02-15
3328,592586934,C,2015-01-20,,52,Online,7,8497,1747832.9,995083.67,752749.23,2015-01-20,2015-01-20,2015-02-19,f46460910d418cfb3bea62745ea51f3f,2015-01-20,2015-01-20,2015-02-19
3329,369938695,L,2015-01-21,,31,Online,10,1936,846419.2,509806.88,336612.32,2015-01-21,2015-01-21,2015-01-24,025b46c2d5e6238e6979aa83eeea7637,2015-01-21,2015-01-21,2015-01-24
3330,569601905,C,2015-01-21,,100,Offline,12,6716,4488101.32,3375058.64,1113042.68,2015-01-21,2015-01-21,2015-02-02,c65f65df72e34baa1195620ee967f0cd,2015-01-21,2015-01-21,2015-02-02
3331,538430345,H,2015-01-21,,5,Offline,4,2359,257791.52,84546.56,173244.96,2015-01-21,2015-01-21,2015-03-10,b2fd79094fac803d93463cf346fc2092,2015-01-21,2015-01-21,2015-03-10
3332,207704961,L,2015-01-22,,56,Offline,2,3368,159811.6,107068.72,52742.88,2015-01-22,2015-01-22,2015-01-29,416c44e80ed90049a16d76ea32b49cd9,2015-01-22,2015-01-22,2015-01-29
3333,311688840,L,2015-01-22,,169,Offline,3,4509,368520.57,255525.03,112995.54,2015-01-22,2015-01-22,2015-02-14,e6aedd1d0593d9ca07db0fb0513afe13,2015-01-22,2015-01-22,2015-02-14
3334,756395232,H,2015-01-22,,84,Online,9,3013,1271154.57,1098810.97,172343.6,2015-01-22,2015-01-22,2015-03-13,bfab48f9815c10efef9f545d7cbcb611,2015-01-22,2015-01-22,2015-03-13
3335,213726842,C,2015-01-23,,85,Online,11,5377,3501556.17,2822709.92,678846.25,2015-01-23,2015-01-23,2015-01-28,878da50c432c34045b4c61489517246f,2015-01-23,2015-01-23,2015-01-28
3336,783237493,M,2015-01-23,,39,Online,11,6234,4059643.14,3272600.64,787042.5,2015-01-23,2015-01-23,2015-02-07,3ab6e882a7ab8560cb19ee88efeb75df,2015-01-23,2015-01-23,2015-02-07
3337,517019879,H,2015-01-24,,10,Offline,11,6526,4249796.46,3425888.96,823907.5,2015-01-24,2015-01-24,2015-01-28,2a2266c0867fd7ed19926c251b750608,2015-01-24,2015-01-24,2015-01-28
3338,117929494,H,2015-01-24,,185,Offline,1,6813,63565.29,47145.96,16419.33,2015-01-24,2015-01-24,2015-03-02,57b0e696f1584e2375b5b658fde5c4ac,2015-01-24,2015-01-24,2015-03-02
3339,263318097,C,2015-01-24,,72,Online,8,531,135553.68,84652.02,50901.66,2015-01-24,2015-01-24,2015-03-04,05502c7334864b3bf4bc92e0714dc79d,2015-01-24,2015-01-24,2015-03-04
3340,125998008,C,2015-01-25,,183,Online,11,4465,2907652.65,2343946.4,563706.25,2015-01-25,2015-01-25,2015-02-03,4372ec00024eb88bd24b82504a679895,2015-01-25,2015-01-25,2015-02-03
3341,491752183,H,2015-01-25,,114,Offline,12,9254,6184170.58,4650505.16,1533665.42,2015-01-25,2015-01-25,2015-02-06,68a26779ff74659eea092f46edf6020f,2015-01-25,2015-01-25,2015-02-06
3342,793116605,L,2015-01-26,,99,Offline,11,9683,6305666.43,5083187.68,1222478.75,2015-01-26,2015-01-26,2015-02-07,ac7f05d47dd232feb19810c5642842a9,2015-01-26,2015-01-26,2015-02-07
3343,780246722,C,2015-01-27,,179,Online,5,1199,182943.42,116830.56,66112.86,2015-01-27,2015-01-27,2015-03-09,94e9de86abe3a13e40c1f39385de10b8,2015-01-27,2015-01-27,2015-03-09
3344,244072282,H,2015-01-27,,150,Online,4,5267,575577.76,188769.28,386808.48,2015-01-27,2015-01-27,2015-03-13,9a955197c2ad11189e81516642bc4ca3,2015-01-27,2015-01-27,2015-03-13
3345,537250173,H,2015-01-27,,120,Online,8,3120,796473.6,497390.4,299083.2,2015-01-27,2015-01-27,2015-03-15,f572a403299235e160004e50b4a78e86,2015-01-27,2015-01-27,2015-03-15
3346,121196639,H,2015-01-28,,57,Offline,2,3634,172433.3,115524.86,56908.44,2015-01-28,2015-01-28,2015-02-07,1d3fedf7cae6c7b666c4406314378d10,2015-01-28,2015-01-28,2015-02-07
3347,790243852,L,2015-01-29,,98,Offline,10,9572,4184878.4,2520594.76,1664283.64,2015-01-29,2015-01-29,2015-02-10,10c3c8b3c2a6616b72b04e301c0bcd75,2015-01-29,2015-01-29,2015-02-10
3348,719714200,H,2015-01-29,,106,Offline,5,8280,1263362.4,806803.2,456559.2,2015-01-29,2015-01-29,2015-03-06,16b12c7fcf391eba3119565d851d2611,2015-01-29,2015-01-29,2015-03-06
3349,380684268,M,2015-01-30,,79,Offline,10,1789,782150.8,471097.37,311053.43,2015-01-30,2015-01-30,2015-02-23,0e89c68c348b645e943a0ce6e1d79ed0,2015-01-30,2015-01-30,2015-02-23
3350,889898431,M,2015-01-30,,135,Offline,5,9576,1461106.08,933085.44,528020.64,2015-01-30,2015-01-30,2015-02-28,f702d8dddaf0ba2b3538f76b98cb26d3,2015-01-30,2015-01-30,2015-02-28
3351,916976726,C,2015-01-30,,149,Online,9,2645,1115899.05,964605.05,151294,2015-01-30,2015-01-30,2015-03-16,ca86f9570bbf191e2b3422112ff35f80,2015-01-30,2015-01-30,2015-03-16
3352,355534589,H,2015-01-31,,24,Online,4,9440,1031603.2,338329.6,693273.6,2015-01-31,2015-01-31,2015-02-06,9ec732b3b3cc9b4819b2a6664edbc868,2015-01-31,2015-01-31,2015-02-06
3353,607071721,H,2015-01-31,,86,Online,10,4868,2128289.6,1281890.44,846399.16,2015-01-31,2015-01-31,2015-02-23,bb3cafa9c391fe691615d79226f8612a,2015-01-31,2015-01-31,2015-02-23
3354,411619794,C,2015-01-31,,25,Offline,6,6299,970423.94,572768.07,397655.87,2015-01-31,2015-01-31,2015-03-10,265386b8c939a8566251368db94a4f38,2015-01-31,2015-01-31,2015-03-10
3355,409337127,C,2015-02-01,,122,Offline,8,807,206010.96,128651.94,77359.02,2015-02-01,2015-02-01,2015-02-14,dc7110789fa2da2625c8414aa9a51464,2015-02-01,2015-02-01,2015-02-14
3356,440154635,L,2015-02-03,,42,Online,4,393,42947.04,14085.12,28861.92,2015-02-03,2015-02-03,2015-02-06,6d04283a3d77d880832b42dd4051e6b6,2015-02-03,2015-02-03,2015-02-06
3357,169843757,M,2015-02-03,,60,Offline,3,9397,768016.81,532527.99,235488.82,2015-02-03,2015-02-03,2015-03-19,6b7e326d1e36e3cc1967938b3a1a38bd,2015-02-03,2015-02-03,2015-03-19
3358,614432132,M,2015-02-04,,162,Online,7,2977,612368.9,348636.47,263732.43,2015-02-04,2015-02-04,2015-03-21,7ba16063db71122767bfceb5b8a6c480,2015-02-04,2015-02-04,2015-03-21
3359,472900760,M,2015-02-05,,62,Offline,5,699,106653.42,68110.56,38542.86,2015-02-05,2015-02-05,2015-03-19,99e750c9f6f90d873b421f894c87f950,2015-02-05,2015-02-05,2015-03-19
3360,738882339,M,2015-02-06,,74,Online,7,558,114780.6,65347.38,49433.22,2015-02-06,2015-02-06,2015-02-09,b10e856c1db2e758a143c7e730f74f52,2015-02-06,2015-02-06,2015-02-09
3361,431260001,L,2015-02-06,,156,Online,8,8273,2111931.44,1318881.66,793049.78,2015-02-06,2015-02-06,2015-02-11,6c548ba0d06cd483dad756730efca008,2015-02-06,2015-02-06,2015-02-11
3362,834443652,C,2015-02-06,,116,Offline,9,9275,3913029.75,3382499.75,530530,2015-02-06,2015-02-06,2015-02-27,b6ec9b4bd32900e74fb6d1969f8f60f9,2015-02-06,2015-02-06,2015-02-27
3363,786544978,L,2015-02-06,,17,Offline,11,4993,3251491.53,2621125.28,630366.25,2015-02-06,2015-02-06,2015-03-15,765a870aeaf381f5cf3cdaa923d1aa5f,2015-02-06,2015-02-06,2015-03-15
3364,719872558,C,2015-02-07,,71,Offline,9,5142,2169358.38,1875235.98,294122.4,2015-02-07,2015-02-07,2015-02-16,f5d4f6745392302693c7293a43ba20fe,2015-02-07,2015-02-07,2015-02-16
3365,218608891,H,2015-02-09,,80,Online,3,84,6865.32,4760.28,2105.04,2015-02-09,2015-02-09,2015-02-10,54b2dfa865aa3a706468144abbbf95f3,2015-02-09,2015-02-09,2015-02-10
3366,363997495,C,2015-02-09,,143,Online,6,3802,585736.12,345715.86,240020.26,2015-02-09,2015-02-09,2015-02-11,ed01d50df54a308048a28111bc7dd7ff,2015-02-09,2015-02-09,2015-02-11
3367,981406819,C,2015-02-09,,56,Offline,6,8942,1377604.52,813096.06,564508.46,2015-02-09,2015-02-09,2015-03-28,f168816ce7096cf03a16c4826f3c263c,2015-02-09,2015-02-09,2015-03-28
3368,667054498,H,2015-02-11,,28,Online,3,5104,417149.92,289243.68,127906.24,2015-02-11,2015-02-11,2015-02-12,fbe1e2e72f13ca2251d79255e017ef53,2015-02-11,2015-02-11,2015-02-12
3369,633836305,C,2015-02-11,,158,Online,7,5103,1049687.1,597612.33,452074.77,2015-02-11,2015-02-11,2015-02-23,a8231ca2c05dfbca43a244aecf90fb7c,2015-02-11,2015-02-11,2015-02-23
3370,785364806,M,2015-02-12,,18,Offline,12,5754,3845225.58,2891615.16,953610.42,2015-02-12,2015-02-12,2015-03-21,5f75cd9fc49e7735d361f42a77d87e89,2015-02-12,2015-02-12,2015-03-21
3371,706176555,C,2015-02-13,,145,Offline,6,2190,337391.4,199136.7,138254.7,2015-02-13,2015-02-13,2015-02-26,f7b0cdd5ba9ccf46053896e3c066fd98,2015-02-13,2015-02-13,2015-02-26
3372,637575519,M,2015-02-13,,183,Offline,10,1619,707826.8,426331.27,281495.53,2015-02-13,2015-02-13,2015-03-21,328c81aa51e206952bdc781a54a5b2e3,2015-02-13,2015-02-13,2015-03-21
3373,130289971,M,2015-02-14,,6,Online,4,4553,497551.84,163179.52,334372.32,2015-02-14,2015-02-14,2015-03-16,d675aef009bfd34bb7c99ea740afca8f,2015-02-14,2015-02-14,2015-03-16
3375,196608340,H,2015-02-15,,106,Online,9,9632,4063644.48,3512694.08,550950.4,2015-02-15,2015-02-15,2015-03-20,9e43042642397a93f3192bcb655dd6cd,2015-02-15,2015-02-15,2015-03-20
3376,580782210,C,2015-02-16,,33,Online,11,5217,3397362.57,2738716.32,658646.25,2015-02-16,2015-02-16,2015-02-20,5c83b05e9abcf039f86c63c45a0effaf,2015-02-16,2015-02-16,2015-02-20
3377,582710826,C,2015-02-17,,177,Online,12,5937,3967518.99,2983579.98,983939.01,2015-02-17,2015-02-17,2015-02-20,d79dde6cd183964918defdf1cfe8823e,2015-02-17,2015-02-17,2015-02-20
3378,765528905,L,2015-02-17,,97,Offline,3,5870,479755.1,332652.9,147102.2,2015-02-17,2015-02-17,2015-03-06,7565cfe5aa9f4b6a4285e9b36b1e649c,2015-02-17,2015-02-17,2015-03-06
3379,655287110,H,2015-02-18,,28,Offline,12,2873,1919939.71,1443797.42,476142.29,2015-02-18,2015-02-18,2015-02-22,9dc3c34f1602927f38ca9624ffcb4d7e,2015-02-18,2015-02-18,2015-02-22
3380,559607779,H,2015-02-18,,59,Offline,5,9233,1408771.14,899663.52,509107.62,2015-02-18,2015-02-18,2015-03-01,73efed2881c0ac2968005501af36a0be,2015-02-18,2015-02-18,2015-03-01
3381,384976232,L,2015-02-18,,145,Online,11,1877,1222321.17,985349.92,236971.25,2015-02-18,2015-02-18,2015-04-03,4ff4137b295411c5d3c1d6ca0e8722e1,2015-02-18,2015-02-18,2015-04-03
3382,457788550,H,2015-02-18,,116,Online,10,8660,3786152,2280437.8,1505714.2,2015-02-18,2015-02-18,2015-04-04,73d9d0563acd1b0f590215d076691ce8,2015-02-18,2015-02-18,2015-04-04
3383,804650962,M,2015-02-19,,111,Online,1,2956,27579.48,20455.52,7123.96,2015-02-19,2015-02-19,2015-03-20,c4b618ce819b65ce9291d9034ef0830a,2015-02-19,2015-02-19,2015-03-20
3384,108407437,C,2015-02-19,,26,Offline,8,9025,2303902,1438765.5,865136.5,2015-02-19,2015-02-19,2015-03-27,b6c5d6455248596935909b9fa4ca1136,2015-02-19,2015-02-19,2015-03-27
3385,293390166,C,2015-02-19,,136,Offline,2,9525,451961.25,302799.75,149161.5,2015-02-19,2015-02-19,2015-04-10,4a26d96eaba8428cb100e60b358d1262,2015-02-19,2015-02-19,2015-04-10
3386,160045325,L,2015-02-20,,149,Online,1,9823,91648.59,67975.16,23673.43,2015-02-20,2015-02-20,2015-04-05,d4b9c51454e71df99ec6cc95356adbef,2015-02-20,2015-02-20,2015-04-05
3387,155952060,M,2015-02-20,,103,Online,2,8535,404985.75,271327.65,133658.1,2015-02-20,2015-02-20,2015-04-06,ffe45802a59eeace736c87f1f389b0f3,2015-02-20,2015-02-20,2015-04-06
3388,637969911,M,2015-02-21,,41,Offline,12,8329,5566020.83,4185655.66,1380365.17,2015-02-21,2015-02-21,2015-03-02,6c081a37d73bf3011c0e273beec81c6b,2015-02-21,2015-02-21,2015-03-02
3389,685750567,H,2015-02-21,,126,Online,6,7687,1184259.22,698978.91,485280.31,2015-02-21,2015-02-21,2015-03-11,405f43a2b9c50bf20288f043d0a55a26,2015-02-21,2015-02-21,2015-03-11
3390,769032084,C,2015-02-21,,41,Online,8,2538,647900.64,404607.96,243292.68,2015-02-21,2015-02-21,2015-04-03,4c177568f9ac37c738a82d00daf8d2e2,2015-02-21,2015-02-21,2015-04-03
3391,996994102,L,2015-02-24,,148,Online,10,1565,684218,412111.45,272106.55,2015-02-24,2015-02-24,2015-03-10,8b66149bec42cbf29c9d2cf7f2500d18,2015-02-24,2015-02-24,2015-03-10
3392,743410336,C,2015-02-24,,107,Online,7,494,101615.8,57852.34,43763.46,2015-02-24,2015-02-24,2015-03-20,8808065216976b9b49899bb888c1e0d6,2015-02-24,2015-02-24,2015-03-20
3393,142728126,C,2015-02-24,,123,Offline,1,5279,49253.07,36530.68,12722.39,2015-02-24,2015-02-24,2015-04-14,408b8aa30624df1e8b24982f676f3568,2015-02-24,2015-02-24,2015-04-14
3394,741009652,L,2015-02-25,,6,Offline,6,78,12016.68,7092.54,4924.14,2015-02-25,2015-02-25,2015-03-21,824c96169012f32eba66c089ff9981ca,2015-02-25,2015-02-25,2015-03-21
3396,217115008,M,2015-02-26,,81,Online,7,8011,1647862.7,938168.21,709694.49,2015-02-26,2015-02-26,2015-03-22,2e9d801d82afd1f339be94623317c5f0,2015-02-26,2015-02-26,2015-03-22
3397,636907756,C,2015-02-26,,75,Online,6,4013,618242.78,364902.09,253340.69,2015-02-26,2015-02-26,2015-04-01,8ccb58ba03da24d093dfcf3951645e32,2015-02-26,2015-02-26,2015-04-01
3399,119153010,L,2015-02-27,,60,Offline,2,8878,421261.1,282231.62,139029.48,2015-02-27,2015-02-27,2015-03-05,ac880882edeea4ef973c85e2d74442c1,2015-02-27,2015-02-27,2015-03-05
3401,135644090,H,2015-02-28,,59,Online,6,8955,1379607.3,814278.15,565329.15,2015-02-28,2015-02-28,2015-03-26,55aaa17da5c4218af8a4825775eadbb3,2015-02-28,2015-02-28,2015-03-26
3402,251907765,C,2015-03-01,,127,Offline,5,3961,604369.38,385959.84,218409.54,2015-03-01,2015-03-01,2015-04-07,08926ac14776b2b4f272225367803304,2015-03-01,2015-03-01,2015-04-07
3403,902417266,M,2015-03-01,,56,Online,8,4178,1066559.84,666056.76,400503.08,2015-03-01,2015-03-01,2015-04-15,3e0779543485546e0dec9af9bca291c2,2015-03-01,2015-03-01,2015-04-15
3404,650644099,H,2015-03-02,,104,Online,5,8903,1358419.74,867508.32,490911.42,2015-03-02,2015-03-02,2015-03-31,f5cef1e37cfe2b9d699f040d2678fc95,2015-03-02,2015-03-02,2015-03-31
3405,594558894,M,2015-03-02,,6,Offline,1,2044,19070.52,14144.48,4926.04,2015-03-02,2015-03-02,2015-04-19,08ba3dde902704925718981e40b571e6,2015-03-02,2015-03-02,2015-04-19
3406,783516871,C,2015-03-03,,31,Online,7,8909,1832581.3,1043332.99,789248.31,2015-03-03,2015-03-03,2015-04-06,b6d01edcfeb4ea899c7353ab67840b5c,2015-03-03,2015-03-03,2015-04-06
3407,508876693,H,2015-03-04,,46,Offline,2,6777,321568.65,215440.83,106127.82,2015-03-04,2015-03-04,2015-03-29,43fa07ad7e70cc0da25f4d17185ac9d1,2015-03-04,2015-03-04,2015-03-29
3408,238683831,H,2015-03-04,,113,Online,7,705,145018.5,82562.55,62455.95,2015-03-04,2015-03-04,2015-04-14,1fbd61c3fc5cb290c7ec4796db92c274,2015-03-04,2015-03-04,2015-04-14
3409,514898574,M,2015-03-05,,183,Online,11,8785,5720879.85,4611773.6,1109106.25,2015-03-05,2015-03-05,2015-03-28,ecfbd24fa92b8abd45e381ad713fb3f3,2015-03-05,2015-03-05,2015-03-28
3410,953347051,M,2015-03-06,,159,Offline,8,5433,1386936.24,866128.86,520807.38,2015-03-06,2015-03-06,2015-03-08,1aab63bac3d47bfe27e1a939f90d4af2,2015-03-06,2015-03-06,2015-03-08
3411,720229613,C,2015-03-07,,33,Online,1,803,7491.99,5556.76,1935.23,2015-03-07,2015-03-07,2015-03-11,04b26111a8c83658e46ff48d32bd49aa,2015-03-07,2015-03-07,2015-03-11
3412,354593455,H,2015-03-07,,166,Online,11,938,610834.98,492412.48,118422.5,2015-03-07,2015-03-07,2015-04-03,b1b303ef42d49ff47d38291b486037ff,2015-03-07,2015-03-07,2015-04-03
3413,539576184,H,2015-03-07,,96,Online,6,1438,221538.28,130757.34,90780.94,2015-03-07,2015-03-07,2015-04-16,0022c6cad2efc175bda5fe06d2fef2ed,2015-03-07,2015-03-07,2015-04-16
3414,824331510,L,2015-03-07,,183,Online,6,6867,1057930.02,624416.31,433513.71,2015-03-07,2015-03-07,2015-04-21,d5df8a6c7ae919e70d183893752aa129,2015-03-07,2015-03-07,2015-04-21
3415,484947526,C,2015-03-09,,102,Online,9,5604,2364271.56,2043722.76,320548.8,2015-03-09,2015-03-09,2015-03-16,260162b20a26e2a99ccb26f32d3d039a,2015-03-09,2015-03-09,2015-03-16
3416,470503079,H,2015-03-09,,163,Offline,4,1172,128076.16,42004.48,86071.68,2015-03-09,2015-03-09,2015-03-21,9ef9f0d0fe7cb11f44fb875dd3e16c78,2015-03-09,2015-03-09,2015-03-21
3417,235220992,M,2015-03-11,,95,Offline,8,5974,1525042.72,952375.08,572667.64,2015-03-11,2015-03-11,2015-03-26,993ce79c455afd2c6eb087ade0506b26,2015-03-11,2015-03-11,2015-03-26
3418,823505389,H,2015-03-11,,155,Online,4,2400,262272,86016,176256,2015-03-11,2015-03-11,2015-03-30,da80b167b0a523098bb8de69d5114251,2015-03-11,2015-03-11,2015-03-30
3419,815082824,L,2015-03-11,,17,Offline,9,9975,4208352.75,3637782.75,570570,2015-03-11,2015-03-11,2015-04-02,fe13d4a996f5dbd5a7cc6d1e6e4233df,2015-03-11,2015-03-11,2015-04-02
3420,320431125,H,2015-03-11,,34,Online,2,1545,73310.25,49115.55,24194.7,2015-03-11,2015-03-11,2015-04-17,d04c0d782820d98f8df55be88fecf839,2015-03-11,2015-03-11,2015-04-17
3421,166501939,H,2015-03-12,,82,Online,9,479,202085.31,174686.51,27398.8,2015-03-12,2015-03-12,2015-03-25,09e667a21e6492ef71d30d4e74f44816,2015-03-12,2015-03-12,2015-03-25
3422,155914723,H,2015-03-12,,138,Offline,1,7486,69844.38,51803.12,18041.26,2015-03-12,2015-03-12,2015-03-29,1f2c8342c0f9be9027bb45c312fe183a,2015-03-12,2015-03-12,2015-03-29
3423,421660268,C,2015-03-14,,138,Offline,12,7498,5010688.46,3768044.92,1242643.54,2015-03-14,2015-03-14,2015-04-11,2008a5cb83c4da2e689e4481fe8b8c73,2015-03-14,2015-03-14,2015-04-11
3424,477863490,M,2015-03-14,,38,Online,12,9281,6202213.87,4664073.74,1538140.13,2015-03-14,2015-03-14,2015-04-17,7fc635d3be836c06ede02da73130b6a2,2015-03-14,2015-03-14,2015-04-17
3425,103450715,H,2015-03-15,,91,Online,11,2220,1445686.2,1165411.2,280275,2015-03-15,2015-03-15,2015-04-18,bafe346efeeb730326b7b50f2a783750,2015-03-15,2015-03-15,2015-04-18
3426,697638976,L,2015-03-16,,30,Offline,6,5731,882917.86,521119.83,361798.03,2015-03-16,2015-03-16,2015-03-26,5b3cf7a2b0763842ec1d04838453ef2f,2015-03-16,2015-03-16,2015-03-26
3427,604124295,C,2015-03-16,,167,Online,9,2659,1121805.51,969710.71,152094.8,2015-03-16,2015-03-16,2015-04-02,79f8f815022b2c663c6d9d33fd1d1f8e,2015-03-16,2015-03-16,2015-04-02
3428,439725911,L,2015-03-17,,11,Offline,1,3524,32878.92,24386.08,8492.84,2015-03-17,2015-03-17,2015-04-07,5117e8c566ce1d67354573149b83f847,2015-03-17,2015-03-17,2015-04-07
3429,990462815,C,2015-03-17,,106,Online,11,8812,5738462.52,4625947.52,1112515,2015-03-17,2015-03-17,2015-04-24,f0b683dffaf6a2612211bd7faae4538c,2015-03-17,2015-03-17,2015-04-24
3430,140290105,H,2015-03-18,,55,Offline,4,3814,416793.92,136693.76,280100.16,2015-03-18,2015-03-18,2015-04-08,e07b1c8493f4ecffc06a39f2d2121878,2015-03-18,2015-03-18,2015-04-08
3431,582949864,H,2015-03-18,,77,Online,8,6674,1703738.72,1063969.08,639769.64,2015-03-18,2015-03-18,2015-04-10,16aca92d5c22b28d36c394564af5fe0b,2015-03-18,2015-03-18,2015-04-10
3432,946421372,M,2015-03-19,,155,Offline,2,5971,283323.95,189818.09,93505.86,2015-03-19,2015-03-19,2015-03-21,c47433855a8d7ed665da2d00f161a0cf,2015-03-19,2015-03-19,2015-03-21
3433,505808246,H,2015-03-19,,148,Online,1,8755,81684.15,60584.6,21099.55,2015-03-19,2015-03-19,2015-04-12,01241e3cc6ecb15c66ab405cf714aaa6,2015-03-19,2015-03-19,2015-04-12
3434,543237721,H,2015-03-19,,109,Online,11,4969,3235862.49,2608526.24,627336.25,2015-03-19,2015-03-19,2015-04-25,a97678ecb0912397a3e99c04637f2f6e,2015-03-19,2015-03-19,2015-04-25
3435,443347108,M,2015-03-20,,34,Offline,7,5116,1052361.2,599134.76,453226.44,2015-03-20,2015-03-20,2015-04-09,7234317e7e3f5adc39d0512dae44950f,2015-03-20,2015-03-20,2015-04-09
3436,568033349,C,2015-03-20,,104,Online,4,2546,278226.88,91248.64,186978.24,2015-03-20,2015-03-20,2015-04-17,c9f5c8a18211b511c57d390bee332ef7,2015-03-20,2015-03-20,2015-04-17
3437,731959664,L,2015-03-21,,68,Offline,9,1985,837451.65,723909.65,113542,2015-03-21,2015-03-21,2015-04-13,1f0305fef2b9195d419feb4d95a76351,2015-03-21,2015-03-21,2015-04-13
3438,276784074,C,2015-03-21,,88,Online,4,5413,591532.64,194001.92,397530.72,2015-03-21,2015-03-21,2015-04-15,f257f222fefae4b98d83eaae1b57c547,2015-03-21,2015-03-21,2015-04-15
3439,318306815,H,2015-03-21,,115,Offline,1,2915,27196.95,20171.8,7025.15,2015-03-21,2015-03-21,2015-04-26,5676e27573744172e7fb5b1d4af0f506,2015-03-21,2015-03-21,2015-04-26
3440,511712110,C,2015-03-21,,94,Offline,11,5839,3802415.19,3065241.44,737173.75,2015-03-21,2015-03-21,2015-05-07,6e0ff88bcff116be5cd1d9b47614622e,2015-03-21,2015-03-21,2015-05-07
3441,164259612,M,2015-03-22,,180,Offline,9,6924,2921166.36,2525113.56,396052.8,2015-03-22,2015-03-22,2015-04-29,975344a2c16dd46ee9655c8433c7dad8,2015-03-22,2015-03-22,2015-04-29
3442,966415631,H,2015-03-23,,72,Offline,12,2716,1815021.32,1364898.64,450122.68,2015-03-23,2015-03-23,2015-05-07,323270512d1adf0515148d5760ad73b9,2015-03-23,2015-03-23,2015-05-07
3443,190865838,M,2015-03-24,,136,Offline,12,298,199144.46,149756.92,49387.54,2015-03-24,2015-03-24,2015-03-27,95e92cf20c051679406005de8ddc14c4,2015-03-24,2015-03-24,2015-03-27
3444,712595832,H,2015-03-24,,155,Online,2,1797,85267.65,57126.63,28141.02,2015-03-24,2015-03-24,2015-03-28,0ac8c569d34ff3c1b2c0e225bebc5ce4,2015-03-24,2015-03-24,2015-03-28
3445,901789844,H,2015-03-24,,66,Online,9,8509,3589862.01,3103147.21,486714.8,2015-03-24,2015-03-24,2015-05-05,fd2fb0dc46e85f8861683fc7044ad96e,2015-03-24,2015-03-24,2015-05-05
3446,793594682,H,2015-03-25,,157,Offline,10,1157,505840.4,304672.81,201167.59,2015-03-25,2015-03-25,2015-03-27,781c7d067cac6874d6e438972f53c9b9,2015-03-25,2015-03-25,2015-03-27
3447,816343677,H,2015-03-25,,92,Online,5,3090,471472.2,301089.6,170382.6,2015-03-25,2015-03-25,2015-04-13,e45a70ec4e164251d5bf1cc6607b6ec8,2015-03-25,2015-03-25,2015-04-13
3448,248879659,H,2015-03-25,,135,Offline,9,7877,3323227.53,2872663.13,450564.4,2015-03-25,2015-03-25,2015-04-28,4c4cd374fff88695b6bf717a9a96a832,2015-03-25,2015-03-25,2015-04-28
3449,922020137,C,2015-03-27,,62,Offline,8,5103,1302693.84,813520.26,489173.58,2015-03-27,2015-03-27,2015-04-30,56659265a18198b6ce7b2067376c2c0f,2015-03-27,2015-03-27,2015-04-30
3450,826340806,C,2015-03-27,,112,Offline,1,1462,13640.46,10117.04,3523.42,2015-03-27,2015-03-27,2015-05-07,fc8e9c5db9eb997532778b4cec8884f3,2015-03-27,2015-03-27,2015-05-07
3451,670364987,M,2015-03-27,,27,Offline,1,4752,44336.16,32883.84,11452.32,2015-03-27,2015-03-27,2015-05-09,6b8fb976b0872aa343579028c86b89fb,2015-03-27,2015-03-27,2015-05-09
3452,210742080,M,2015-03-29,,50,Online,7,2119,435878.3,248156.09,187722.21,2015-03-29,2015-03-29,2015-04-19,1c0965267fb33c30a744f6a49762dc96,2015-03-29,2015-03-29,2015-04-19
3454,906749570,C,2015-03-30,,63,Offline,12,6203,4145278.81,3117255.62,1028023.19,2015-03-30,2015-03-30,2015-04-12,0222381d047b93407a4550540ebb8662,2015-03-30,2015-03-30,2015-04-12
3455,640295922,M,2015-04-01,,32,Online,8,6647,1696846.16,1059664.74,637181.42,2015-04-01,2015-04-01,2015-04-03,dd5e034f246e728c9cafdbb92efe633d,2015-04-01,2015-04-01,2015-04-03
3456,925169265,M,2015-04-01,,67,Offline,6,7000,1078420,636510,441910,2015-04-01,2015-04-01,2015-05-03,bef825a98eae5cc3624dd75f60529e14,2015-04-01,2015-04-01,2015-05-03
3457,687958562,L,2015-04-02,,142,Online,6,1081,166538.86,98295.33,68243.53,2015-04-02,2015-04-02,2015-05-08,5ffcf0d48e32b0d791cb4b642099c82f,2015-04-02,2015-04-02,2015-05-08
3458,147454822,M,2015-04-02,,36,Offline,1,4013,37441.29,27769.96,9671.33,2015-04-02,2015-04-02,2015-05-14,cf6050f3e067504d943c1869d395cec8,2015-04-02,2015-04-02,2015-05-14
3459,733574569,H,2015-04-02,,183,Offline,8,9871,2519868.88,1573634.82,946234.06,2015-04-02,2015-04-02,2015-05-18,0363b0ef70d49c31f6ad4648b5728f38,2015-04-02,2015-04-02,2015-05-18
3460,324014985,L,2015-04-03,,72,Offline,8,2089,533279.92,333028.38,200251.54,2015-04-03,2015-04-03,2015-04-10,0b2199990d90d912fc653af01c644898,2015-04-03,2015-04-03,2015-04-10
3461,217984473,C,2015-04-03,,47,Offline,12,5305,3545172.35,2665974.7,879197.65,2015-04-03,2015-04-03,2015-04-20,5b1ab8dfde3b360b5d85e9145032436f,2015-04-03,2015-04-03,2015-04-20
3462,575552117,C,2015-04-03,,94,Offline,11,7516,4894494.36,3945599.36,948895,2015-04-03,2015-04-03,2015-04-26,a63dd3866cb76ca5a558c5e2cdf07bdd,2015-04-03,2015-04-03,2015-04-26
3463,276116311,M,2015-04-03,,3,Online,2,7807,370442.15,248184.53,122257.62,2015-04-03,2015-04-03,2015-04-26,cf5e771a5daecf974d71ca797037d1e8,2015-04-03,2015-04-03,2015-04-26
3464,862236058,H,2015-04-03,,46,Offline,3,3665,299540.45,207695.55,91844.9,2015-04-03,2015-04-03,2015-05-01,07497b78b5cc144f5decfe5b6097db03,2015-04-03,2015-04-03,2015-05-01
3465,184412229,C,2015-04-04,,32,Online,8,531,135553.68,84652.02,50901.66,2015-04-04,2015-04-04,2015-04-07,975f7ac42b872da8fe4e63885f463567,2015-04-04,2015-04-04,2015-04-07
3466,458816373,L,2015-04-04,,127,Offline,11,2815,1833156.15,1477762.4,355393.75,2015-04-04,2015-04-04,2015-04-16,3dc09b1f1837f5f075c37f15458da917,2015-04-04,2015-04-04,2015-04-16
3467,452558457,H,2015-04-04,,129,Offline,10,959,419274.8,252533.47,166741.33,2015-04-04,2015-04-04,2015-04-18,f5d7d824f08f4eb2d0da1baae7493e41,2015-04-04,2015-04-04,2015-04-18
3468,300911939,C,2015-04-04,,83,Online,10,5384,2353884.8,1417768.72,936116.08,2015-04-04,2015-04-04,2015-04-19,47c27655c67f12ca817bc9e4899cd071,2015-04-04,2015-04-04,2015-04-19
3469,706260240,M,2015-04-04,,179,Online,3,6954,568350.42,394083.18,174267.24,2015-04-04,2015-04-04,2015-05-04,5cb93f9867e543e4bceeae04ce38618d,2015-04-04,2015-04-04,2015-05-04
3471,541861855,H,2015-04-05,,3,Online,6,7819,1204595.14,710981.67,493613.47,2015-04-05,2015-04-05,2015-05-09,f4f757fc7c6aa6f56baae28c28794fba,2015-04-05,2015-04-05,2015-05-09
3472,387696635,C,2015-04-06,,56,Online,1,6905,64423.65,47782.6,16641.05,2015-04-06,2015-04-06,2015-04-16,17996fc71e3eed4670918dad7a8a25df,2015-04-06,2015-04-06,2015-04-16
3473,462555587,C,2015-04-06,,1,Online,3,9332,762704.36,528844.44,233859.92,2015-04-06,2015-04-06,2015-05-12,20613a1909da15254ed04fd746fdeffc,2015-04-06,2015-04-06,2015-05-12
3474,875972402,M,2015-04-07,,76,Offline,10,8555,3740246,2252788.15,1487457.85,2015-04-07,2015-04-07,2015-04-29,506e2f5f259b6281bb62ff253d75465d,2015-04-07,2015-04-07,2015-04-29
3475,861527955,M,2015-04-07,,97,Online,11,4122,2684287.62,2163885.12,520402.5,2015-04-07,2015-04-07,2015-05-04,0ac30cf5c41f535557fea26306ef76e6,2015-04-07,2015-04-07,2015-05-04
3476,474717366,C,2015-04-08,,131,Offline,8,8273,2111931.44,1318881.66,793049.78,2015-04-08,2015-04-08,2015-04-14,7bb0f2664063780a46052cc6dd99ba9a,2015-04-08,2015-04-08,2015-04-14
3477,826027095,M,2015-04-08,,67,Offline,9,8628,3640066.92,3146545.32,493521.6,2015-04-08,2015-04-08,2015-04-22,d5d7c69dc3ef8809ec00c8151640f5f7,2015-04-08,2015-04-08,2015-04-22
3478,497466361,C,2015-04-08,,180,Offline,12,206,137663.62,103523.24,34140.38,2015-04-08,2015-04-08,2015-05-01,8f0f9ce84b6117ed9615a74768145cd8,2015-04-08,2015-04-08,2015-05-01
3479,466412818,C,2015-04-08,,122,Offline,7,772,158800.4,90408.92,68391.48,2015-04-08,2015-04-08,2015-05-12,574624b98efa9174d9678d160c2e5b6c,2015-04-08,2015-04-08,2015-05-12
3480,526355254,L,2015-04-09,,107,Offline,1,9071,84632.43,62771.32,21861.11,2015-04-09,2015-04-09,2015-04-22,adf851c261afe2960d42cc4c7b385491,2015-04-09,2015-04-09,2015-04-22
3481,245811212,H,2015-04-09,,22,Offline,2,9855,467619.75,313290.45,154329.3,2015-04-09,2015-04-09,2015-05-11,b510c6fb14da72e9f1a9bea45d27cc42,2015-04-09,2015-04-09,2015-05-11
3482,191300570,L,2015-04-11,,12,Offline,11,8945,5825073.45,4695767.2,1129306.25,2015-04-11,2015-04-11,2015-05-06,69e55dc6c9a15ab8de7c8f1b2c363eb8,2015-04-11,2015-04-11,2015-05-06
3483,392892396,C,2015-04-11,,133,Offline,10,4446,1943791.2,1170765.18,773026.02,2015-04-11,2015-04-11,2015-05-14,6336a0a157a2df7bef816aaf6d2bea6b,2015-04-11,2015-04-11,2015-05-14
3484,650687444,M,2015-04-11,,25,Offline,5,1729,263810.82,168473.76,95337.06,2015-04-11,2015-04-11,2015-05-28,16ea381e97a2160a72800f127bb3ef9b,2015-04-11,2015-04-11,2015-05-28
3485,827247607,L,2015-04-12,,148,Offline,9,9805,4136631.45,3575785.45,560846,2015-04-12,2015-04-12,2015-04-25,3c15a645ccc40d8ffb6ece066e89232d,2015-04-12,2015-04-12,2015-04-25
3486,523836553,L,2015-04-12,,143,Online,7,3732,767672.4,437054.52,330617.88,2015-04-12,2015-04-12,2015-05-22,bcbc8ced46533aec9d6e5d755f2de5f4,2015-04-12,2015-04-12,2015-05-22
3487,192993152,M,2015-04-13,,148,Online,8,9817,2506083.76,1565026.14,941057.62,2015-04-13,2015-04-13,2015-05-07,9f66b459c04483c3322dfb441ad0a88e,2015-04-13,2015-04-13,2015-05-07
3488,903681123,C,2015-04-14,,81,Online,8,8181,2088445.68,1304215.02,784230.66,2015-04-14,2015-04-14,2015-04-26,673ba33991b9cc115d94c94b978d3b76,2015-04-14,2015-04-14,2015-04-26
3489,687290799,H,2015-04-15,,146,Offline,11,3475,2262954.75,1824236,438718.75,2015-04-15,2015-04-15,2015-05-19,de1badc736d0b93f599bdaefe7b4456f,2015-04-15,2015-04-15,2015-05-19
3490,834844052,H,2015-04-15,,149,Offline,10,7762,3393546.4,2043967.46,1349578.94,2015-04-15,2015-04-15,2015-05-20,9f5a49aee792a8560dc6085c228f8021,2015-04-15,2015-04-15,2015-05-20
3491,811977040,M,2015-04-15,,58,Online,10,905,395666,238313.65,157352.35,2015-04-15,2015-04-15,2015-05-28,de23d8e6dcb58d467982f31efe7c80b1,2015-04-15,2015-04-15,2015-05-28
3492,757820451,L,2015-04-16,,49,Offline,5,4767,727348.86,464496.48,262852.38,2015-04-16,2015-04-16,2015-04-26,7d71703316e23947baa1a5869eee216e,2015-04-16,2015-04-16,2015-04-26
3493,277377164,C,2015-04-17,,83,Offline,1,922,8602.26,6380.24,2222.02,2015-04-17,2015-04-17,2015-05-07,174e1c2128a270a58245df729255d311,2015-04-17,2015-04-17,2015-05-07
3494,346096217,H,2015-04-17,,157,Online,4,6417,701249.76,229985.28,471264.48,2015-04-17,2015-04-17,2015-05-10,f6f713662c1b8e3d5a6abfa2f9845410,2015-04-17,2015-04-17,2015-05-10
3495,497506701,H,2015-04-18,,138,Online,8,2144,547320.32,341796.48,205523.84,2015-04-18,2015-04-18,2015-05-10,3c4e9ac6a2e707cd0ddfb89f4f3d04fe,2015-04-18,2015-04-18,2015-05-10
3496,798989140,H,2015-04-18,,121,Online,10,7497,3277688.4,1974185.01,1303503.39,2015-04-18,2015-04-18,2015-06-04,1f6aa5aa2e0a395ce0f66caba7691501,2015-04-18,2015-04-18,2015-06-04
3497,993732964,C,2015-04-21,,103,Online,4,6522,712724.16,233748.48,478975.68,2015-04-21,2015-04-21,2015-05-22,c3d423b918b0ca7be4329b7ad03be28d,2015-04-21,2015-04-21,2015-05-22
3498,309651219,H,2015-04-22,,22,Offline,5,1532,233752.56,149278.08,84474.48,2015-04-22,2015-04-22,2015-05-01,3614f337b04d5624a609a770a6f72ee3,2015-04-22,2015-04-22,2015-05-01
3499,658796298,M,2015-04-22,,77,Online,6,1319,203205.14,119936.67,83268.47,2015-04-22,2015-04-22,2015-05-09,7769afbdf488e6b0aed49e5009d820d8,2015-04-22,2015-04-22,2015-05-09
3500,989403665,M,2015-04-22,,167,Online,4,5386,588582.08,193034.24,395547.84,2015-04-22,2015-04-22,2015-05-25,75e22db10aaca91143c17f30d914619f,2015-04-22,2015-04-22,2015-05-25
3501,602357041,L,2015-04-24,,153,Online,3,9689,791881.97,549075.63,242806.34,2015-04-24,2015-04-24,2015-05-05,4397818f38783f209f40bd5a62aa1945,2015-04-24,2015-04-24,2015-05-05
3502,980509030,M,2015-04-24,,123,Offline,8,3266,833744.48,520665.72,313078.76,2015-04-24,2015-04-24,2015-05-29,2ae8f93ad376a8037f7944dd0d27c932,2015-04-24,2015-04-24,2015-05-29
3504,497901093,H,2015-04-26,,166,Offline,11,8853,5765162.13,4647470.88,1117691.25,2015-04-26,2015-04-26,2015-06-11,f09b523300c7ce8bb71cfeaa9f128bef,2015-04-26,2015-04-26,2015-06-11
3505,296073234,C,2015-04-27,,66,Offline,8,3504,894501.12,558607.68,335893.44,2015-04-27,2015-04-27,2015-06-04,7820ea72de0381cc7c8b6abb5844f108,2015-04-27,2015-04-27,2015-06-04
3506,586850440,M,2015-04-28,,135,Offline,9,941,396998.49,343173.29,53825.2,2015-04-28,2015-04-28,2015-06-08,b8a9cebe66abc1eb1710d11e39af760f,2015-04-28,2015-04-28,2015-06-08
3507,765575253,C,2015-04-29,,175,Offline,10,9585,4190562,2524018.05,1666543.95,2015-04-29,2015-04-29,2015-05-04,2979ac355a473353118c98a9ecdff418,2015-04-29,2015-04-29,2015-05-04
3508,617785966,L,2015-04-30,,131,Online,12,5451,3642739.77,2739345.54,903394.23,2015-04-30,2015-04-30,2015-05-05,9ad48eaf58e38fbd8f51dc828c491d65,2015-04-30,2015-04-30,2015-05-05
3509,447365701,H,2015-04-30,,107,Online,2,4307,204367.15,136919.53,67447.62,2015-04-30,2015-04-30,2015-05-12,39c08e948676c5382286e05170da75fa,2015-04-30,2015-04-30,2015-05-12
3510,212319648,L,2015-04-30,,167,Offline,2,8957,425009.65,284743.03,140266.62,2015-04-30,2015-04-30,2015-05-15,6e6fbddce6d53bf5573e62c9a1883e04,2015-04-30,2015-04-30,2015-05-15
3511,176700770,C,2015-05-02,,40,Online,3,8539,697892.47,483905.13,213987.34,2015-05-02,2015-05-02,2015-05-29,fe26c2ad75d2a5caedb5900137d4aba5,2015-05-02,2015-05-02,2015-05-29
3512,750304687,C,2015-05-02,,82,Online,5,685,104517.3,66746.4,37770.9,2015-05-02,2015-05-02,2015-06-07,4424ba5d37858351ddac78ebf9a34624,2015-05-02,2015-05-02,2015-06-07
3513,691818797,L,2015-05-03,,115,Offline,9,3411,1439066.79,1243957.59,195109.2,2015-05-03,2015-05-03,2015-05-07,5c0b9a233314f00073b6291753301505,2015-05-03,2015-05-03,2015-05-07
3514,668951785,H,2015-05-03,,165,Online,11,6554,4268030.34,3440587.84,827442.5,2015-05-03,2015-05-03,2015-05-15,05a78c3b9bef004becea45076045ce00,2015-05-03,2015-05-03,2015-05-15
3515,891482007,L,2015-05-03,,107,Online,2,8191,388662.95,260391.89,128271.06,2015-05-03,2015-05-03,2015-05-16,f92c2e06907637496684f45ef3c1c97b,2015-05-03,2015-05-03,2015-05-16
3516,502860820,C,2015-05-03,,31,Offline,12,6546,4374495.42,3289626.84,1084868.58,2015-05-03,2015-05-03,2015-05-21,4db5cb30ec61b0924ee4ca0c209942fc,2015-05-03,2015-05-03,2015-05-21
3517,993301236,L,2015-05-03,,19,Online,3,8764,716281.72,496655.88,219625.84,2015-05-03,2015-05-03,2015-06-01,2216466f5bc9adfb60cea89f5f2f4c43,2015-05-03,2015-05-03,2015-06-01
3518,122190129,M,2015-05-04,,151,Online,10,7629,3335398.8,2008944.57,1326454.23,2015-05-04,2015-05-04,2015-05-23,66082d45f55847ce5dfdf13ed5ff3a9f,2015-05-04,2015-05-04,2015-05-23
3519,982714021,L,2015-05-04,,74,Online,6,5772,889234.32,524847.96,364386.36,2015-05-04,2015-05-04,2015-06-06,737eacf422dbffa0353aeeae1715add4,2015-05-04,2015-05-04,2015-06-06
3520,419343268,C,2015-05-04,,122,Offline,1,1847,17232.51,12781.24,4451.27,2015-05-04,2015-05-04,2015-06-19,6e62e44655efb8abf9ed218fe75bdf70,2015-05-04,2015-05-04,2015-06-19
3521,230149257,H,2015-05-05,,106,Online,12,5134,3430898.18,2580040.36,850857.82,2015-05-05,2015-05-05,2015-05-13,42089857a512f102957a9447c864df1b,2015-05-05,2015-05-05,2015-05-13
3522,901361119,C,2015-05-05,,157,Online,2,1640,77818,52135.6,25682.4,2015-05-05,2015-05-05,2015-05-14,84f34dba62fed31e8c7873dd5d5c6305,2015-05-05,2015-05-05,2015-05-14
3523,587598884,H,2015-05-05,,24,Online,7,2422,498205.4,283640.42,214564.98,2015-05-05,2015-05-05,2015-06-13,53d14510e959234c344b5b35aa6fab7b,2015-05-05,2015-05-05,2015-06-13
3524,978030669,M,2015-05-06,,110,Offline,1,9864,92031.12,68258.88,23772.24,2015-05-06,2015-05-06,2015-05-14,24cb2ed6fdeb3d5d3461ec6885d9e8bd,2015-05-06,2015-05-06,2015-05-14
3525,801352488,M,2015-05-06,,169,Offline,10,6864,3000940.8,1807497.12,1193443.68,2015-05-06,2015-05-06,2015-05-23,ea6ede9f75ec6d998f5ef74bbd6655c0,2015-05-06,2015-05-06,2015-05-23
3526,400215470,C,2015-05-06,,61,Offline,11,1506,980722.26,790589.76,190132.5,2015-05-06,2015-05-06,2015-06-01,c8016ae7498dbb0db42fbcdaf22665f1,2015-05-06,2015-05-06,2015-06-01
3527,231369769,M,2015-05-09,,91,Online,4,6311,689666.08,226186.24,463479.84,2015-05-09,2015-05-09,2015-05-16,a1fc79684f08ca79c536b245c1812bf1,2015-05-09,2015-05-09,2015-05-16
3528,969136035,M,2015-05-09,,85,Online,9,7744,3267116.16,2824159.36,442956.8,2015-05-09,2015-05-09,2015-05-20,07b8235ac421bdd36d040b9c44aa6491,2015-05-09,2015-05-09,2015-05-20
3529,366407191,M,2015-05-09,,123,Online,8,6885,1757602.8,1097606.7,659996.1,2015-05-09,2015-05-09,2015-05-21,16469ab887758aad8ff0c10abd3aaf10,2015-05-09,2015-05-09,2015-05-21
3530,441266143,L,2015-05-09,,156,Online,6,9312,1434606.72,846740.16,587866.56,2015-05-09,2015-05-09,2015-06-16,195f159e0224db174cf92442119e4281,2015-05-09,2015-05-09,2015-06-16
3531,790411221,L,2015-05-09,,96,Online,5,9100,1388478,886704,501774,2015-05-09,2015-05-09,2015-06-24,76bb8ad4062d8bbada971a40d7ac503f,2015-05-09,2015-05-09,2015-06-24
3532,413951814,C,2015-05-10,,94,Offline,2,6395,303442.75,203297.05,100145.7,2015-05-10,2015-05-10,2015-05-31,4177187c613fb5a3c6cb3a51414f98ed,2015-05-10,2015-05-10,2015-05-31
3533,998142945,L,2015-05-10,,122,Offline,11,1533,998304.93,804763.68,193541.25,2015-05-10,2015-05-10,2015-06-06,10263149f639e1dc45838b6059e18d8e,2015-05-10,2015-05-10,2015-06-06
3534,919072711,C,2015-05-10,,131,Offline,11,2894,1884601.74,1519234.24,365367.5,2015-05-10,2015-05-10,2015-06-07,de91314d5245ffdb1edda269fb140d3b,2015-05-10,2015-05-10,2015-06-07
3535,910886180,M,2015-05-10,,26,Online,2,317,15041.65,10077.43,4964.22,2015-05-10,2015-05-10,2015-06-10,fb5d16ba1599da4e0ee82c6fde7132d1,2015-05-10,2015-05-10,2015-06-10
3536,422256362,H,2015-05-10,,65,Online,5,3896,594451.68,379626.24,214825.44,2015-05-10,2015-05-10,2015-06-23,10a15445c544b9c62abb96930b2a602d,2015-05-10,2015-05-10,2015-06-23
3538,120419871,H,2015-05-13,,90,Online,3,3771,308203.83,213702.57,94501.26,2015-05-13,2015-05-13,2015-06-26,71945ae8624c69215cacb7991562686d,2015-05-13,2015-05-13,2015-06-26
3539,477633464,H,2015-05-14,,108,Online,10,1211,529449.2,318892.63,210556.57,2015-05-14,2015-05-14,2015-06-07,30973d03e30ca47d1c21e9d34688a978,2015-05-14,2015-05-14,2015-06-07
3540,263643825,L,2015-05-14,,42,Online,6,6921,1066249.26,629326.53,436922.73,2015-05-14,2015-05-14,2015-06-29,38369e07adf7b5ff8ef7a951fba7ddd0,2015-05-14,2015-05-14,2015-06-29
3541,512662255,L,2015-05-15,,84,Offline,12,7009,4683904.43,3522302.86,1161601.57,2015-05-15,2015-05-15,2015-06-22,6fa7e40161a33aa4163075da96f44fc3,2015-05-15,2015-05-15,2015-06-22
3542,745189607,M,2015-05-17,,61,Offline,9,7019,2961245.91,2559759.11,401486.8,2015-05-17,2015-05-17,2015-05-26,54a7fda8d3fd5be034c95473bebf87b3,2015-05-17,2015-05-17,2015-05-26
3543,192170035,H,2015-05-17,,176,Online,8,6239,1592691.92,994621.38,598070.54,2015-05-17,2015-05-17,2015-06-05,7905581226ebde4dac3b795c3292ba2d,2015-05-17,2015-05-17,2015-06-05
3544,264746320,M,2015-05-18,,122,Offline,8,3174,810258.72,505999.08,304259.64,2015-05-18,2015-05-18,2015-06-06,067e5ae13276b9aa5f1666fd2384a7a9,2015-05-18,2015-05-18,2015-06-06
3545,158479773,L,2015-05-19,,153,Offline,8,6542,1670041.76,1042925.64,627116.12,2015-05-19,2015-05-19,2015-06-18,ce50d90dbda2ebb4269bc79c8de06b66,2015-05-19,2015-05-19,2015-06-18
3546,150293242,H,2015-05-19,,33,Offline,11,3965,2582047.65,2081466.4,500581.25,2015-05-19,2015-05-19,2015-06-21,140cb9f10787d5ba2860e76f19c8ee4e,2015-05-19,2015-05-19,2015-06-21
3548,291470563,C,2015-05-20,,162,Offline,3,1472,120306.56,83418.24,36888.32,2015-05-20,2015-05-20,2015-05-30,6f4c9e7dd857fc315028777f239f1d54,2015-05-20,2015-05-20,2015-05-30
3549,534467113,C,2015-05-21,,103,Offline,6,9550,1471273,868381.5,602891.5,2015-05-21,2015-05-21,2015-05-25,4c93a1d65fb322e0e371d72850a76a08,2015-05-21,2015-05-21,2015-05-25
3550,860745179,M,2015-05-21,,87,Offline,4,2481,271123.68,88919.04,182204.64,2015-05-21,2015-05-21,2015-06-10,8d41e0afac784042dbc756580d4b6c62,2015-05-21,2015-05-21,2015-06-10
3551,815011155,M,2015-05-21,,14,Online,12,8767,5858723.09,4405768.18,1452954.91,2015-05-21,2015-05-21,2015-06-26,d9ca2c584c74d6ae9eb3820f9740e203,2015-05-21,2015-05-21,2015-06-26
3552,754596650,H,2015-05-22,,27,Offline,7,772,158800.4,90408.92,68391.48,2015-05-22,2015-05-22,2015-05-27,450dcd627dd85fe343e5115ba3daea6c,2015-05-22,2015-05-22,2015-05-27
3553,357434880,C,2015-05-22,,140,Online,10,1779,777778.8,468464.07,309314.73,2015-05-22,2015-05-22,2015-06-29,67a357961656a91bc939990bd49ebd2d,2015-05-22,2015-05-22,2015-06-29
3554,247311103,H,2015-05-22,,60,Offline,12,3706,2476608.62,1862413.24,614195.38,2015-05-22,2015-05-22,2015-07-11,a2213e5104892279ad899d179c9a62d4,2015-05-22,2015-05-22,2015-07-11
3555,157653653,H,2015-05-23,,154,Offline,6,2074,319520.44,188588.82,130931.62,2015-05-23,2015-05-23,2015-05-27,2eb33d3a70bc06575b4b754796b94109,2015-05-23,2015-05-23,2015-05-27
3556,121916759,C,2015-05-25,,29,Online,12,6733,4499461.91,3383601.82,1115860.09,2015-05-25,2015-05-25,2015-07-05,4f69f174f62a1ca8d30100afb43f83aa,2015-05-25,2015-05-25,2015-07-05
3557,248767650,L,2015-05-25,,80,Offline,11,4731,3080874.51,2483585.76,597288.75,2015-05-25,2015-05-25,2015-07-13,800299efa42bf4263d466be28661dd5e,2015-05-25,2015-05-25,2015-07-13
3558,599841344,L,2015-05-26,,49,Offline,10,5238,2290053.6,1379322.54,910731.06,2015-05-26,2015-05-26,2015-06-01,5c4b9e22e21a7ccbd82ff5107515a8a0,2015-05-26,2015-05-26,2015-06-01
3559,354680144,L,2015-05-26,,96,Offline,6,6591,1015409.46,599319.63,416089.83,2015-05-26,2015-05-26,2015-06-08,c11da49c743241aea983bd9a2180dd8b,2015-05-26,2015-05-26,2015-06-08
3560,339999663,L,2015-05-26,,66,Online,5,2311,352612.38,225183.84,127428.54,2015-05-26,2015-05-26,2015-06-13,50b9a3fbab37522475a4c7909e975a52,2015-05-26,2015-05-26,2015-06-13
3561,433278310,H,2015-05-27,,53,Online,5,5535,844530.3,539330.4,305199.9,2015-05-27,2015-05-27,2015-06-08,99ea995a29120cce622099d9ddbca06d,2015-05-27,2015-05-27,2015-06-08
3562,283678424,L,2015-05-27,,12,Online,9,5604,2364271.56,2043722.76,320548.8,2015-05-27,2015-05-27,2015-07-03,bffcb07593f701bdb79d72c420bf917c,2015-05-27,2015-05-27,2015-07-03
3563,584924829,M,2015-05-28,,157,Offline,5,1110,169363.8,108158.4,61205.4,2015-05-28,2015-05-28,2015-06-08,5efefa1a20a587afbf9fd496a9a675a1,2015-05-28,2015-05-28,2015-06-08
3564,624400937,H,2015-05-28,,85,Offline,12,2968,1983425.36,1491538.72,491886.64,2015-05-28,2015-05-28,2015-07-16,9307553d105860e6654f4ad4c13631cf,2015-05-28,2015-05-28,2015-07-16
3565,695048606,M,2015-05-28,,132,Offline,11,9183,5980061.43,4820707.68,1159353.75,2015-05-28,2015-05-28,2015-07-17,c17e5004eaa77fbb090192c2dfc6726b,2015-05-28,2015-05-28,2015-07-17
3566,811194264,M,2015-05-29,,40,Online,9,9264,3908388.96,3378488.16,529900.8,2015-05-29,2015-05-29,2015-07-04,98402da1b5c098a224af6e1de0799086,2015-05-29,2015-05-29,2015-07-04
3567,861021554,C,2015-05-30,,106,Offline,5,4266,650906.28,415679.04,235227.24,2015-05-30,2015-05-30,2015-06-18,b269a4690a4d72f1e3728eab59aeb481,2015-05-30,2015-05-30,2015-06-18
3568,549187934,H,2015-05-30,,91,Online,10,5769,2522206.8,1519150.77,1003056.03,2015-05-30,2015-05-30,2015-07-17,2d9b75941f5b26e4c768d5c7140540ff,2015-05-30,2015-05-30,2015-07-17
3569,659193694,M,2015-05-31,,30,Online,11,8918,5807490.78,4681593.28,1125897.5,2015-05-31,2015-05-31,2015-06-11,12ba001f1ea3b851d48114d2447c2d70,2015-05-31,2015-05-31,2015-06-11
3570,644631230,C,2015-05-31,,124,Offline,1,9561,89204.13,66162.12,23042.01,2015-05-31,2015-05-31,2015-07-11,223eb6a9643b7e623b120cdf817eed77,2015-05-31,2015-05-31,2015-07-11
3571,399115979,H,2015-06-01,,160,Online,6,6142,946236.52,558492.06,387744.46,2015-06-01,2015-06-01,2015-06-24,4f6dc52b3f1333cb6e69cd1ca3a5e822,2015-06-01,2015-06-01,2015-06-24
3572,661004292,C,2015-06-01,,86,Offline,1,4714,43981.62,32620.88,11360.74,2015-06-01,2015-06-01,2015-07-07,74bc425fafc0730b3e362dd66de458c1,2015-06-01,2015-06-01,2015-07-07
3573,577840793,L,2015-06-01,,110,Online,8,4786,1221770.08,762984.12,458785.96,2015-06-01,2015-06-01,2015-07-09,74b55d2bbcaef5791e8138172de9360b,2015-06-01,2015-06-01,2015-07-09
3574,627786099,L,2015-06-01,,173,Offline,4,4712,514927.36,168878.08,346049.28,2015-06-01,2015-06-01,2015-07-18,2638131b9be9a7d4cd0f9a51d4b06f30,2015-06-01,2015-06-01,2015-07-18
3575,627432048,C,2015-06-02,,43,Online,3,9941,812477.93,563356.47,249121.46,2015-06-02,2015-06-02,2015-06-23,7d35b008ca523d7b786d61cdf41d2b6a,2015-06-02,2015-06-02,2015-06-23
3576,251208674,M,2015-06-02,,11,Offline,9,7084,2988668.76,2583463.96,405204.8,2015-06-02,2015-06-02,2015-07-19,60b1b6498f72d7810b18f2d090c8e64e,2015-06-02,2015-06-02,2015-07-19
3577,462797629,H,2015-06-04,,117,Online,3,958,78297.34,54289.86,24007.48,2015-06-04,2015-06-04,2015-06-30,398acd459abc9bcdd1420ef299a42e48,2015-06-04,2015-06-04,2015-06-30
3578,307057845,C,2015-06-04,,77,Offline,6,4095,630875.7,372358.35,258517.35,2015-06-04,2015-06-04,2015-07-02,c9e4544a61124c39aea875ced62bbb19,2015-06-04,2015-06-04,2015-07-02
3579,583390605,M,2015-06-04,,35,Online,7,7099,1460264.3,831363.89,628900.41,2015-06-04,2015-06-04,2015-07-10,eae3777ad8f201736429b3cfe4712d8c,2015-06-04,2015-06-04,2015-07-10
3580,973940408,H,2015-06-05,,178,Online,3,9465,773574.45,536381.55,237192.9,2015-06-05,2015-06-05,2015-07-05,24e5b27929ccf4b76206a11b72159ea3,2015-06-05,2015-06-05,2015-07-05
3581,445952498,C,2015-06-06,,108,Offline,7,6109,1256621.3,715424.99,541196.31,2015-06-06,2015-06-06,2015-07-07,adacb4ea75adf8b9e9750a2d14892e16,2015-06-06,2015-06-06,2015-07-07
3582,416473519,H,2015-06-07,,151,Online,12,2624,1753540.48,1318664.96,434875.52,2015-06-07,2015-06-07,2015-06-23,51b51d977532b1a7e52cac453e0e13d3,2015-06-07,2015-06-07,2015-06-23
3583,994406735,M,2015-06-07,,66,Online,2,5906,280239.7,187751.74,92487.96,2015-06-07,2015-06-07,2015-06-30,0c6438c5c619c27cd6b82206877b383a,2015-06-07,2015-06-07,2015-06-30
3584,568238055,C,2015-06-07,,48,Offline,7,3123,642401.1,365734.53,276666.57,2015-06-07,2015-06-07,2015-07-17,4569f817f8fad2feb849a71a79ee86d2,2015-06-07,2015-06-07,2015-07-17
3585,682337081,M,2015-06-08,,7,Online,9,7560,3189488.4,2757056.4,432432,2015-06-08,2015-06-08,2015-06-10,6d493609d506ace40acb98bb7747a37f,2015-06-08,2015-06-08,2015-06-10
3586,173122918,M,2015-06-08,,18,Offline,4,9773,1067993.44,350264.32,717729.12,2015-06-08,2015-06-08,2015-07-25,e759ea71b15573ee372f7b5f2cc1049b,2015-06-08,2015-06-08,2015-07-25
3587,403721654,C,2015-06-09,,125,Online,11,9064,5902567.44,4758237.44,1144330,2015-06-09,2015-06-09,2015-06-29,55ded2ad2d59c64e900a055f34c1b0a0,2015-06-09,2015-06-09,2015-06-29
3588,230546653,H,2015-06-12,,71,Online,4,2733,298662.24,97950.72,200711.52,2015-06-12,2015-06-12,2015-06-14,64a4644c85ef2ccbdb02813e4d661286,2015-06-12,2015-06-12,2015-06-14
3589,473661220,L,2015-06-12,,77,Online,2,5736,272173.2,182347.44,89825.76,2015-06-12,2015-06-12,2015-07-03,8ce292c330588c4b01b5668613b6edb3,2015-06-12,2015-06-12,2015-07-03
3590,454533421,M,2015-06-14,,176,Online,7,5395,1109751.5,631808.45,477943.05,2015-06-14,2015-06-14,2015-06-15,df9520c8e9abda605452188060e2a402,2015-06-14,2015-06-14,2015-06-15
3591,446346890,C,2015-06-14,,124,Offline,9,2819,1189307.91,1028061.11,161246.8,2015-06-14,2015-06-14,2015-06-18,fbde65d3f24f068281fe0445facb165e,2015-06-14,2015-06-14,2015-06-18
3592,516994559,H,2015-06-14,,24,Offline,1,9034,84287.22,62515.28,21771.94,2015-06-14,2015-06-14,2015-06-20,a061f4c9557fafa10d858c1f046f06e5,2015-06-14,2015-06-14,2015-06-20
3593,311191451,M,2015-06-14,,123,Online,2,7321,347381.45,232734.59,114646.86,2015-06-14,2015-06-14,2015-07-09,4e7926dda1536caa491fe230d518b975,2015-06-14,2015-06-14,2015-07-09
3594,959772336,C,2015-06-14,,17,Offline,2,6817,323466.65,216712.43,106754.22,2015-06-14,2015-06-14,2015-07-18,7b703c8e8480e51add4b3d6225502f09,2015-06-14,2015-06-14,2015-07-18
3595,512665259,C,2015-06-15,,133,Offline,1,7898,73688.34,54654.16,19034.18,2015-06-15,2015-06-15,2015-06-22,fe7e4a8a14e1ed64dee7f6e90e91c5f4,2015-06-15,2015-06-15,2015-06-22
3596,485468947,C,2015-06-15,,27,Online,1,9905,92413.65,68542.6,23871.05,2015-06-15,2015-06-15,2015-07-01,fb52d3b27370149b5dd389b25ed5079f,2015-06-15,2015-06-15,2015-07-01
3597,244401013,C,2015-06-15,,162,Offline,12,2546,1701415.42,1279466.84,421948.58,2015-06-15,2015-06-15,2015-07-07,aa391f5efb2501d4c0997ff648448f46,2015-06-15,2015-06-15,2015-07-07
3598,196384322,H,2015-06-16,,36,Online,1,3340,31162.2,23112.8,8049.4,2015-06-16,2015-06-16,2015-06-28,9108bd18a17a8d02f4a8f794e733728e,2015-06-16,2015-06-16,2015-06-28
3599,243810927,C,2015-06-18,,109,Online,5,7926,1209349.08,772309.44,437039.64,2015-06-18,2015-06-18,2015-08-04,2f8bccfbea12d3441e01398e91e4bee7,2015-06-18,2015-06-18,2015-08-04
3600,898295676,H,2015-06-19,,129,Offline,2,4508,213904.6,143309.32,70595.28,2015-06-19,2015-06-19,2015-07-17,807db5c94704ed9fa65ba891fb0447b5,2015-06-19,2015-06-19,2015-07-17
3601,964614045,C,2015-06-20,,13,Offline,12,9587,6406704.49,4817850.98,1588853.51,2015-06-20,2015-06-20,2015-07-21,149ff5c1865f26b727f6f36775ac0cfc,2015-06-20,2015-06-20,2015-07-21
3602,274628436,L,2015-06-20,,52,Online,12,7512,5020044.24,3775080.48,1244963.76,2015-06-20,2015-06-20,2015-07-26,bda70fa9c3a5076408b70c7296c110d1,2015-06-20,2015-06-20,2015-07-26
3603,951980197,M,2015-06-21,,31,Offline,5,950,144951,92568,52383,2015-06-21,2015-06-21,2015-07-01,78a092f412a50438adca83e7385ff816,2015-06-21,2015-06-21,2015-07-01
3604,436272084,L,2015-06-22,,131,Online,7,1460,300322,170980.6,129341.4,2015-06-22,2015-06-22,2015-06-28,65190ec1016c339454b904a9b71af1d8,2015-06-22,2015-06-22,2015-06-28
3605,261640536,M,2015-06-22,,32,Offline,12,4104,2742580.08,2062424.16,680155.92,2015-06-22,2015-06-22,2015-08-01,09225c4096cb05070195a112855b3580,2015-06-22,2015-06-22,2015-08-01
3606,937063682,H,2015-06-23,,57,Offline,3,6822,557562.06,386602.74,170959.32,2015-06-23,2015-06-23,2015-07-08,55ac12ffefab40cc3db4ddc50151373e,2015-06-23,2015-06-23,2015-07-08
3607,693831098,H,2015-06-23,,26,Offline,8,8895,2270715.6,1418040.9,852674.7,2015-06-23,2015-06-23,2015-07-14,c360239c633e56d11511e0f96679443c,2015-06-23,2015-06-23,2015-07-14
3608,242512738,H,2015-06-24,,70,Offline,4,3763,411220.64,134865.92,276354.72,2015-06-24,2015-06-24,2015-07-15,308693fc1c072103878bf03fe7a6d4de,2015-06-24,2015-06-24,2015-07-15
3609,203036630,L,2015-06-24,,75,Online,8,1905,486308.4,303695.1,182613.3,2015-06-24,2015-06-24,2015-07-28,a4469b1aaa9bb51125c83a2a3e8a0cba,2015-06-24,2015-06-24,2015-07-28
3610,918171918,H,2015-06-24,,179,Online,11,6329,4121508.09,3322471.84,799036.25,2015-06-24,2015-06-24,2015-08-09,febbe3b3f4374959a9a345dcb139ec0a,2015-06-24,2015-06-24,2015-08-09
3611,136482226,L,2015-06-25,,73,Offline,9,6979,2944370.31,2545171.51,399198.8,2015-06-25,2015-06-25,2015-07-26,1ca6fc5ad81e7be2bdd50188ce00b836,2015-06-25,2015-06-25,2015-07-26
3612,882671058,H,2015-06-25,,158,Online,9,836,352700.04,304880.84,47819.2,2015-06-25,2015-06-25,2015-07-28,60d2582358b0d57df42c9dd6a590c52a,2015-06-25,2015-06-25,2015-07-28
3613,551827657,C,2015-06-26,,68,Offline,6,6921,1066249.26,629326.53,436922.73,2015-06-26,2015-06-26,2015-07-13,f4b0717b1304141e2e1cf81950f40891,2015-06-26,2015-06-26,2015-07-13
3614,483226621,H,2015-06-26,,112,Offline,10,6350,2776220,1672145.5,1104074.5,2015-06-26,2015-06-26,2015-08-06,97f87416c47e4a028e538f9663ded237,2015-06-26,2015-06-26,2015-08-06
3615,761724030,H,2015-06-26,,127,Online,2,9923,470846.35,315452.17,155394.18,2015-06-26,2015-06-26,2015-08-13,5196faf3d6d9922e8167be42a2c0392b,2015-06-26,2015-06-26,2015-08-13
3616,674231231,M,2015-06-27,,9,Online,12,8859,5920203.93,4452001.86,1468202.07,2015-06-27,2015-06-27,2015-06-28,5d88ba2b55b123bbd2951016c9723a12,2015-06-27,2015-06-27,2015-06-28
3617,666044700,C,2015-06-27,,98,Offline,10,6282,2746490.4,1654239.06,1092251.34,2015-06-27,2015-06-27,2015-07-01,0e902c3f537056432c41d77d20ccf08a,2015-06-27,2015-06-27,2015-07-01
3618,726223170,C,2015-06-27,,58,Offline,8,4429,1130635.12,706071.18,424563.94,2015-06-27,2015-06-27,2015-07-31,a0a6a54034dd16d026c63f093b0d61bf,2015-06-27,2015-06-27,2015-07-31
3619,856931293,L,2015-06-28,,181,Offline,1,3867,36079.11,26759.64,9319.47,2015-06-28,2015-06-28,2015-08-08,1667cd1864d86f46b4e17247d15cf8fa,2015-06-28,2015-06-28,2015-08-08
3620,262270963,L,2015-06-29,,31,Online,5,661,100855.38,64407.84,36447.54,2015-06-29,2015-06-29,2015-07-12,e7ccbd6979d2ff490e0189e83671df1b,2015-06-29,2015-06-29,2015-07-12
3621,653174817,M,2015-06-29,,117,Offline,9,7798,3289898.22,2843852.62,446045.6,2015-06-29,2015-06-29,2015-08-02,026288bfde4a168c44836fc264991f6b,2015-06-29,2015-06-29,2015-08-02
3622,773767793,M,2015-06-29,,38,Online,2,3940,186953,125252.6,61700.4,2015-06-29,2015-06-29,2015-08-12,0db87fa23f165882e42f12a26cc00430,2015-06-29,2015-06-29,2015-08-12
3623,632118403,H,2015-06-30,,83,Offline,6,6737,1037902.22,612595.41,425306.81,2015-06-30,2015-06-30,2015-07-15,ed7ba0b92f77c526503b455258e75f94,2015-06-30,2015-06-30,2015-07-15
3624,854412591,L,2015-07-01,,69,Online,7,8527,1754003.9,998596.97,755406.93,2015-07-01,2015-07-01,2015-07-17,e9e920e21e7db9b07a4e64ce5e09385c,2015-07-01,2015-07-01,2015-07-17
3625,783646905,L,2015-07-01,,96,Online,8,7388,1886008.64,1177794.96,708213.68,2015-07-01,2015-07-01,2015-08-10,28497398691be8c798bafe0b5dbbd548,2015-07-01,2015-07-01,2015-08-10
3626,346891009,M,2015-07-02,,173,Online,2,1613,76536.85,51277.27,25259.58,2015-07-02,2015-07-02,2015-07-12,a4aa7ea9751cd49f4b758ec687420fda,2015-07-02,2015-07-02,2015-07-12
3627,625388419,H,2015-07-02,,42,Online,3,5186,423851.78,293890.62,129961.16,2015-07-02,2015-07-02,2015-07-19,cb68fe2d17940cb7143434c02dd87786,2015-07-02,2015-07-02,2015-07-19
3628,521404540,H,2015-07-03,,182,Online,2,4045,191935.25,128590.55,63344.7,2015-07-03,2015-07-03,2015-07-04,8ee020d1abaa1ab43eba4d993ba792fe,2015-07-03,2015-07-03,2015-07-04
3629,806159865,M,2015-07-03,,81,Online,2,9474,449541.3,301178.46,148362.84,2015-07-03,2015-07-03,2015-07-09,45d5c0688961be04b2636dbeb7ebda73,2015-07-03,2015-07-03,2015-07-09
3630,560762631,H,2015-07-03,,169,Online,11,979,637534.59,513935.84,123598.75,2015-07-03,2015-07-03,2015-07-16,2c864d6d5ea0ff91959efc0f5fdae829,2015-07-03,2015-07-03,2015-07-16
3632,433793723,C,2015-07-04,,21,Online,6,8057,1241261.42,732623.01,508638.41,2015-07-04,2015-07-04,2015-08-04,7bf32888ceddd6ed2ceaed79c1b08d6c,2015-07-04,2015-07-04,2015-08-04
3633,550293433,C,2015-07-04,,176,Online,9,2910,1227699.9,1061247.9,166452,2015-07-04,2015-07-04,2015-08-15,b23bdca93be93cf9400920da3b588e50,2015-07-04,2015-07-04,2015-08-15
3634,926280772,H,2015-07-05,,90,Offline,2,5919,280856.55,188165.01,92691.54,2015-07-05,2015-07-05,2015-07-21,883a502e40df6f7ce1f01452f798f483,2015-07-05,2015-07-05,2015-07-21
3635,795100581,H,2015-07-06,,77,Offline,10,6786,2966839.2,1786957.38,1179881.82,2015-07-06,2015-07-06,2015-07-16,abdae29c4b4b869a5a5f656cc9395353,2015-07-06,2015-07-06,2015-07-16
3636,215120732,H,2015-07-06,,35,Offline,6,7860,1210911.6,714709.8,496201.8,2015-07-06,2015-07-06,2015-08-03,b59d510bfa7ae92c36f7909899885e1d,2015-07-06,2015-07-06,2015-08-03
3637,663920390,C,2015-07-07,,49,Online,9,7652,3228302.28,2790607.88,437694.4,2015-07-07,2015-07-07,2015-07-10,b5914391843610d41488c561fc19e32a,2015-07-07,2015-07-07,2015-07-10
3638,614093101,L,2015-07-07,,121,Offline,10,2650,1158580,697824.5,460755.5,2015-07-07,2015-07-07,2015-07-27,b68452d3d3e76d43f15c1109298dd7e4,2015-07-07,2015-07-07,2015-07-27
3639,990316474,H,2015-07-07,,174,Online,1,5507,51380.31,38108.44,13271.87,2015-07-07,2015-07-07,2015-08-21,b8685de2cde043e931bf3df145f976a8,2015-07-07,2015-07-07,2015-08-21
3640,310682046,L,2015-07-07,,39,Online,4,6576,718625.28,235683.84,482941.44,2015-07-07,2015-07-07,2015-08-23,d04e19690dc66f5bb04c705a0cff848d,2015-07-07,2015-07-07,2015-08-23
3641,913174855,H,2015-07-08,,61,Online,9,7587,3200879.43,2766903.03,433976.4,2015-07-08,2015-07-08,2015-08-23,ccf337e21e3d14e417103862cbf8a890,2015-07-08,2015-07-08,2015-08-23
3642,578356206,M,2015-07-09,,145,Online,9,7309,3083594.01,2665519.21,418074.8,2015-07-09,2015-07-09,2015-07-15,e6bd1a92413d9793f2b7911f43c7b979,2015-07-09,2015-07-09,2015-07-15
3643,669470202,C,2015-07-10,,65,Online,9,9965,4204133.85,3634135.85,569998,2015-07-10,2015-07-10,2015-07-11,fcbf4481e346377d5fe478b91bdc320d,2015-07-10,2015-07-10,2015-07-11
3644,322253739,L,2015-07-11,,72,Offline,6,898,138345.88,81655.14,56690.74,2015-07-11,2015-07-11,2015-08-22,82b154d3484b20bd1e61b6b470f6c1dd,2015-07-11,2015-07-11,2015-08-22
3645,615195596,M,2015-07-11,,148,Offline,5,8903,1358419.74,867508.32,490911.42,2015-07-11,2015-07-11,2015-08-24,45e7979c3dfcb1c02872bd085586c307,2015-07-11,2015-07-11,2015-08-24
3646,457291162,L,2015-07-11,,61,Online,9,1472,621022.08,536823.68,84198.4,2015-07-11,2015-07-11,2015-08-27,e985b209aabbad4243071dbfbd016232,2015-07-11,2015-07-11,2015-08-27
3647,201542747,C,2015-07-12,,20,Online,9,9832,4148022.48,3585632.08,562390.4,2015-07-12,2015-07-12,2015-07-18,2f50457d9375ef1ed45d7719ed0508c6,2015-07-12,2015-07-12,2015-07-18
3648,945566928,H,2015-07-12,,175,Online,9,3121,1316718.69,1138197.49,178521.2,2015-07-12,2015-07-12,2015-07-20,208652844ad4b5f0348e08e9d47f0c31,2015-07-12,2015-07-12,2015-07-20
3649,768888747,H,2015-07-12,,40,Online,11,122,79447.62,64045.12,15402.5,2015-07-12,2015-07-12,2015-07-29,4ae6f1f4bab097b1a1eba45bf4509fec,2015-07-12,2015-07-12,2015-07-29
3650,450797212,H,2015-07-12,,129,Offline,9,9767,4120599.63,3561927.23,558672.4,2015-07-12,2015-07-12,2015-08-30,52d9f6bea166b147c69657442f42a12a,2015-07-12,2015-07-12,2015-08-30
3651,600515115,M,2015-07-12,,43,Offline,1,4622,43123.26,31984.24,11139.02,2015-07-12,2015-07-12,2015-08-30,2a081d50ba3e546d5c0dd3fdac28736f,2015-07-12,2015-07-12,2015-08-30
3652,246922719,H,2015-07-13,,163,Online,11,8775,5714367.75,4606524,1107843.75,2015-07-13,2015-07-13,2015-07-29,6a477f941b873460ec2f600ce1660f0c,2015-07-13,2015-07-13,2015-07-29
3653,490273320,L,2015-07-13,,6,Offline,6,1625,250347.5,147761.25,102586.25,2015-07-13,2015-07-13,2015-08-18,f76472e3ed9e88e548bd8cfc2f1005e2,2015-07-13,2015-07-13,2015-08-18
3654,367279660,H,2015-07-14,,156,Offline,10,5068,2215729.6,1334556.44,881173.16,2015-07-14,2015-07-14,2015-08-09,5a9e968182e459af04d0c7765fd5a989,2015-07-14,2015-07-14,2015-08-09
3655,173992383,C,2015-07-14,,14,Online,6,7067,1088742.02,642602.31,446139.71,2015-07-14,2015-07-14,2015-08-24,1620198d53d5abc96c17d7f1f4d88285,2015-07-14,2015-07-14,2015-08-24
3656,674783980,M,2015-07-15,,3,Online,5,2430,370769.4,236779.2,133990.2,2015-07-15,2015-07-15,2015-09-02,73e62cee3880691829345704f255102c,2015-07-15,2015-07-15,2015-09-02
3658,150653302,C,2015-07-16,,59,Online,5,515,78578.7,50181.6,28397.1,2015-07-16,2015-07-16,2015-09-02,bdd69faf90001130cc2ce9f0858f22ef,2015-07-16,2015-07-16,2015-09-02
3659,850872075,H,2015-07-18,,84,Offline,8,810,206776.8,129130.2,77646.6,2015-07-18,2015-07-18,2015-08-01,e7205c7e38fdcf34188bc4d5d489dd5e,2015-07-18,2015-07-18,2015-08-01
3660,135500752,M,2015-07-19,,184,Online,5,6539,997720.62,637160.16,360560.46,2015-07-19,2015-07-19,2015-07-21,d956e58a168c54d108ae37fb9037722d,2015-07-19,2015-07-19,2015-07-21
3661,869291770,L,2015-07-19,,58,Offline,12,1607,1073909.89,807581.78,266328.11,2015-07-19,2015-07-19,2015-08-21,dc91d03d92727bccbff88f91b629e244,2015-07-19,2015-07-19,2015-08-21
3662,534709155,H,2015-07-19,,172,Online,6,1176,181174.56,106933.68,74240.88,2015-07-19,2015-07-19,2015-09-02,8878688118ae44ebc1e2e5f8d128e8fa,2015-07-19,2015-07-19,2015-09-02
3663,719455850,C,2015-07-20,,141,Offline,9,1829,771636.81,667018.01,104618.8,2015-07-20,2015-07-20,2015-07-27,37c314534228a01034ff45068ce601d0,2015-07-20,2015-07-20,2015-07-27
3664,571902596,C,2015-07-20,,107,Offline,5,7542,1150758.36,734892.48,415865.88,2015-07-20,2015-07-20,2015-07-27,7809f2878f3f4ccb3353960daf38a21c,2015-07-20,2015-07-20,2015-07-27
3665,507040774,L,2015-07-22,,164,Online,5,3488,532199.04,339870.72,192328.32,2015-07-22,2015-07-22,2015-07-25,b2bde06786c135adb62b397ed7c55797,2015-07-22,2015-07-22,2015-07-25
3666,991341292,L,2015-07-22,,89,Offline,2,8773,416278.85,278893.67,137385.18,2015-07-22,2015-07-22,2015-09-02,ebb3bcf4439848376c97a83f9ab7c532,2015-07-22,2015-07-22,2015-09-02
3667,309542214,C,2015-07-22,,142,Offline,11,9275,6039972.75,4869004,1170968.75,2015-07-22,2015-07-22,2015-09-05,7ba35a41b44ab273248fe91e41954978,2015-07-22,2015-07-22,2015-09-05
3668,908059775,L,2015-07-23,,154,Offline,1,3921,36582.93,27133.32,9449.61,2015-07-23,2015-07-23,2015-08-11,d474562d99f213df8ed1fd96c2e6e066,2015-07-23,2015-07-23,2015-08-11
3669,643770778,L,2015-07-24,,75,Offline,3,4934,403255.82,279609.78,123646.04,2015-07-24,2015-07-24,2015-07-31,d72c5ce8a56b53d9ba21e788a09535ea,2015-07-24,2015-07-24,2015-07-31
3670,560607278,M,2015-07-24,,93,Online,6,5006,771224.36,455195.58,316028.78,2015-07-24,2015-07-24,2015-08-03,f129ce3c092bd9ed4d22e4798d238719,2015-07-24,2015-07-24,2015-08-03
3671,309188163,C,2015-07-24,,180,Online,1,4503,42012.99,31160.76,10852.23,2015-07-24,2015-07-24,2015-08-12,afc44a024443d0e131b83f79c35a3e3f,2015-07-24,2015-07-24,2015-08-12
3672,899401175,C,2015-07-24,,12,Offline,1,1649,15385.17,11411.08,3974.09,2015-07-24,2015-07-24,2015-08-15,6b344a7d05e9ae6e661b6d119f9c8584,2015-07-24,2015-07-24,2015-08-15
3673,639559495,L,2015-07-24,,70,Offline,2,8722,413858.9,277272.38,136586.52,2015-07-24,2015-07-24,2015-08-27,bf730f684d452e88f083cbd2e610bddc,2015-07-24,2015-07-24,2015-08-27
3674,637040793,L,2015-07-26,,91,Online,5,3382,516025.56,329542.08,186483.48,2015-07-26,2015-07-26,2015-08-04,bc5fcdef67cf7f1d597df2c53b6b3b4c,2015-07-26,2015-07-26,2015-08-04
3675,678799569,H,2015-07-26,,181,Offline,8,732,186864.96,116695.44,70169.52,2015-07-26,2015-07-26,2015-08-15,b2541ac2c07139a54ba18ffa142350c6,2015-07-26,2015-07-26,2015-08-15
3676,842725884,H,2015-07-27,,43,Offline,5,171,26091.18,16662.24,9428.94,2015-07-27,2015-07-27,2015-08-11,c2d5d1c041c865796c7987d465bf2cec,2015-07-27,2015-07-27,2015-08-11
3677,589142119,M,2015-07-27,,132,Offline,4,9100,994448,326144,668304,2015-07-27,2015-07-27,2015-08-21,53766e983ebd742b87243d040add0c15,2015-07-27,2015-07-27,2015-08-21
3678,659671771,C,2015-07-28,,153,Offline,10,391,170945.2,102962.03,67983.17,2015-07-28,2015-07-28,2015-07-29,60b3bd693af21a1182a7602474d102ee,2015-07-28,2015-07-28,2015-07-29
3679,796755826,L,2015-07-28,,42,Offline,8,6609,1687145.52,1053606.78,633538.74,2015-07-28,2015-07-28,2015-08-28,92708064658e29621d9e82c252eec200,2015-07-28,2015-07-28,2015-08-28
3680,455915296,L,2015-07-28,,80,Online,11,4322,2814529.62,2268877.12,545652.5,2015-07-28,2015-07-28,2015-09-11,7d01bc73ba050270c73bd1d88774fbd6,2015-07-28,2015-07-28,2015-09-11
3681,118931996,L,2015-07-29,,20,Online,6,3475,535358.5,315981.75,219376.75,2015-07-29,2015-07-29,2015-08-04,c79b29a47c6e4db3ba3cc30329ab9e14,2015-07-29,2015-07-29,2015-08-04
3682,289234244,M,2015-07-30,,113,Online,4,9695,1059469.6,347468.8,712000.8,2015-07-30,2015-07-30,2015-08-24,626f5fdf32944e52502635b96a85d9c0,2015-07-30,2015-07-30,2015-08-24
3683,501177251,M,2015-07-30,,63,Online,8,8341,2129290.48,1329722.22,799568.26,2015-07-30,2015-07-30,2015-08-28,39cc08e587d8beab59eb85ba5781859f,2015-07-30,2015-07-30,2015-08-28
3684,669550883,H,2015-07-30,,18,Offline,10,3840,1678848,1011187.2,667660.8,2015-07-30,2015-07-30,2015-09-16,2328ab9f7a16c06f2f96b09479df5d47,2015-07-30,2015-07-30,2015-09-16
3687,691827809,L,2015-08-02,,52,Online,6,6078,936376.68,552672.54,383704.14,2015-08-02,2015-08-02,2015-08-17,51dc69c359cc52f6e1906ff37274b432,2015-08-02,2015-08-02,2015-08-17
3688,404789817,L,2015-08-03,,28,Online,8,5157,1316478.96,822128.94,494350.02,2015-08-03,2015-08-03,2015-09-08,905f903a2535c4ab61859138c8e5c4fe,2015-08-03,2015-08-03,2015-09-08
3689,668842780,L,2015-08-03,,27,Offline,2,4297,203892.65,136601.63,67291.02,2015-08-03,2015-08-03,2015-09-20,c05b61ab7c7e0595e7f778b1b1cac30f,2015-08-03,2015-08-03,2015-09-20
3690,936634957,C,2015-08-04,,148,Online,8,9953,2540801.84,1586707.26,954094.58,2015-08-04,2015-08-04,2015-09-06,f48ecd8642d7d95aab18885228a382b1,2015-08-04,2015-08-04,2015-09-06
3691,585089194,M,2015-08-05,,100,Offline,5,9749,1487502.42,949942.56,537559.86,2015-08-05,2015-08-05,2015-08-30,fc54d7a95f15fb80e3da0d6ca6df694f,2015-08-05,2015-08-05,2015-08-30
3692,662112796,L,2015-08-05,,174,Offline,10,2745,1200114,722840.85,477273.15,2015-08-05,2015-08-05,2015-09-24,efa45771494c835a726dd5f249572a92,2015-08-05,2015-08-05,2015-09-24
3693,636845099,L,2015-08-06,,141,Offline,11,5472,3563421.12,2872581.12,690840,2015-08-06,2015-08-06,2015-08-13,c82a00b0c999c72fa717f8817cd4068b,2015-08-06,2015-08-06,2015-08-13
3694,298169219,C,2015-08-06,,152,Online,5,3753,572632.74,365692.32,206940.42,2015-08-06,2015-08-06,2015-08-26,a06eced46767c675c77e6871366cc055,2015-08-06,2015-08-06,2015-08-26
3695,963359200,M,2015-08-06,,42,Online,3,8250,674272.5,467527.5,206745,2015-08-06,2015-08-06,2015-08-30,8f2b21500779c2f212d3c0e95037be6f,2015-08-06,2015-08-06,2015-08-30
3696,204418504,C,2015-08-07,,88,Offline,6,833,128331.98,75744.69,52587.29,2015-08-07,2015-08-07,2015-09-03,b1fd0e2419b1ea5096ec46ed51bf1bcc,2015-08-07,2015-08-07,2015-09-03
3697,611577403,L,2015-08-08,,181,Online,12,8199,5479145.73,4120325.46,1358820.27,2015-08-08,2015-08-08,2015-08-23,29c4860249520b94c98143376fff9ed4,2015-08-08,2015-08-08,2015-08-23
3698,116925704,H,2015-08-08,,13,Online,7,9769,2009483.3,1144047.59,865435.71,2015-08-08,2015-08-08,2015-09-08,8f86a89733560d2af0c876b639329726,2015-08-08,2015-08-08,2015-09-08
3699,254127776,M,2015-08-08,,125,Online,6,911,140348.66,82837.23,57511.43,2015-08-08,2015-08-08,2015-09-12,37a33e42b09693eec4aad3b6923034a5,2015-08-08,2015-08-08,2015-09-12
3700,324775445,C,2015-08-08,,178,Online,7,7126,1465818.2,834525.86,631292.34,2015-08-08,2015-08-08,2015-09-14,b7bb8d1af48081dc9fbe546d071ce6ce,2015-08-08,2015-08-08,2015-09-14
3701,158330428,C,2015-08-09,,67,Offline,10,2347,1026108.4,618035.51,408072.89,2015-08-09,2015-08-09,2015-08-25,ebaf723dd53e4438709b7fd8d3436139,2015-08-09,2015-08-09,2015-08-25
3702,744450175,L,2015-08-09,,27,Online,2,8205,389327.25,260836.95,128490.3,2015-08-09,2015-08-09,2015-08-30,b11292fd62a51f8bd83067d591d56c98,2015-08-09,2015-08-09,2015-08-30
3703,509522140,L,2015-08-09,,106,Offline,1,7779,72578.07,53830.68,18747.39,2015-08-09,2015-08-09,2015-09-28,9c1ed67f3d707d42719137f7efb8de7a,2015-08-09,2015-08-09,2015-09-28
3704,937501418,M,2015-08-10,,93,Offline,8,6358,1623070.24,1013592.36,609477.88,2015-08-10,2015-08-10,2015-08-16,f062d52e881bb1e60245475b6dfebba0,2015-08-10,2015-08-10,2015-08-16
3705,615316617,H,2015-08-10,,103,Offline,5,4716,719567.28,459527.04,260040.24,2015-08-10,2015-08-10,2015-09-18,41d28619d24b7bd155243234cf21595d,2015-08-10,2015-08-10,2015-09-18
3706,615080583,C,2015-08-11,,28,Online,7,4868,1001347.6,570091.48,431256.12,2015-08-11,2015-08-11,2015-09-19,8ee92e0aba11010a766eb6890ac5ea2d,2015-08-11,2015-08-11,2015-09-19
3707,105630385,L,2015-08-12,,83,Online,3,7233,591153.09,409894.11,181258.98,2015-08-12,2015-08-12,2015-09-15,60d7d9860457b60affe86613e1bd9d54,2015-08-12,2015-08-12,2015-09-15
3708,897317206,H,2015-08-13,,23,Online,2,4957,235209.65,157583.03,77626.62,2015-08-13,2015-08-13,2015-09-01,60d47a7be156de1be7e83b5e35fd4626,2015-08-13,2015-08-13,2015-09-01
3709,361142766,M,2015-08-13,,20,Online,2,9025,428236.25,286904.75,141331.5,2015-08-13,2015-08-13,2015-09-05,9ac8c3922728c6d08967148f899982a0,2015-08-13,2015-08-13,2015-09-05
3710,980598723,C,2015-08-13,,147,Offline,3,9808,801607.84,555819.36,245788.48,2015-08-13,2015-08-13,2015-09-24,c799e59d5fdb55ad31869f9eaeef5339,2015-08-13,2015-08-13,2015-09-24
3711,801637876,H,2015-08-14,,46,Offline,10,1316,575355.2,346542.28,228812.92,2015-08-14,2015-08-14,2015-09-09,eb031ddf608cf63f3179a8abd3a5bc2f,2015-08-14,2015-08-14,2015-09-09
3712,709815776,C,2015-08-15,,113,Offline,2,9117,432601.65,289829.43,142772.22,2015-08-15,2015-08-15,2015-09-16,5932d152c9bb24a87ce6cd168bcfebd3,2015-08-15,2015-08-15,2015-09-16
3713,358624064,H,2015-08-15,,153,Offline,4,3685,402696.8,132070.4,270626.4,2015-08-15,2015-08-15,2015-10-03,ac817a321f6f8c7bb0bf3cddc20c11fd,2015-08-15,2015-08-15,2015-10-03
3714,582492816,C,2015-08-18,,50,Offline,12,1423,950948.21,715114.42,235833.79,2015-08-18,2015-08-18,2015-09-11,66ff92529ddee0a419344d5ad4cc7b2d,2015-08-18,2015-08-18,2015-09-11
3715,334812915,C,2015-08-20,,63,Online,4,7437,812715.36,266542.08,546173.28,2015-08-20,2015-08-20,2015-08-26,e5947823c512e4eff8afa28bce6dc14f,2015-08-20,2015-08-20,2015-08-26
3716,985086381,H,2015-08-21,,120,Offline,1,7806,72829.98,54017.52,18812.46,2015-08-21,2015-08-21,2015-09-04,d6303ba8271ca0289f7640d1807c696e,2015-08-21,2015-08-21,2015-09-04
3717,879055869,M,2015-08-21,,141,Offline,2,1021,48446.45,32457.59,15988.86,2015-08-21,2015-08-21,2015-09-14,19fe6119ea8c83d926fc65c223846bff,2015-08-21,2015-08-21,2015-09-14
3718,558917701,L,2015-08-21,,176,Offline,11,5023,3271027.83,2636874.08,634153.75,2015-08-21,2015-08-21,2015-09-21,d7efe36d4fee13c4dc619dc6bf921d7d,2015-08-21,2015-08-21,2015-09-21
3719,184976994,C,2015-08-21,,4,Online,12,7658,5117611.66,3848451.32,1269160.34,2015-08-21,2015-08-21,2015-09-21,876b24157ff9d3aca5e7736560b2bf01,2015-08-21,2015-08-21,2015-09-21
3720,764484775,M,2015-08-22,,53,Offline,8,6888,1758368.64,1098084.96,660283.68,2015-08-22,2015-08-22,2015-09-03,d598dcfe055d4b0762adaa5703dab98c,2015-08-22,2015-08-22,2015-09-03
3721,168131864,L,2015-08-22,,31,Online,10,2810,1228532,739957.3,488574.7,2015-08-22,2015-08-22,2015-09-28,93752a8a12e8072f032a368f2fe0b0a5,2015-08-22,2015-08-22,2015-09-28
3722,972452533,L,2015-08-22,,118,Online,6,9169,1412576.14,833737.17,578838.97,2015-08-22,2015-08-22,2015-10-04,16d1dd4c29bc04ddffd7f155afd4b59e,2015-08-22,2015-08-22,2015-10-04
3723,743900430,L,2015-08-22,,52,Online,6,5523,850873.38,502206.39,348666.99,2015-08-22,2015-08-22,2015-10-06,03b063b462c921c8378653809814cfb4,2015-08-22,2015-08-22,2015-10-06
3724,514758241,L,2015-08-24,,183,Online,9,7257,3061655.73,2646555.33,415100.4,2015-08-24,2015-08-24,2015-09-13,39cf3f15486e225ad73b5c38d2158db3,2015-08-24,2015-08-24,2015-09-13
3725,356853806,H,2015-08-24,,67,Offline,1,9826,91676.58,67995.92,23680.66,2015-08-24,2015-08-24,2015-09-16,f9a8ae12bbdf1c793b0ddb7d31a8c07d,2015-08-24,2015-08-24,2015-09-16
3726,335915410,L,2015-08-24,,133,Online,11,3689,2402313.69,1936577.44,465736.25,2015-08-24,2015-08-24,2015-09-23,17bf741e11078472c9d8922554d7cec5,2015-08-24,2015-08-24,2015-09-23
3727,186079490,L,2015-08-25,,134,Online,6,3911,602528.66,355627.23,246901.43,2015-08-25,2015-08-25,2015-08-29,4c6fd7eeeca7c30e0afe535997852e7c,2015-08-25,2015-08-25,2015-08-29
3728,946830785,C,2015-08-25,,25,Offline,9,7125,3005966.25,2598416.25,407550,2015-08-25,2015-08-25,2015-09-20,782b6c2493f158e9010ac610c01efabc,2015-08-25,2015-08-25,2015-09-20
3729,113385188,C,2015-08-25,,168,Online,8,2052,523834.56,327129.84,196704.72,2015-08-25,2015-08-25,2015-09-23,c4c3ff526e0a92cc7c07be39929103f9,2015-08-25,2015-08-25,2015-09-23
3730,849222838,L,2015-08-25,,154,Offline,11,2764,1799944.44,1450989.44,348955,2015-08-25,2015-08-25,2015-09-28,f2e38b37274c8bcae7f1443c286f9e49,2015-08-25,2015-08-25,2015-09-28
3731,938290202,L,2015-08-26,,76,Offline,5,9777,1491774.66,952670.88,539103.78,2015-08-26,2015-08-26,2015-08-29,2b1091ffb01140f3897185385e421c79,2015-08-26,2015-08-26,2015-08-29
3732,121571719,M,2015-08-26,,73,Offline,9,4628,1952506.92,1687785.32,264721.6,2015-08-26,2015-08-26,2015-09-21,9ac357666e9bacd83c44df6561fd46a9,2015-08-26,2015-08-26,2015-09-21
3733,431240689,L,2015-08-26,,24,Online,7,2558,526180.6,299567.38,226613.22,2015-08-26,2015-08-26,2015-10-13,93ae6084ca1d795875f872e00f151936,2015-08-26,2015-08-26,2015-10-13
3734,803252780,M,2015-08-26,,13,Offline,3,9202,752079.46,521477.34,230602.12,2015-08-26,2015-08-26,2015-10-14,bd14975dd407f97608bf25dbb9fa6135,2015-08-26,2015-08-26,2015-10-14
3735,327020776,M,2015-08-27,,93,Offline,4,1570,171569.6,56268.8,115300.8,2015-08-27,2015-08-27,2015-09-29,5902cc5ea56bbca5fad7960878b0eed3,2015-08-27,2015-08-27,2015-09-29
3736,803016746,H,2015-08-27,,10,Offline,2,9355,443894.75,297395.45,146499.3,2015-08-27,2015-08-27,2015-10-15,5c772595f7eee9445f3c9f29b22c3f22,2015-08-27,2015-08-27,2015-10-15
3737,231341445,M,2015-08-28,,32,Online,2,7929,376231.05,252062.91,124168.14,2015-08-28,2015-08-28,2015-10-07,3da09040ddc5033ad748057c581d92cc,2015-08-28,2015-08-28,2015-10-07
3738,208238399,L,2015-08-29,,163,Offline,10,1224,535132.8,322315.92,212816.88,2015-08-29,2015-08-29,2015-10-15,90912adb04113ea2f0821bd88ae60af5,2015-08-29,2015-08-29,2015-10-15
3739,103782451,H,2015-08-31,,20,Offline,8,388,99048.64,61854.96,37193.68,2015-08-31,2015-08-31,2015-10-01,5c3dee6c266af48b97633bdcb2eb278e,2015-08-31,2015-08-31,2015-10-01
3740,960213077,H,2015-08-31,,180,Online,2,7242,343632.9,230223.18,113409.72,2015-08-31,2015-08-31,2015-10-16,e7afb14fd80d5500a20382c42d0e606e,2015-08-31,2015-08-31,2015-10-16
3741,228350675,C,2015-09-01,,87,Online,6,2894,445849.64,263151.42,182698.22,2015-09-01,2015-09-01,2015-09-15,c2f819bb46375b43c202aeaa46bb2390,2015-09-01,2015-09-01,2015-09-15
3742,228114640,L,2015-09-02,,72,Online,3,3046,248949.58,172616.82,76332.76,2015-09-02,2015-09-02,2015-09-16,255eb8af80f59cc36bc89b520cb8485c,2015-09-02,2015-09-02,2015-09-16
3743,431753098,M,2015-09-02,,91,Online,2,4191,198862.95,133231.89,65631.06,2015-09-02,2015-09-02,2015-10-19,e360fbf97106013b8cb699e3b71e0b41,2015-09-02,2015-09-02,2015-10-19
3744,641413438,M,2015-09-04,,173,Online,5,7345,1120700.1,715696.8,405003.3,2015-09-04,2015-09-04,2015-09-30,00b81569c2937c7ede641587eaf24599,2015-09-04,2015-09-04,2015-09-30
3745,849263179,C,2015-09-04,,113,Online,4,4702,513834.56,168519.68,345314.88,2015-09-04,2015-09-04,2015-10-06,737638617c88bb79fd204ad3f4214c74,2015-09-04,2015-09-04,2015-10-06
3746,977806651,M,2015-09-05,,93,Offline,8,3572,911860.16,569448.24,342411.92,2015-09-05,2015-09-05,2015-10-14,89104de68e04c002c567b91efad041c9,2015-09-05,2015-09-05,2015-10-14
3747,177225196,C,2015-09-07,,168,Online,2,3729,176941.05,118544.91,58396.14,2015-09-07,2015-09-07,2015-09-12,e35f9168430bf2fab05642a54816457d,2015-09-07,2015-09-07,2015-09-12
3748,206350123,C,2015-09-07,,146,Offline,1,2442,22783.86,16898.64,5885.22,2015-09-07,2015-09-07,2015-10-23,23a16f4093e34ae0ec2a63575b2fe8b0,2015-09-07,2015-09-07,2015-10-23
3749,686203324,L,2015-09-08,,119,Offline,2,1667,79099.15,52993.93,26105.22,2015-09-08,2015-09-08,2015-09-18,5376143a114246966e896f794a87816e,2015-09-08,2015-09-08,2015-09-18
3750,131373155,H,2015-09-08,,97,Offline,9,5091,2147841.99,1856636.79,291205.2,2015-09-08,2015-09-08,2015-10-24,af933b1a23a2b6fa4bc863c376a48070,2015-09-08,2015-09-08,2015-10-24
3751,781646621,M,2015-09-09,,174,Online,2,5460,259077,173573.4,85503.6,2015-09-09,2015-09-09,2015-09-12,c9bf12cb5cbcde627d4667f6ffb18320,2015-09-09,2015-09-09,2015-09-12
3752,621577537,L,2015-09-09,,11,Offline,12,7461,4985962.47,3749450.94,1236511.53,2015-09-09,2015-09-09,2015-09-16,a5116b57e9679cebafcb4697950caab0,2015-09-09,2015-09-09,2015-09-16
3753,779599988,C,2015-09-09,,56,Online,6,9816,1512252.96,892568.88,619684.08,2015-09-09,2015-09-09,2015-10-09,d0591a7d12638134936849fa15c78da2,2015-09-09,2015-09-09,2015-10-09
3754,186868274,C,2015-09-11,,67,Online,1,7330,68388.9,50723.6,17665.3,2015-09-11,2015-09-11,2015-09-12,a859e11e136537a687899ef604da07de,2015-09-11,2015-09-11,2015-09-12
3755,338514792,H,2015-09-11,,149,Offline,1,2904,27094.32,20095.68,6998.64,2015-09-11,2015-09-11,2015-09-12,397f7e10d6bf71b013bb8dde22048efe,2015-09-11,2015-09-11,2015-09-12
3756,978673112,C,2015-09-11,,48,Online,2,9977,473408.65,317168.83,156239.82,2015-09-11,2015-09-11,2015-09-24,fa42256f8ee4fe80fc97417fd62eba89,2015-09-11,2015-09-11,2015-09-24
3757,824979960,H,2015-09-11,,115,Offline,1,8758,81712.14,60605.36,21106.78,2015-09-11,2015-09-11,2015-10-20,27319399037f62708aba22add5534c6c,2015-09-11,2015-09-11,2015-10-20
3758,263537824,M,2015-09-12,,17,Offline,9,5553,2342755.17,2025123.57,317631.6,2015-09-12,2015-09-12,2015-09-13,71a78a8787fcaa893f75caf9d9e0ea81,2015-09-12,2015-09-12,2015-09-13
3759,487996661,C,2015-09-12,,178,Offline,1,7911,73809.63,54744.12,19065.51,2015-09-12,2015-09-12,2015-09-13,5c21ca3b7eed6b77a35ed455ea903524,2015-09-12,2015-09-12,2015-09-13
3760,818486011,M,2015-09-12,,181,Online,1,7054,65813.82,48813.68,17000.14,2015-09-12,2015-09-12,2015-10-23,301aaaa77e3bda2f89ebc486951bab88,2015-09-12,2015-09-12,2015-10-23
3761,568995511,C,2015-09-12,,74,Online,9,7271,3067562.19,2651660.99,415901.2,2015-09-12,2015-09-12,2015-11-01,8e0654a050daff4a4d315e80263ade2a,2015-09-12,2015-09-12,2015-11-01
3762,383894765,M,2015-09-13,,82,Online,10,1847,807508.4,486370.51,321137.89,2015-09-13,2015-09-13,2015-09-23,f58bc779ee6e61f637607e1459333e95,2015-09-13,2015-09-13,2015-09-23
3763,616658151,H,2015-09-13,,17,Offline,5,1705,260148.9,166135.2,94013.7,2015-09-13,2015-09-13,2015-10-16,f51df670dcfc89cc2b96553f389e261f,2015-09-13,2015-09-13,2015-10-16
3764,822107207,H,2015-09-14,,44,Offline,7,8647,1778687.9,1012650.17,766037.73,2015-09-14,2015-09-14,2015-10-24,87017ba784a32d9983a9580d97e948b7,2015-09-14,2015-09-14,2015-10-24
3765,745083606,C,2015-09-15,,182,Offline,12,5651,3776393.77,2839853.54,936540.23,2015-09-15,2015-09-15,2015-09-30,b10c8e3c6377aa272d868ea3d659e234,2015-09-15,2015-09-15,2015-09-30
3766,495593106,M,2015-09-15,,91,Offline,2,5868,278436.6,186543.72,91892.88,2015-09-15,2015-09-15,2015-10-08,16532649d12048b0e28aabd7ff4efa21,2015-09-15,2015-09-15,2015-10-08
3767,562147510,M,2015-09-15,,175,Offline,11,795,517711.95,417343.2,100368.75,2015-09-15,2015-09-15,2015-10-11,269900655fb305b4c049705030ae540e,2015-09-15,2015-09-15,2015-10-11
3768,385233294,H,2015-09-16,,178,Online,3,7947,649508.31,450356.49,199151.82,2015-09-16,2015-09-16,2015-10-21,6473236160be8b6afca5d705d7832824,2015-09-16,2015-09-16,2015-10-21
3769,310492360,L,2015-09-16,,64,Offline,3,444,36288.12,25161.48,11126.64,2015-09-16,2015-09-16,2015-10-21,fee1eaf46fd9374f8713438e2d9ef085,2015-09-16,2015-09-16,2015-10-21
3770,919361102,M,2015-09-17,,143,Offline,8,8235,2102230.8,1312823.7,789407.1,2015-09-17,2015-09-17,2015-09-23,156ef6fbfa914f039515a7f16bde3489,2015-09-17,2015-09-17,2015-09-23
3771,123108947,M,2015-09-17,,178,Online,2,9528,452103.6,302895.12,149208.48,2015-09-17,2015-09-17,2015-10-09,27ce45d5550dea1bcb410ba6b97f1187,2015-09-17,2015-09-17,2015-10-09
3772,467924726,C,2015-09-18,,5,Offline,11,8179,5326246.59,4293647.84,1032598.75,2015-09-18,2015-09-18,2015-10-20,7cb39e53d03c01fc31db5c8004305f9d,2015-09-18,2015-09-18,2015-10-20
3773,299669110,L,2015-09-18,,116,Online,3,7604,621474.92,430918.68,190556.24,2015-09-18,2015-09-18,2015-10-26,7de70803e19c74a2c02615578e746c52,2015-09-18,2015-09-18,2015-10-26
3774,403298938,C,2015-09-19,,39,Online,10,3973,1736995.6,1046210.09,690785.51,2015-09-19,2015-09-19,2015-10-17,84606774ebab485fbc8cc0aac35f0e52,2015-09-19,2015-09-19,2015-10-17
3775,748350751,C,2015-09-19,,106,Offline,6,2472,380836.32,224778.96,156057.36,2015-09-19,2015-09-19,2015-10-27,f1654be08c33c3ad9af12c68eef4ba49,2015-09-19,2015-09-19,2015-10-27
3776,594539582,M,2015-09-19,,143,Offline,6,6329,975045.74,575495.97,399549.77,2015-09-19,2015-09-19,2015-10-29,08e3740dcbb4e9d8a966481ae40d8642,2015-09-19,2015-09-19,2015-10-29
3777,178604066,C,2015-09-20,,94,Online,12,1767,1180833.09,887988.18,292844.91,2015-09-20,2015-09-20,2015-10-18,ab24fd111bb2107f47d8c8d81189f3ed,2015-09-20,2015-09-20,2015-10-18
3778,619335210,C,2015-09-20,,121,Online,12,3906,2610262.62,1962921.24,647341.38,2015-09-20,2015-09-20,2015-10-21,93d43f8e1ccc4246dbd02de4ba2ece6f,2015-09-20,2015-09-20,2015-10-21
3779,251180350,H,2015-09-21,,89,Offline,12,8702,5815285.54,4373103.08,1442182.46,2015-09-21,2015-09-21,2015-10-20,a03e1a803afc42f689c447b015aafbf6,2015-09-21,2015-09-21,2015-10-20
3780,926721513,L,2015-09-21,,106,Online,2,6344,301022.8,201675.76,99347.04,2015-09-21,2015-09-21,2015-10-20,f724953e252bfa4ea16313079c4db39f,2015-09-21,2015-09-21,2015-10-20
3781,760158479,H,2015-09-22,,76,Offline,12,6641,4437981.07,3337368.14,1100612.93,2015-09-22,2015-09-22,2015-10-26,6510ad14b0f42fdf6f984d76f02a8802,2015-09-22,2015-09-22,2015-10-26
3782,965725553,C,2015-09-23,,170,Offline,1,8506,79360.98,58861.52,20499.46,2015-09-23,2015-09-23,2015-10-08,8c3e2e0f2071fd83a95b59e8c3414375,2015-09-23,2015-09-23,2015-10-08
3783,512714612,H,2015-09-23,,180,Online,9,2502,1055568.78,912454.38,143114.4,2015-09-23,2015-09-23,2015-10-09,575680ec8f250ce8bd60bba17775703f,2015-09-23,2015-09-23,2015-10-09
3784,157075583,M,2015-09-24,,181,Offline,8,1011,258088.08,161173.62,96914.46,2015-09-24,2015-09-24,2015-10-03,7f10fa71499dc8ce60184bccc30f4ae0,2015-09-24,2015-09-24,2015-10-03
3785,547625386,H,2015-09-25,,79,Offline,3,3376,275920.48,191317.92,84602.56,2015-09-25,2015-09-25,2015-09-29,7145cc29f125a9f2f3789fa5efe094d6,2015-09-25,2015-09-25,2015-09-29
3786,894841849,M,2015-09-25,,63,Online,4,2443,266971.04,87557.12,179413.92,2015-09-25,2015-09-25,2015-10-08,be1fa90afc312737f083efc47fb1a78c,2015-09-25,2015-09-25,2015-10-08
3787,990403163,L,2015-09-25,,47,Offline,10,1160,507152,305462.8,201689.2,2015-09-25,2015-09-25,2015-10-27,125855d8313580e3af60bb44c6cded7b,2015-09-25,2015-09-25,2015-10-27
3788,269127976,M,2015-09-25,,57,Offline,5,9804,1495894.32,955301.76,540592.56,2015-09-25,2015-09-25,2015-11-11,5a1349c99bcdb4c4d5b318a4265ea5f0,2015-09-25,2015-09-25,2015-11-11
3789,774012839,C,2015-09-26,,97,Online,3,6454,527485.42,365748.18,161737.24,2015-09-26,2015-09-26,2015-09-29,61def675188ffff0eb843464d2ae7b02,2015-09-26,2015-09-26,2015-09-29
3790,665817677,C,2015-09-26,,30,Online,1,9102,84921.66,62985.84,21935.82,2015-09-26,2015-09-26,2015-10-10,757bd27a74b5510732680b237b619b6d,2015-09-26,2015-09-26,2015-10-10
3791,464107835,H,2015-09-27,,109,Offline,10,8677,3793584.4,2284914.41,1508669.99,2015-09-27,2015-09-27,2015-10-29,2128ca5407ddfad0c70b7e129c399faa,2015-09-27,2015-09-27,2015-10-29
3792,160578763,L,2015-09-27,,26,Online,11,7679,5000641.59,4031167.84,969473.75,2015-09-27,2015-09-27,2015-10-30,7311a5f8ae436ee14736d3555b7054c2,2015-09-27,2015-09-27,2015-10-30
3793,235319697,H,2015-09-28,,95,Offline,11,5183,3375221.43,2720867.68,654353.75,2015-09-28,2015-09-28,2015-10-31,500d1d3c2943e170d4aae2172f64f0a2,2015-09-28,2015-09-28,2015-10-31
3794,625751483,H,2015-09-29,,137,Offline,3,2624,214459.52,148702.08,65757.44,2015-09-29,2015-09-29,2015-10-01,0b559910e11edb86aa800a55deba9160,2015-09-29,2015-09-29,2015-10-01
3795,226661098,H,2015-09-29,,157,Offline,11,2911,1895672.31,1528158.56,367513.75,2015-09-29,2015-09-29,2015-11-04,10ed1ff18c8fd4fc01f5b52526e75f97,2015-09-29,2015-09-29,2015-11-04
3796,147826898,M,2015-09-29,,180,Online,10,4119,1800826.8,1084656.27,716170.53,2015-09-29,2015-09-29,2015-11-05,4e0f7fb3561a01c78bb5fdd4e8886e58,2015-09-29,2015-09-29,2015-11-05
3797,806404912,C,2015-09-30,,149,Offline,3,1988,162479.24,112659.96,49819.28,2015-09-30,2015-09-30,2015-10-17,ede13acd3c569feacd6bd45dc4ed4ce9,2015-09-30,2015-09-30,2015-10-17
3798,450883901,L,2015-09-30,,135,Online,9,5421,2287065.69,1976984.49,310081.2,2015-09-30,2015-09-30,2015-11-05,58c8a4a675b24a74480796eca74d6f67,2015-09-30,2015-09-30,2015-11-05
3799,477490127,L,2015-10-02,,86,Online,12,8794,5876766.38,4419336.76,1457429.62,2015-10-02,2015-10-02,2015-10-03,0d651eeac09e50aac7195a93541d7ed7,2015-10-02,2015-10-02,2015-10-03
3801,543808495,M,2015-10-03,,50,Online,11,3873,2522136.33,2033170.08,488966.25,2015-10-03,2015-10-03,2015-10-07,7197bf8aa05b45b6f89b35344a99d4bd,2015-10-03,2015-10-03,2015-10-07
3802,165538489,M,2015-10-03,,161,Offline,12,5372,3589946.44,2699644.88,890301.56,2015-10-03,2015-10-03,2015-10-08,3b44f51ced78b5214586d8b76bcbbe01,2015-10-03,2015-10-03,2015-10-08
3803,810026109,L,2015-10-03,,19,Offline,6,3581,551688.86,325620.33,226068.53,2015-10-03,2015-10-03,2015-10-18,38b28d87596b928fab06f7f08bf7499f,2015-10-03,2015-10-03,2015-10-18
3804,585449254,M,2015-10-03,,61,Offline,10,6299,2753922.8,1658715.67,1095207.13,2015-10-03,2015-10-03,2015-11-13,6fc3fc9a0315c8011616d6570345edeb,2015-10-03,2015-10-03,2015-11-13
3805,123897731,M,2015-10-04,,99,Offline,5,2947,449653.26,287155.68,162497.58,2015-10-04,2015-10-04,2015-10-23,b24bad88665d1089c0137ea01fe55283,2015-10-04,2015-10-04,2015-10-23
3806,932075631,M,2015-10-05,,129,Offline,3,747,61052.31,42332.49,18719.82,2015-10-05,2015-10-05,2015-10-29,3339992e8bc8d2ada7807dbbba29ec76,2015-10-05,2015-10-05,2015-10-29
3807,915348517,L,2015-10-06,,150,Online,11,822,535294.62,431517.12,103777.5,2015-10-06,2015-10-06,2015-10-10,d7897f19cb9253ae20359973a8035bdb,2015-10-06,2015-10-06,2015-10-10
3808,680420482,L,2015-10-06,,181,Offline,4,396,43274.88,14192.64,29082.24,2015-10-06,2015-10-06,2015-11-08,44d23ef7e1a978ce7452aa6292471ac4,2015-10-06,2015-10-06,2015-11-08
3809,931957614,L,2015-10-06,,183,Offline,10,5823,2545815.6,1533370.59,1012445.01,2015-10-06,2015-10-06,2015-11-25,88e1d7e093d18217b9bd655e66a9f509,2015-10-06,2015-10-06,2015-11-25
3810,318523538,M,2015-10-07,,164,Online,7,7048,1449773.6,825391.28,624382.32,2015-10-07,2015-10-07,2015-11-05,10ca537f0cbf94525a0f165dae432fa6,2015-10-07,2015-10-07,2015-11-05
3811,530702579,M,2015-10-07,,169,Offline,8,5541,1414506.48,883346.22,531160.26,2015-10-07,2015-10-07,2015-11-09,7070442dc7f7432b961fa0c214f69c09,2015-10-07,2015-10-07,2015-11-09
3812,308054339,H,2015-10-08,,116,Offline,10,8980,3926056,2364703.4,1561352.6,2015-10-08,2015-10-08,2015-10-15,3fb08b689e5165dcf431b0dbca1cb656,2015-10-08,2015-10-08,2015-10-15
3813,285187327,L,2015-10-08,,2,Online,7,2123,436701.1,248624.53,188076.57,2015-10-08,2015-10-08,2015-10-22,3d9e4005e6137f97a0422c3b6e060fd8,2015-10-08,2015-10-08,2015-10-22
3814,592573630,H,2015-10-09,,102,Online,11,4560,2969517.6,2393817.6,575700,2015-10-09,2015-10-09,2015-10-21,82e4aed06d64255105a839071185c423,2015-10-09,2015-10-09,2015-10-21
3815,270270812,H,2015-10-09,,126,Online,5,7994,1219724.52,778935.36,440789.16,2015-10-09,2015-10-09,2015-10-28,201b7cf3328e2c437776c35cb1082620,2015-10-09,2015-10-09,2015-10-28
3816,561284053,C,2015-10-09,,165,Online,7,5279,1085890.3,618223.69,467666.61,2015-10-09,2015-10-09,2015-10-31,d32485ad29bb4fd42771390f5ff9bb52,2015-10-09,2015-10-09,2015-10-31
3817,540463674,H,2015-10-10,,115,Offline,12,4066,2717185.82,2043327.64,673858.18,2015-10-10,2015-10-10,2015-10-14,658488944527eb1d39a6d6f3dc79481d,2015-10-10,2015-10-10,2015-10-14
3818,184942662,C,2015-10-10,,51,Online,3,7498,612811.54,424911.66,187899.88,2015-10-10,2015-10-10,2015-11-02,41611dbe43a3a6cdc2bbdf1e8fb4d359,2015-10-10,2015-10-10,2015-11-02
3819,885397469,M,2015-10-10,,45,Online,9,7642,3224083.38,2786960.98,437122.4,2015-10-10,2015-10-10,2015-11-18,c7f5923dba14ae8bf08a03c3a2431ef2,2015-10-10,2015-10-10,2015-11-18
3820,336707198,L,2015-10-10,,175,Online,8,7997,2041474.16,1274881.74,766592.42,2015-10-10,2015-10-10,2015-11-27,ca0d65c3ec8a22843f85151765fd037b,2015-10-10,2015-10-10,2015-11-27
3821,631813704,L,2015-10-10,,174,Online,9,6570,2771817.3,2396013.3,375804,2015-10-10,2015-10-10,2015-11-28,7c5a847187391358366724a6cf07b8b2,2015-10-10,2015-10-10,2015-11-28
3822,309510886,L,2015-10-11,,109,Offline,2,4,189.8,127.16,62.64,2015-10-11,2015-10-11,2015-10-17,6411a1f65867ec6511921e4bc962e530,2015-10-11,2015-10-11,2015-10-17
3823,373782622,C,2015-10-11,,176,Offline,7,9439,1941602.3,1105401.29,836201.01,2015-10-11,2015-10-11,2015-11-15,86ebad512254dc3ff40ea404f8201d32,2015-10-11,2015-10-11,2015-11-15
3824,698014056,C,2015-10-12,,182,Offline,5,6726,1026253.08,655381.44,370871.64,2015-10-12,2015-10-12,2015-11-07,d96b46b853111084908dfb6f369c1426,2015-10-12,2015-10-12,2015-11-07
3825,629413020,H,2015-10-12,,70,Offline,4,6154,672509.12,220559.36,451949.76,2015-10-12,2015-10-12,2015-12-01,ebfab1e4a0ee8ea9c617edbca85b365b,2015-10-12,2015-10-12,2015-12-01
3826,905509746,L,2015-10-13,,167,Offline,12,9311,6222261.97,4679149.94,1543112.03,2015-10-13,2015-10-13,2015-10-20,3ba532a3aa0ad4f147318c40db02e952,2015-10-13,2015-10-13,2015-10-20
3827,737018096,H,2015-10-14,,57,Online,10,8888,3885833.6,2340477.04,1545356.56,2015-10-14,2015-10-14,2015-10-27,97f2adf82de5b899097d11fac9bc0258,2015-10-14,2015-10-14,2015-10-27
3828,152826964,M,2015-10-15,,159,Online,12,3750,2506012.5,1884525,621487.5,2015-10-15,2015-10-15,2015-10-22,5b54323c47c43383620ffbef12697fea,2015-10-15,2015-10-15,2015-10-22
3829,435417640,M,2015-10-15,,35,Online,12,8610,5753804.7,4326869.4,1426935.3,2015-10-15,2015-10-15,2015-10-28,30b0a72781d784ec87e67c4efcbc4160,2015-10-15,2015-10-15,2015-10-28
3830,252481544,H,2015-10-15,,170,Online,11,3754,2444642.34,1970699.84,473942.5,2015-10-15,2015-10-15,2015-11-08,848b070c78b4c2eb806603190c6477b7,2015-10-15,2015-10-15,2015-11-08
3831,569864976,M,2015-10-18,,58,Offline,7,4565,939020.5,534607.15,404413.35,2015-10-18,2015-10-18,2015-11-30,ca70290559a128b27d73718d54ee8320,2015-10-18,2015-10-18,2015-11-30
3832,640394628,H,2015-10-19,,32,Offline,11,5856,3813485.76,3074165.76,739320,2015-10-19,2015-10-19,2015-11-07,0b2cb60b2a984060c3d35b265e0f748b,2015-10-19,2015-10-19,2015-11-07
3833,843797051,L,2015-10-20,,13,Offline,8,7153,1826017.84,1140331.26,685686.58,2015-10-20,2015-10-20,2015-10-21,458dfe762897656295d309b7e3d9d3e6,2015-10-20,2015-10-20,2015-10-21
3834,825141322,C,2015-10-20,,111,Online,3,6509,531980.57,368865.03,163115.54,2015-10-20,2015-10-20,2015-11-22,7a90b0c7716e34091f635d5961b017b8,2015-10-20,2015-10-20,2015-11-22
3835,438448750,H,2015-10-20,,44,Offline,3,5583,456298.59,316388.61,139909.98,2015-10-20,2015-10-20,2015-11-26,a53bc9a7190da392b432f7b86fb0497e,2015-10-20,2015-10-20,2015-11-26
3836,461197745,H,2015-10-21,,97,Online,1,7517,70133.61,52017.64,18115.97,2015-10-21,2015-10-21,2015-10-24,7f98d276a3966f2769b9591b3f2d1474,2015-10-21,2015-10-21,2015-10-24
3837,997490203,M,2015-10-21,,98,Online,12,8372,5594756.44,4207264.88,1387491.56,2015-10-21,2015-10-21,2015-11-15,15939318bb795fff13816395bb0e05d8,2015-10-21,2015-10-21,2015-11-15
3838,980881106,M,2015-10-21,,80,Offline,2,3372,160001.4,107195.88,52805.52,2015-10-21,2015-10-21,2015-11-21,22de9cc79ad36e121aa8ef1bca1b2d45,2015-10-21,2015-10-21,2015-11-21
3839,577579438,M,2015-10-21,,131,Offline,7,7446,1531642.2,872001.06,659641.14,2015-10-21,2015-10-21,2015-11-30,c3c3b06bc7d362089aa45953cb7e7163,2015-10-21,2015-10-21,2015-11-30
3840,386220777,M,2015-10-22,,174,Online,9,165,69611.85,60173.85,9438,2015-10-22,2015-10-22,2015-10-25,376a09dc73ec8aec9445fdadc871f1ce,2015-10-22,2015-10-22,2015-10-25
3841,672904717,L,2015-10-22,,107,Online,4,6314,689993.92,226293.76,463700.16,2015-10-22,2015-10-22,2015-10-30,b60597ace20d17dd8fcd904db881ee12,2015-10-22,2015-10-22,2015-10-30
3842,600210416,C,2015-10-22,,20,Online,11,4455,2901140.55,2338696.8,562443.75,2015-10-22,2015-10-22,2015-11-23,aa1d1543d327ced7031d0482f23362e4,2015-10-22,2015-10-22,2015-11-23
3843,367329013,M,2015-10-23,,74,Online,11,9673,6299154.33,5077938.08,1221216.25,2015-10-23,2015-10-23,2015-11-27,7c00bd706fd65ecb94bcf4476a393049,2015-10-23,2015-10-23,2015-11-27
3844,271649682,M,2015-10-23,,110,Online,3,6032,492995.36,341833.44,151161.92,2015-10-23,2015-10-23,2015-12-04,6590004c09e9c9ef7d3b1589d1d7e7a4,2015-10-23,2015-10-23,2015-12-04
3845,446045196,L,2015-10-24,,160,Offline,1,3540,33028.2,24496.8,8531.4,2015-10-24,2015-10-24,2015-11-01,df7fa0e217b9b37855d136fa5cdb4982,2015-10-24,2015-10-24,2015-11-01
3846,128071677,H,2015-10-24,,85,Offline,4,8110,886260.8,290662.4,595598.4,2015-10-24,2015-10-24,2015-11-07,cf599f3acbf473a635e597609d6c86bd,2015-10-24,2015-10-24,2015-11-07
3847,323405587,L,2015-10-24,,62,Online,10,1755,767286,462144.15,305141.85,2015-10-24,2015-10-24,2015-11-17,b450fed203fd1177e365f3dd0b2a6b1a,2015-10-24,2015-10-24,2015-11-17
3848,678808581,M,2015-10-24,,177,Online,2,3399,161282.55,108054.21,53228.34,2015-10-24,2015-10-24,2015-11-24,fe6dbf76f1b4cd7f5a507451a6e2b898,2015-10-24,2015-10-24,2015-11-24
3849,745008933,L,2015-10-26,,76,Online,1,3554,33158.82,24593.68,8565.14,2015-10-26,2015-10-26,2015-11-03,c0b61c55b17014c850367d56a09e131a,2015-10-26,2015-10-26,2015-11-03
3850,601430928,H,2015-10-26,,181,Online,11,5632,3667614.72,2956574.72,711040,2015-10-26,2015-10-26,2015-11-26,91c879af8752186e0b6b70d7a8285d96,2015-10-26,2015-10-26,2015-11-26
3851,131810891,M,2015-10-26,,111,Online,2,4627,219551.15,147092.33,72458.82,2015-10-26,2015-10-26,2015-12-03,24c71f07597992eed5c5fa72306b3f06,2015-10-26,2015-10-26,2015-12-03
3852,688569676,C,2015-10-27,,122,Online,3,1924,157248.52,109033.08,48215.44,2015-10-27,2015-10-27,2015-10-29,cf4cc046247103b437f6d82af0ef93b5,2015-10-27,2015-10-27,2015-10-29
3853,642953670,M,2015-10-27,,101,Offline,2,3134,148708.3,99629.86,49078.44,2015-10-27,2015-10-27,2015-12-09,05279f97e7ffb56bb5e31afe2785ea0b,2015-10-27,2015-10-27,2015-12-09
3854,177190864,L,2015-10-27,,74,Offline,5,3569,544558.02,347763.36,196794.66,2015-10-27,2015-10-27,2015-12-14,5186b18c798f774b91d3e2317ce00e21,2015-10-27,2015-10-27,2015-12-14
3855,605170142,L,2015-10-28,,103,Offline,3,2148,175556.04,121727.16,53828.88,2015-10-28,2015-10-28,2015-11-01,773730422db173c8dd2025865a590dcc,2015-10-28,2015-10-28,2015-11-01
3856,228592717,H,2015-10-30,,9,Offline,6,4520,696351.2,411003.6,285347.6,2015-10-30,2015-10-30,2015-11-03,886e21ef9a9b0a4266c50255657a9f2f,2015-10-30,2015-10-30,2015-11-03
3857,488316380,L,2015-10-31,,24,Online,1,2523,23539.59,17459.16,6080.43,2015-10-31,2015-10-31,2015-11-18,f5cd8d9f82d30a5e158a048ef340b481,2015-10-31,2015-10-31,2015-11-18
3858,635751616,H,2015-10-31,,119,Offline,12,1886,1260357.22,947790.44,312566.78,2015-10-31,2015-10-31,2015-12-14,4c237137ed7c8e73c45cac2ae97a6eae,2015-10-31,2015-10-31,2015-12-14
3859,772953689,M,2015-10-31,,13,Online,2,3028,143678.6,96260.12,47418.48,2015-10-31,2015-10-31,2015-12-19,d99ee6095e4d32586c41cf80ac356ae9,2015-10-31,2015-10-31,2015-12-19
3860,234496581,C,2015-11-01,,41,Online,9,1604,676711.56,584962.76,91748.8,2015-11-01,2015-11-01,2015-11-29,9b164221afb7970304cbc101ef367fc5,2015-11-01,2015-11-01,2015-11-29
3861,751897275,H,2015-11-01,,98,Online,4,1967,214953.76,70497.28,144456.48,2015-11-01,2015-11-01,2015-12-01,094ad915828bbc046e40ffd916f2db1c,2015-11-01,2015-11-01,2015-12-01
3862,221980750,C,2015-11-01,,21,Online,8,7892,2014669.76,1258142.64,756527.12,2015-11-01,2015-11-01,2015-12-03,f705fd5ee1f0931b123ba2a57c9f66e4,2015-11-01,2015-11-01,2015-12-03
3863,186597907,M,2015-11-01,,4,Online,11,7322,4768159.62,3843757.12,924402.5,2015-11-01,2015-11-01,2015-12-15,1c2c5e5aa5b94d0edc3f8740df5d4ce7,2015-11-01,2015-11-01,2015-12-15
3864,257245576,L,2015-11-01,,61,Online,10,3537,1546376.4,931398.21,614978.19,2015-11-01,2015-11-01,2015-12-16,99d0ec62a76e65661c9602a9b6b05fd5,2015-11-01,2015-11-01,2015-12-16
3865,918342292,H,2015-11-01,,166,Online,12,6747,4508817.69,3390637.38,1118180.31,2015-11-01,2015-11-01,2015-12-21,021df1eaa3ad4b6ddce96d4b181b94bf,2015-11-01,2015-11-01,2015-12-21
3866,140745866,C,2015-11-02,,59,Online,8,8684,2216851.52,1384403.28,832448.24,2015-11-02,2015-11-02,2015-12-06,ce4b058dd564d910b5bc964629e6f090,2015-11-02,2015-11-02,2015-12-06
3867,641537463,H,2015-11-02,,54,Online,11,4047,2635446.87,2124513.12,510933.75,2015-11-02,2015-11-02,2015-12-14,7f039e02dfc7c6d95a252f87991f1bd3,2015-11-02,2015-11-02,2015-12-14
3868,333915126,H,2015-11-02,,6,Offline,11,1761,1146780.81,924454.56,222326.25,2015-11-02,2015-11-02,2015-12-17,29bc372c335f773f215f001ecc55e980,2015-11-02,2015-11-02,2015-12-17
3869,481114327,M,2015-11-04,,108,Online,7,1276,262473.2,149432.36,113040.84,2015-11-04,2015-11-04,2015-11-24,6023717ecaca0c41dd69c481bac5d330,2015-11-04,2015-11-04,2015-11-24
3870,146413695,H,2015-11-05,,71,Offline,11,5921,3855814.41,3108288.16,747526.25,2015-11-05,2015-11-05,2015-11-11,97f7ae1fef7e4e64a0fc87fc34e92947,2015-11-05,2015-11-05,2015-11-11
3871,264842021,H,2015-11-05,,181,Online,5,1494,227954.52,145575.36,82379.16,2015-11-05,2015-11-05,2015-11-22,61cafd7544492624dbd7bc346610ba82,2015-11-05,2015-11-05,2015-11-22
3872,260630738,M,2015-11-05,,127,Online,10,5282,2309290.4,1390909.06,918381.34,2015-11-05,2015-11-05,2015-12-19,ac0dd872dd3e1353af59315e6dda89c4,2015-11-05,2015-11-05,2015-12-19
3873,385080945,M,2015-11-06,,43,Offline,10,2864,1252140.8,754177.12,497963.68,2015-11-06,2015-11-06,2015-11-07,5850c77b94e64c9f8532d7d57cda5814,2015-11-06,2015-11-06,2015-11-07
3874,110794818,M,2015-11-06,,61,Online,7,5504,1132172.8,644573.44,487599.36,2015-11-06,2015-11-06,2015-11-24,f291baf045dd6aedb322e4423da15b11,2015-11-06,2015-11-06,2015-11-24
3875,202262866,L,2015-11-06,,52,Offline,1,2932,27355.56,20289.44,7066.12,2015-11-06,2015-11-06,2015-12-14,dd023df70e3c18b63feb1195d0b16741,2015-11-06,2015-11-06,2015-12-14
3876,517953717,M,2015-11-07,,159,Offline,11,2870,1868972.7,1506635.2,362337.5,2015-11-07,2015-11-07,2015-11-14,4a2c1f4e30582bae9db2382a94557579,2015-11-07,2015-11-07,2015-11-14
3877,736272656,H,2015-11-07,,165,Offline,1,8296,77401.68,57408.32,19993.36,2015-11-07,2015-11-07,2015-12-12,a8c02b6c633086a4ffb9e8c9dfaa76f9,2015-11-07,2015-11-07,2015-12-12
3878,538538062,H,2015-11-08,,68,Offline,7,4235,871139.5,495960.85,375178.65,2015-11-08,2015-11-08,2015-12-03,22188ea314b48e747d92a9c8aace4daf,2015-11-08,2015-11-08,2015-12-03
3879,600763165,L,2015-11-09,,40,Online,3,8026,655964.98,454833.42,201131.56,2015-11-09,2015-11-09,2015-12-08,153195470c8d994a1f4bd63b2b9054ae,2015-11-09,2015-11-09,2015-12-08
3880,933299148,L,2015-11-09,,42,Offline,1,2813,26245.29,19465.96,6779.33,2015-11-09,2015-11-09,2015-12-23,65d03c32181687723e77556ac5e4152e,2015-11-09,2015-11-09,2015-12-23
3881,781416594,M,2015-11-09,,11,Offline,9,7390,3117767.1,2695059.1,422708,2015-11-09,2015-11-09,2015-12-23,c965da6f7eb4b5a1ad93dbbe9fd56cbc,2015-11-09,2015-11-09,2015-12-23
3882,861943376,C,2015-11-12,,177,Offline,1,7054,65813.82,48813.68,17000.14,2015-11-12,2015-11-12,2015-12-24,e75cc9b64183f5b9f7e88d565b4ea00e,2015-11-12,2015-11-12,2015-12-24
3883,841241014,M,2015-11-12,,109,Offline,1,765,7137.45,5293.8,1843.65,2015-11-12,2015-11-12,2015-12-31,977e36916594ab8c0932a5d49aa17747,2015-11-12,2015-11-12,2015-12-31
3884,728716552,H,2015-11-13,,3,Online,2,2276,107996.2,72354.04,35642.16,2015-11-13,2015-11-13,2015-11-24,c8ffca5d81e8f3d630464591da9fce2c,2015-11-13,2015-11-13,2015-11-24
3885,751465547,H,2015-11-14,,59,Offline,3,4209,344001.57,238524.03,105477.54,2015-11-14,2015-11-14,2015-12-12,c99e92ddb5be0029d988de1484353314,2015-11-14,2015-11-14,2015-12-12
3886,499810397,M,2015-11-14,,57,Online,5,3858,588653.64,375923.52,212730.12,2015-11-14,2015-11-14,2015-12-21,f2834b24eaa7955ea1602aadad4944ac,2015-11-14,2015-11-14,2015-12-21
3887,408460366,L,2015-11-14,,47,Online,8,1354,345649.12,215854.68,129794.44,2015-11-14,2015-11-14,2015-12-27,46ab7495c324adb72bf6222621de5815,2015-11-14,2015-11-14,2015-12-27
3888,986039531,H,2015-11-15,,51,Offline,7,9864,2029024.8,1155173.04,873851.76,2015-11-15,2015-11-15,2015-12-10,8480ee5490919a688012a852a99b1d40,2015-11-15,2015-11-15,2015-12-10
3889,780236423,H,2015-11-15,,9,Offline,4,8151,890741.28,292131.84,598609.44,2015-11-15,2015-11-15,2015-12-29,e69d2f85d78d4e330443bb81db11e07c,2015-11-15,2015-11-15,2015-12-29
3890,478872001,C,2015-11-15,,103,Offline,8,7721,1971016.88,1230881.82,740135.06,2015-11-15,2015-11-15,2015-12-29,cb8ee0b53879e0b712800c822afda8cc,2015-11-15,2015-11-15,2015-12-29
3891,522323358,H,2015-11-16,,26,Online,4,5944,649560.32,213032.96,436527.36,2015-11-16,2015-11-16,2015-11-20,f45e11b76195d48603cbb46af8667137,2015-11-16,2015-11-16,2015-11-20
3892,306169068,M,2015-11-16,,179,Online,5,1086,165701.88,105819.84,59882.04,2015-11-16,2015-11-16,2015-12-12,d680d53504c083c4b521a69661a08c55,2015-11-16,2015-11-16,2015-12-12
3893,586477077,L,2015-11-17,,72,Online,9,455,191959.95,165933.95,26026,2015-11-17,2015-11-17,2015-11-24,3513457236e6a9f9cc609b3de2fa0807,2015-11-17,2015-11-17,2015-11-24
3894,449275004,M,2015-11-18,,129,Online,1,9313,86890.29,64445.96,22444.33,2015-11-18,2015-11-18,2015-11-21,b557b10833c9241071c0822b0cb5fad6,2015-11-18,2015-11-18,2015-11-21
3895,214346969,M,2015-11-18,,92,Offline,3,8886,726252.78,503569.62,222683.16,2015-11-18,2015-11-18,2015-12-20,b2f8ef5ef9f17e712a0212e89bd273f8,2015-11-18,2015-11-18,2015-12-20
3896,765083873,L,2015-11-18,,87,Online,4,4175,456244,149632,306612,2015-11-18,2015-11-18,2016-01-05,12ed9c8ec952220d76fa0f94daddb61c,2015-11-18,2015-11-18,2016-01-05
3897,309908282,C,2015-11-18,,82,Offline,8,7602,1940638.56,1211910.84,728727.72,2015-11-18,2015-11-18,2016-01-07,6ea43be81e487d00bdda8fbd37112b0f,2015-11-18,2015-11-18,2016-01-07
3898,455178868,C,2015-11-19,,184,Offline,11,6397,4165790.37,3358169.12,807621.25,2015-11-19,2015-11-19,2015-12-15,62c396e98bb3760af5e0eda261bd0e5b,2015-11-19,2015-11-19,2015-12-15
3899,590098273,M,2015-11-20,,9,Offline,1,2047,19098.51,14165.24,4933.27,2015-11-20,2015-11-20,2015-11-26,ad80a04edb64a52faf0894ddac79c6bc,2015-11-20,2015-11-20,2015-11-26
3900,957899081,M,2015-11-20,,89,Online,7,2480,510136,290432.8,219703.2,2015-11-20,2015-11-20,2015-12-23,8353f088622562f8c6688243bf9c1499,2015-11-20,2015-11-20,2015-12-23
3901,953805816,H,2015-11-20,,67,Offline,5,1191,181722.78,116051.04,65671.74,2015-11-20,2015-11-20,2015-12-25,489c85b1d9e259238cedb543778f652c,2015-11-20,2015-11-20,2015-12-25
3902,234695279,C,2015-11-20,,128,Offline,9,403,170021.67,146970.07,23051.6,2015-11-20,2015-11-20,2016-01-09,c10c61af239b1d971c658d1a4f1735de,2015-11-20,2015-11-20,2016-01-09
3903,525472486,M,2015-11-21,,167,Online,8,7840,2001395.2,1249852.8,751542.4,2015-11-21,2015-11-21,2015-11-23,5250feea41fe2881f1194c18ded5d398,2015-11-21,2015-11-21,2015-11-23
3904,600095403,H,2015-11-22,,126,Offline,12,420,280673.4,211066.8,69606.6,2015-11-22,2015-11-22,2015-12-19,1b877b0bdae651d5552998d81c70c15b,2015-11-22,2015-11-22,2015-12-19
3905,794957244,M,2015-11-24,,14,Offline,12,4369,2919671.63,2195597.26,724074.37,2015-11-24,2015-11-24,2015-12-31,ae6afbe3d4a52f6588a21b86b4bf1b0c,2015-11-24,2015-11-24,2015-12-31
3906,757527768,M,2015-11-25,,52,Offline,11,8155,5310617.55,4281048.8,1029568.75,2015-11-25,2015-11-25,2015-12-19,70233ab5fcf3c933b469eafb22ae7d43,2015-11-25,2015-11-25,2015-12-19
3907,676292884,M,2015-11-25,,67,Online,11,8948,5827027.08,4697342.08,1129685,2015-11-25,2015-11-25,2015-12-21,eb297e8ef3acd7bc3c201ecaa4d6f71b,2015-11-25,2015-11-25,2015-12-21
3908,287671697,L,2015-11-25,,65,Offline,10,7303,3192871.6,1923098.99,1269772.61,2015-11-25,2015-11-25,2015-12-26,0a169c2dbbdb2dd8824dbb07be93f5c1,2015-11-25,2015-11-25,2015-12-26
3909,792792594,M,2015-11-25,,33,Offline,12,3801,2540094.27,1910154.54,629939.73,2015-11-25,2015-11-25,2016-01-02,580d7118ed72db238cc984861327a1c4,2015-11-25,2015-11-25,2016-01-02
3910,682314765,L,2015-11-26,,88,Offline,2,956,45362.2,30391.24,14970.96,2015-11-26,2015-11-26,2015-12-20,0be4319d9fdb331b85dd33e17fa260d2,2015-11-26,2015-11-26,2015-12-20
3911,819516837,C,2015-11-26,,66,Offline,10,2098,917245.6,552466.34,364779.26,2015-11-26,2015-11-26,2015-12-25,3d581fdbf9be4cf8e91e8676c42d581d,2015-11-26,2015-11-26,2015-12-25
3912,208365428,M,2015-11-27,,172,Offline,11,8815,5740416.15,4627522.4,1112893.75,2015-11-27,2015-11-27,2015-12-29,64d2ac27c12c9940271f68d774fbb959,2015-11-27,2015-11-27,2015-12-29
3913,245440852,L,2015-11-28,,147,Online,9,257,108425.73,93725.33,14700.4,2015-11-28,2015-11-28,2015-12-17,1aa05d60debef4e147e7c77cba2c0ec5,2015-11-28,2015-11-28,2015-12-17
3914,818926751,C,2015-11-29,,16,Online,6,7479,1152214.74,680065.47,472149.27,2015-11-29,2015-11-29,2015-12-02,81cb9b2362520ad7d2f92f99eee4414e,2015-11-29,2015-11-29,2015-12-02
3915,214033257,L,2015-11-29,,153,Offline,5,6052,923414.16,589706.88,333707.28,2015-11-29,2015-11-29,2015-12-03,eb328208485f6d73e7fb83c691885a4a,2015-11-29,2015-11-29,2015-12-03
3916,721318805,L,2015-11-29,,58,Offline,1,3118,29090.94,21576.56,7514.38,2015-11-29,2015-11-29,2015-12-09,4a0ae373af094bfc26b3b9919b04b377,2015-11-29,2015-11-29,2015-12-09
3917,488437402,M,2015-11-29,,173,Online,1,8336,77774.88,57685.12,20089.76,2015-11-29,2015-11-29,2015-12-12,fab13091ee2c337a89e127a7efa881c0,2015-11-29,2015-11-29,2015-12-12
3918,288656175,L,2015-11-30,,32,Offline,11,8632,5621244.72,4531454.72,1089790,2015-11-30,2015-11-30,2015-12-30,b3af39656198956b0ec13a01bb8eb18c,2015-11-30,2015-11-30,2015-12-30
3919,905947482,C,2015-11-30,,134,Online,7,8847,1819827.9,1036072.17,783755.73,2015-11-30,2015-11-30,2016-01-18,103bf0a5271d9fe3bef1efa7e4e0aa63,2015-11-30,2015-11-30,2016-01-18
3920,423575580,H,2015-12-01,,151,Offline,6,4282,659684.92,389362.26,270322.66,2015-12-01,2015-12-01,2015-12-10,67c02b51194fccb6bab4a70dec221b26,2015-12-01,2015-12-01,2015-12-10
3921,463169705,M,2015-12-01,,8,Offline,9,1063,448469.07,387665.47,60803.6,2015-12-01,2015-12-01,2015-12-22,95613ac8d5b4b3413ae1fbcff02eb8ce,2015-12-01,2015-12-01,2015-12-22
3922,934718358,H,2015-12-02,,138,Online,6,2789,429673.34,253603.77,176069.57,2015-12-02,2015-12-02,2015-12-16,87ff51f494d19a55cf37f57bf0df0381,2015-12-02,2015-12-02,2015-12-16
3923,631189286,M,2015-12-02,,22,Offline,3,1791,146378.43,101495.97,44882.46,2015-12-02,2015-12-02,2015-12-17,95b6ab1e70ed2d0eb489bc8ef65b1299,2015-12-02,2015-12-02,2015-12-17
3924,969983184,C,2015-12-02,,110,Online,9,8434,3558220.26,3075795.46,482424.8,2015-12-02,2015-12-02,2015-12-29,af40baa0669ed89891d4bb255e087946,2015-12-02,2015-12-02,2015-12-29
3925,427432811,H,2015-12-03,,118,Online,5,5722,873062.76,557551.68,315511.08,2015-12-03,2015-12-03,2015-12-11,6dc11ae2a94cffbb51a3941a7ddf6fc1,2015-12-03,2015-12-03,2015-12-11
3926,447899138,H,2015-12-04,,70,Online,10,2163,945663.6,569582.79,376080.81,2015-12-04,2015-12-04,2015-12-05,12f4200050f9a5e8a6fe5b3cfdf68cd4,2015-12-04,2015-12-04,2015-12-05
3927,115363156,H,2015-12-04,,155,Offline,11,7376,4803324.96,3872104.96,931220,2015-12-04,2015-12-04,2016-01-10,3addbd4742f147dcf737c98f0ca2ca94,2015-12-04,2015-12-04,2016-01-10
3928,863480603,C,2015-12-05,,149,Offline,12,1954,1305799.58,981963.16,323836.42,2015-12-05,2015-12-05,2016-01-12,377aebbabb0791ab7698d6052660a1ab,2015-12-05,2015-12-05,2016-01-12
3929,559951531,H,2015-12-05,,21,Offline,2,956,45362.2,30391.24,14970.96,2015-12-05,2015-12-05,2016-01-13,48976a8209427dbaa03cc733ae243a40,2015-12-05,2015-12-05,2016-01-13
3931,498946940,C,2015-12-09,,32,Offline,9,8342,3519406.38,3042243.98,477162.4,2015-12-09,2015-12-09,2016-01-11,93710cbf9aac7e45a62365fd6bcd753f,2015-12-09,2015-12-09,2016-01-11
3932,108161103,C,2015-12-09,,173,Offline,1,6129,57183.57,42412.68,14770.89,2015-12-09,2015-12-09,2016-01-17,5e507007e80a4703a748c964c8652ab3,2015-12-09,2015-12-09,2016-01-17
3933,627490413,M,2015-12-10,,57,Offline,4,7212,788127.36,258478.08,529649.28,2015-12-10,2015-12-10,2016-01-19,501c753ffa5c05e0ec16d9aa8cbac6c3,2015-12-10,2015-12-10,2016-01-19
3934,425780570,L,2015-12-11,,60,Online,12,6787,4535548.49,3410738.98,1124809.51,2015-12-11,2015-12-11,2015-12-18,4b7ee40dd7f48e4aaeae61d3bff09a6b,2015-12-11,2015-12-11,2015-12-18
3935,163892257,C,2015-12-11,,2,Offline,4,8216,897844.48,294461.44,603383.04,2015-12-11,2015-12-11,2016-01-25,ba84f8ee6046df7836f2259f0c7e690b,2015-12-11,2015-12-11,2016-01-25
3936,151376426,C,2015-12-11,,21,Offline,10,4503,1968711.6,1185774.99,782936.61,2015-12-11,2015-12-11,2016-01-29,744c8b92263118614d9a541a77a9dedc,2015-12-11,2015-12-11,2016-01-29
3937,750012004,L,2015-12-11,,76,Online,11,4074,2653029.54,2138687.04,514342.5,2015-12-11,2015-12-11,2016-01-30,125594d3cbc7a9556dd4a47b92fda9d2,2015-12-11,2015-12-11,2016-01-30
3938,402677524,C,2015-12-12,,117,Offline,5,82,12511.56,7990.08,4521.48,2015-12-12,2015-12-12,2015-12-27,567741ed4754cf2eebd89d7185994254,2015-12-12,2015-12-12,2015-12-27
3939,968094909,H,2015-12-12,,13,Online,3,9652,788857.96,546978.84,241879.12,2015-12-12,2015-12-12,2016-01-07,902728ec5b75491795db005f32032f1a,2015-12-12,2015-12-12,2016-01-07
3940,225763309,L,2015-12-13,,3,Online,7,7235,1488239.5,847290.85,640948.65,2015-12-13,2015-12-13,2016-01-06,3685f62f1c1eec6b0f56b7acbef345ac,2015-12-13,2015-12-13,2016-01-06
3941,315066707,L,2015-12-13,,85,Offline,1,4095,38206.35,28337.4,9868.95,2015-12-13,2015-12-13,2016-01-26,fdec5c5b19d93854c135da88acf503c0,2015-12-13,2015-12-13,2016-01-26
3942,828610169,C,2015-12-13,,130,Offline,8,3018,770435.04,481129.56,289305.48,2015-12-13,2015-12-13,2016-01-30,c8634435e1d4f68cc904cdc150a06c32,2015-12-13,2015-12-13,2016-01-30
3943,504024684,H,2015-12-14,,155,Online,7,959,197266.3,112308.49,84957.81,2015-12-14,2015-12-14,2016-01-14,8a44a6f721d15f61309c31b03d19f470,2015-12-14,2015-12-14,2016-01-14
3944,645083987,L,2015-12-16,,89,Online,5,3542,540438.36,345132.48,195305.88,2015-12-16,2015-12-16,2016-01-19,3f42198d6d13dc876978bdabcab7110f,2015-12-16,2015-12-16,2016-01-19
3945,653152501,M,2015-12-17,,167,Offline,2,1194,56655.3,37957.26,18698.04,2015-12-17,2015-12-17,2015-12-22,1aaf61fc6d402ddaf4c2d9b417b5f112,2015-12-17,2015-12-17,2015-12-22
3946,696839892,C,2015-12-17,,167,Offline,11,9264,6032809.44,4863229.44,1169580,2015-12-17,2015-12-17,2016-01-02,b5c59f6d12e9e16b9bf1fc1bec1a9e75,2015-12-17,2015-12-17,2016-01-02
3947,611629760,H,2015-12-17,,2,Offline,9,3693,1558039.77,1346800.17,211239.6,2015-12-17,2015-12-17,2016-01-31,f2b1d7f894932eed31bd35002baaa833,2015-12-17,2015-12-17,2016-01-31
3949,769180142,C,2015-12-19,,116,Online,12,6352,4244851.04,3192134.08,1052716.96,2015-12-19,2015-12-19,2016-01-04,fd7b4026ce553d9e4a4f8968e4e9e22b,2015-12-19,2015-12-19,2016-01-04
3950,725374734,C,2015-12-19,,170,Online,5,3358,512363.64,327203.52,185160.12,2015-12-19,2015-12-19,2016-01-19,84fe8105ff5dd4938293e315efcc69cd,2015-12-19,2015-12-19,2016-01-19
3952,820936048,H,2015-12-20,,38,Online,1,2074,19350.42,14352.08,4998.34,2015-12-20,2015-12-20,2016-02-08,f97db921ce11a40163eb8c58fd8ae902,2015-12-20,2015-12-20,2016-02-08
3953,737418496,H,2015-12-21,,131,Online,2,7375,349943.75,234451.25,115492.5,2015-12-21,2015-12-21,2016-01-17,5f145a746ca506a06d8f385b5655f5b2,2015-12-21,2015-12-21,2016-01-17
3954,870173251,M,2015-12-23,,94,Online,4,2457,268500.96,88058.88,180442.08,2015-12-23,2015-12-23,2015-12-30,bf9cd6589c35e0a3de5dabd4d3ec931d,2015-12-23,2015-12-23,2015-12-30
3955,510558974,H,2015-12-23,,99,Online,11,4601,2996217.21,2415340.96,580876.25,2015-12-23,2015-12-23,2016-01-19,7a0d2745ddd3d91af81050280d9cbc10,2015-12-23,2015-12-23,2016-01-19
3956,323293578,H,2015-12-24,,94,Online,7,8609,1770871.3,1008199.99,762671.31,2015-12-24,2015-12-24,2016-02-02,f554a40aa722ff566d5abd10ddade9e8,2015-12-24,2015-12-24,2016-02-02
3957,497689092,M,2015-12-25,,179,Online,4,6117,668465.76,219233.28,449232.48,2015-12-25,2015-12-25,2015-12-31,160a5eeabadd0b030acf335d495d3e7a,2015-12-25,2015-12-25,2015-12-31
3958,460141599,L,2015-12-25,,10,Online,10,4979,2176818.8,1311120.07,865698.73,2015-12-25,2015-12-25,2016-01-12,1e0892a338c7f6d2d954aeaa10edcad9,2015-12-25,2015-12-25,2016-01-12
3959,501900374,H,2015-12-25,,124,Online,11,2329,1516668.09,1222631.84,294036.25,2015-12-25,2015-12-25,2016-01-24,7e6f549ae74aa9d6c9766242bca6805d,2015-12-25,2015-12-25,2016-01-24
3960,628515231,L,2015-12-25,,91,Online,6,479,73794.74,43555.47,30239.27,2015-12-25,2015-12-25,2016-02-01,4c6e40db5ef7a9f3114a48837d91bcdd,2015-12-25,2015-12-25,2016-02-01
3961,555702912,H,2015-12-26,,93,Online,3,3696,302074.08,209452.32,92621.76,2015-12-26,2015-12-26,2016-02-01,64bb5ceedd8006ed8e857e18202424c5,2015-12-26,2015-12-26,2016-02-01
3962,736356341,L,2015-12-27,,29,Online,3,3060,250093.8,173410.2,76683.6,2015-12-27,2015-12-27,2015-12-28,625a599da1ccda4b99561c510205ec98,2015-12-27,2015-12-27,2015-12-28
3963,370484149,C,2015-12-27,,185,Online,2,3348,158862.6,106432.92,52429.68,2015-12-27,2015-12-27,2016-01-19,453c964aae46b6986e3452b8b0f2dabd,2015-12-27,2015-12-27,2016-01-19
3964,648745524,L,2015-12-28,,14,Online,2,7072,335566.4,224818.88,110747.52,2015-12-28,2015-12-28,2016-01-27,02860e788a333c6a2d6491f7e0dd9e63,2015-12-28,2015-12-28,2016-01-27
3965,162280356,M,2015-12-29,,64,Offline,5,1219,185995.02,118779.36,67215.66,2015-12-29,2015-12-29,2016-02-10,9a1f6206f44f0ee4b6d08c60bad882b7,2015-12-29,2015-12-29,2016-02-10
3966,469548642,M,2015-12-30,,183,Offline,4,8732,954232.96,312954.88,641278.08,2015-12-30,2015-12-30,2016-01-13,76ba62899f0c654f13d84fcbea9484d1,2015-12-30,2015-12-30,2016-01-13
3967,359424865,L,2015-12-30,,146,Offline,10,660,288552,173797.8,114754.2,2015-12-30,2015-12-30,2016-01-25,d76123fee5ea183505353f52ca6b35e8,2015-12-30,2015-12-30,2016-01-25
3968,167712152,L,2016-01-01,,128,Offline,9,8607,3631207.23,3138886.83,492320.4,2016-01-01,2016-01-01,2016-01-16,2e266aad26c2c0e0646c57c583a51391,2016-01-01,2016-01-01,2016-01-16
3969,182274615,H,2016-01-01,,8,Online,12,7964,5322102.28,4002228.56,1319873.72,2016-01-01,2016-01-01,2016-02-05,d5ab6b3406278707e68f4919aa3c3054,2016-01-01,2016-01-01,2016-02-05
3970,410590684,C,2016-01-03,,129,Online,2,1762,83606.9,56013.98,27592.92,2016-01-03,2016-01-03,2016-02-06,205deeed799c5461a8a9d9c4f265f25c,2016-01-03,2016-01-03,2016-02-06
3971,152559602,H,2016-01-04,,77,Online,9,4631,1953772.59,1688879.39,264893.2,2016-01-04,2016-01-04,2016-01-23,212029323ff17517cce8e8762a8ec03a,2016-01-04,2016-01-04,2016-01-23
3972,894655168,M,2016-01-04,,96,Offline,1,7200,67176,49824,17352,2016-01-04,2016-01-04,2016-01-26,a82bc4b211cb5ebd23ee19e047e415f5,2016-01-04,2016-01-04,2016-01-26
3973,743008649,H,2016-01-04,,49,Online,1,1625,15161.25,11245,3916.25,2016-01-04,2016-01-04,2016-01-27,5a0d4e563fb71569d228468d424376af,2016-01-04,2016-01-04,2016-01-27
3974,264966046,C,2016-01-04,,99,Online,11,8196,5337317.16,4302572.16,1034745,2016-01-04,2016-01-04,2016-02-05,8c05f50b8b003f652dab0f71b0bede0d,2016-01-04,2016-01-04,2016-02-05
3975,750959146,M,2016-01-05,,140,Online,8,4354,1111489.12,694114.68,417374.44,2016-01-05,2016-01-05,2016-01-25,09314c7a428f2b4cec2bb8175188408b,2016-01-05,2016-01-05,2016-01-25
3976,233440434,M,2016-01-05,,180,Offline,11,9067,5904521.07,4759812.32,1144708.75,2016-01-05,2016-01-05,2016-02-17,d20f43c0b68c476b05247b3ced3dddbe,2016-01-05,2016-01-05,2016-02-17
3977,684050691,L,2016-01-07,,77,Offline,11,4655,3031382.55,2443688.8,587693.75,2016-01-07,2016-01-07,2016-02-18,87e2986b6294fe2d9af2adc9a4191cf4,2016-01-07,2016-01-07,2016-02-18
3978,976874530,L,2016-01-08,,47,Online,3,7737,632345.01,438455.79,193889.22,2016-01-08,2016-01-08,2016-01-27,4730a29d9175c03274fd9e04e3d403de,2016-01-08,2016-01-08,2016-01-27
3979,918860709,C,2016-01-08,,121,Online,12,158,105586.66,79401.32,26185.34,2016-01-08,2016-01-08,2016-02-16,f556d08c96b7d403f2180c67ceb3ea8f,2016-01-08,2016-01-08,2016-02-16
3980,425901591,H,2016-01-09,,22,Offline,12,2600,1737502,1306604,430898,2016-01-09,2016-01-09,2016-01-11,2e5a46079a305f3502df60dff8e6b72d,2016-01-09,2016-01-09,2016-01-11
3981,348996007,M,2016-01-09,,131,Offline,12,4529,3026594.83,2276003.66,750591.17,2016-01-09,2016-01-09,2016-01-12,d2cb3be8224ae88f1de66f908b7c84c1,2016-01-09,2016-01-09,2016-01-12
3982,118397271,C,2016-01-09,,102,Online,8,5238,1337156.64,835041.96,502114.68,2016-01-09,2016-01-09,2016-02-08,76ec400179bc30a635e1f9019e3eec2d,2016-01-09,2016-01-09,2016-02-08
3983,980849778,M,2016-01-09,,57,Online,11,4101,2670612.21,2152860.96,517751.25,2016-01-09,2016-01-09,2016-02-21,1111eba89c07bbd14142081efd77f78c,2016-01-09,2016-01-09,2016-02-21
3984,429994857,M,2016-01-10,,53,Online,2,3888,184485.6,123599.52,60886.08,2016-01-10,2016-01-10,2016-01-11,b4b1e20f458c71c44075f5b11f6df6ff,2016-01-10,2016-01-10,2016-01-11
3985,122372519,L,2016-01-10,,28,Offline,2,1603,76062.35,50959.37,25102.98,2016-01-10,2016-01-10,2016-01-13,85aa7218ea425943a61e2ab70f78a062,2016-01-10,2016-01-10,2016-01-13
3986,700069701,L,2016-01-10,,185,Offline,6,5037,776000.22,458014.41,317985.81,2016-01-10,2016-01-10,2016-01-21,9b4eea7888bbf7a99b5f45400c41198f,2016-01-10,2016-01-10,2016-01-21
3987,583451974,H,2016-01-11,,127,Offline,5,5260,802570.8,512534.4,290036.4,2016-01-11,2016-01-11,2016-02-05,7b6af090f6052e927fa3d5420b0e8dde,2016-01-11,2016-01-11,2016-02-05
3988,273901021,H,2016-01-11,,9,Online,9,2254,950940.06,822011.26,128928.8,2016-01-11,2016-01-11,2016-02-08,f03a08994abe56c8942ff7360f2fd826,2016-01-11,2016-01-11,2016-02-08
3989,593921172,M,2016-01-11,,67,Online,12,3328,2224002.56,1672453.12,551549.44,2016-01-11,2016-01-11,2016-02-27,2cb0cff9472be6dce694c49f27cc779d,2016-01-11,2016-01-11,2016-02-27
3990,182078921,H,2016-01-12,,118,Offline,1,54,503.82,373.68,130.14,2016-01-12,2016-01-12,2016-02-14,6115c2c20e09e4ada215838862b5ed4d,2016-01-12,2016-01-12,2016-02-14
3991,589237821,H,2016-01-13,,41,Online,3,7420,606436.6,420491.4,185945.2,2016-01-13,2016-01-13,2016-02-04,fdbd461a51f8935232207f593274caf4,2016-01-13,2016-01-13,2016-02-04
3992,394021928,C,2016-01-13,,175,Offline,9,8699,3670021.11,3172438.31,497582.8,2016-01-13,2016-01-13,2016-02-20,d0182de50734157f05227179c30919e7,2016-01-13,2016-01-13,2016-02-20
3993,753282153,M,2016-01-14,,95,Online,4,1784,194955.52,63938.56,131016.96,2016-01-14,2016-01-14,2016-02-26,f7174fefb7508ce3f0d64069e85722dd,2016-01-14,2016-01-14,2016-02-26
3994,206520497,C,2016-01-15,,151,Online,11,2859,1861809.39,1500860.64,360948.75,2016-01-15,2016-01-15,2016-03-05,2e42e5198b627cca790906f2352dfaca,2016-01-15,2016-01-15,2016-03-05
3995,983644855,C,2016-01-16,,17,Online,12,1226,819299.02,616114.04,203184.98,2016-01-16,2016-01-16,2016-01-31,5a165f5e8d69f3dd4b48519f3066c215,2016-01-16,2016-01-16,2016-01-31
3996,127332246,M,2016-01-16,,17,Online,7,9296,1912187.2,1088654.56,823532.64,2016-01-16,2016-01-16,2016-02-11,fc8d6a02ca313abc2a261585e7b185b4,2016-01-16,2016-01-16,2016-02-11
3997,403665006,C,2016-01-16,,18,Offline,5,2300,350934,224112,126822,2016-01-16,2016-01-16,2016-02-19,b58be6746accc462fab738b5e9420cdb,2016-01-16,2016-01-16,2016-02-19
3998,767490565,H,2016-01-16,,101,Online,4,6368,695895.04,228229.12,467665.92,2016-01-16,2016-01-16,2016-02-23,16cbc61f0d9a9288f2aaf359cafdc8a9,2016-01-16,2016-01-16,2016-02-23
3999,682162415,C,2016-01-16,,26,Offline,9,5873,2477759.97,2141824.37,335935.6,2016-01-16,2016-01-16,2016-02-26,aff7b60f6121ec30a0288c15139982cf,2016-01-16,2016-01-16,2016-02-26
4000,357930982,C,2016-01-16,,163,Offline,4,8586,938278.08,307722.24,630555.84,2016-01-16,2016-01-16,2016-03-05,20bc9652843be0cbd6cc425a477f8182,2016-01-16,2016-01-16,2016-03-05
4001,584436452,H,2016-01-17,,173,Online,7,6588,1355151.6,771520.68,583630.92,2016-01-17,2016-01-17,2016-02-09,0baa9aaf55d148725bbe0ec7ef46d59d,2016-01-17,2016-01-17,2016-02-09
4002,839712798,L,2016-01-18,,97,Offline,12,8532,5701679.64,4287671.28,1414008.36,2016-01-18,2016-01-18,2016-01-31,d2acffc4479bb213bd3c0498781064c9,2016-01-18,2016-01-18,2016-01-31
4003,434246480,M,2016-01-19,,183,Offline,5,2038,310958.04,198582.72,112375.32,2016-01-19,2016-01-19,2016-02-11,6b834f0f2a25e41e1730bd3ee69b2f82,2016-01-19,2016-01-19,2016-02-11
4004,149609172,C,2016-01-19,,16,Online,1,1533,14302.89,10608.36,3694.53,2016-01-19,2016-01-19,2016-03-02,288c590c1d5f6ff15d40a143a442579c,2016-01-19,2016-01-19,2016-03-02
4005,554721438,H,2016-01-20,,28,Offline,2,3256,154497.2,103508.24,50988.96,2016-01-20,2016-01-20,2016-01-28,a17741cb63ca8e6cb45229bb16c1dc07,2016-01-20,2016-01-20,2016-01-28
4006,537994325,M,2016-01-20,,12,Offline,5,3331,508243.98,324572.64,183671.34,2016-01-20,2016-01-20,2016-02-28,81148972059c853ed6cfe8f4c6dff7e8,2016-01-20,2016-01-20,2016-02-28
4007,396462953,L,2016-01-21,,138,Offline,3,1053,86061.69,59673.51,26388.18,2016-01-21,2016-01-21,2016-02-26,0fb27c468e69fabc86ee04777deb7567,2016-01-21,2016-01-21,2016-02-26
4008,149137103,M,2016-01-21,,136,Offline,4,1838,200856.64,65873.92,134982.72,2016-01-21,2016-01-21,2016-03-04,bb809ae0bd62b44c201cd83a33350236,2016-01-21,2016-01-21,2016-03-04
4009,560389268,M,2016-01-22,,137,Offline,6,492,75797.52,44737.56,31059.96,2016-01-22,2016-01-22,2016-02-22,fb988397c109ad5a55b852af922a3681,2016-01-22,2016-01-22,2016-02-22
4010,447982823,L,2016-01-23,,102,Offline,11,6927,4510931.67,3636397.92,874533.75,2016-01-23,2016-01-23,2016-02-10,ecb4d76b5db85bb04d122a0ace3c6232,2016-01-23,2016-01-23,2016-02-10
4011,264928710,L,2016-01-24,,164,Offline,4,7147,781024.16,256148.48,524875.68,2016-01-24,2016-01-24,2016-01-27,4fd1d56f7528be70194449181f71e7b0,2016-01-24,2016-01-24,2016-01-27
4012,242061698,H,2016-01-24,,159,Online,4,290,31691.2,10393.6,21297.6,2016-01-24,2016-01-24,2016-02-04,9c39fcd5787e38208eb504e153a87849,2016-01-24,2016-01-24,2016-02-04
4013,510207927,M,2016-01-24,,85,Offline,2,718,34069.1,22825.22,11243.88,2016-01-24,2016-01-24,2016-02-15,03fff54c5b8420e22494530ee0c448a3,2016-01-24,2016-01-24,2016-02-15
4014,295982253,L,2016-01-24,,109,Offline,6,6581,1013868.86,598410.33,415458.53,2016-01-24,2016-01-24,2016-03-08,4d9b5172c072b51f960a387da5dbfde6,2016-01-24,2016-01-24,2016-03-08
4015,611791121,C,2016-01-25,,155,Offline,5,1443,220172.94,140605.92,79567.02,2016-01-25,2016-01-25,2016-03-03,a5f057b65e023b56077b3b28db3e4ac1,2016-01-25,2016-01-25,2016-03-03
4016,761509025,H,2016-01-25,,44,Offline,3,6298,514735.54,356907.66,157827.88,2016-01-25,2016-01-25,2016-03-03,68c2d7cfc7c87077d9588623c7dfe171,2016-01-25,2016-01-25,2016-03-03
4017,667758309,H,2016-01-26,,83,Offline,7,3378,694854.6,395597.58,299257.02,2016-01-26,2016-01-26,2016-03-11,29bc247518cce38254c6857ddfc44974,2016-01-26,2016-01-26,2016-03-11
4018,603014504,M,2016-01-27,,64,Online,9,4247,1791766.83,1548838.43,242928.4,2016-01-27,2016-01-27,2016-02-11,9d63c1ed8d83373bf5433fa7e8a276f0,2016-01-27,2016-01-27,2016-02-11
4019,133276450,H,2016-01-27,,185,Online,3,8318,679830.14,471381.06,208449.08,2016-01-27,2016-01-27,2016-03-15,c602da1f4987646ac2e90e7e20c4d0e9,2016-01-27,2016-01-27,2016-03-15
4020,966604030,M,2016-01-28,,126,Online,4,8467,925273.76,303457.28,621816.48,2016-01-28,2016-01-28,2016-02-16,b377e9b6d20d3fe24c24c95c9a1a1b93,2016-01-28,2016-01-28,2016-02-16
4021,228365695,H,2016-01-30,,48,Online,9,7339,3096250.71,2676459.91,419790.8,2016-01-30,2016-01-30,2016-02-14,494044cca45ee607cd5d817ef9f6de49,2016-01-30,2016-01-30,2016-02-14
4022,704361665,C,2016-01-30,,91,Online,12,5124,3424215.48,2575014.96,849200.52,2016-01-30,2016-01-30,2016-03-01,a737e22978de71ae8eb1dd8be3685e4a,2016-01-30,2016-01-30,2016-03-01
4023,976601159,M,2016-01-30,,56,Online,7,6840,1406988,801032.4,605955.6,2016-01-30,2016-01-30,2016-03-11,2b798deb239090dbf34b12d31e52725d,2016-01-30,2016-01-30,2016-03-11
4024,394456660,H,2016-01-31,,140,Online,1,7346,68538.18,50834.32,17703.86,2016-01-31,2016-01-31,2016-02-09,9fce77643a7a8c5feeea6eefa7f85c0d,2016-01-31,2016-01-31,2016-02-09
4025,425628221,C,2016-01-31,,106,Offline,10,1704,744988.8,448714.32,296274.48,2016-01-31,2016-01-31,2016-02-24,1dc2709f82ddbec71ec8ca82dc9d5417,2016-01-31,2016-01-31,2016-02-24
4026,995138871,M,2016-01-31,,110,Offline,10,2561,1119669.2,674388.13,445281.07,2016-01-31,2016-01-31,2016-03-05,929d9051e977d40e268a213ee5fc3f8c,2016-01-31,2016-01-31,2016-03-05
4027,624937379,H,2016-02-01,,143,Offline,3,1713,140003.49,97075.71,42927.78,2016-02-01,2016-02-01,2016-02-08,cd11577f56e16d284f5155e4c9e9137c,2016-02-01,2016-02-01,2016-02-08
4028,980340373,L,2016-02-01,,7,Offline,1,3357,31320.81,23230.44,8090.37,2016-02-01,2016-02-01,2016-02-15,a6eab6ee60b2f36c84185b5a1f8f0b66,2016-02-01,2016-02-01,2016-02-15
4029,872145211,C,2016-02-01,,89,Offline,8,6004,1532701.12,957157.68,575543.44,2016-02-01,2016-02-01,2016-02-26,3f98f1cc0349e0f8f28bcfaa04a43829,2016-02-01,2016-02-01,2016-02-26
4030,157127940,C,2016-02-01,,41,Offline,2,6504,308614.8,206762.16,101852.64,2016-02-01,2016-02-01,2016-03-11,62e3d5b0478e19e50c5681909f1d6304,2016-02-01,2016-02-01,2016-03-11
4031,560311591,H,2016-02-02,,68,Online,6,7506,1156374.36,682520.58,473853.78,2016-02-02,2016-02-02,2016-02-05,24c4a4be5f6a83c269a2629877c16a6f,2016-02-02,2016-02-02,2016-02-05
4032,836644351,L,2016-02-02,,102,Offline,8,510,130192.8,81304.2,48888.6,2016-02-02,2016-02-02,2016-02-13,c686b3ffaa5f5faac5df15019ac4df85,2016-02-02,2016-02-02,2016-02-13
4033,478840672,L,2016-02-04,,134,Online,3,8451,690700.23,478918.17,211782.06,2016-02-04,2016-02-04,2016-02-09,2615d3f9ed0ed2f0df3660b449fb1949,2016-02-04,2016-02-04,2016-02-09
4034,788509643,H,2016-02-04,,174,Online,1,6381,59534.73,44156.52,15378.21,2016-02-04,2016-02-04,2016-03-03,fe504c775edd9b2acaa518c78a89515b,2016-02-04,2016-02-04,2016-03-03
4035,476794040,H,2016-02-04,,54,Online,2,2807,133192.15,89234.53,43957.62,2016-02-04,2016-02-04,2016-03-07,9f5a96c8c961124a704e527b34d809f3,2016-02-04,2016-02-04,2016-03-07
4036,888164222,C,2016-02-04,,86,Offline,2,6385,302968.25,202979.15,99989.1,2016-02-04,2016-02-04,2016-03-20,1031d7cce23ce263263caa1d9661da20,2016-02-04,2016-02-04,2016-03-20
4037,846405446,M,2016-02-05,,57,Offline,12,9035,6037819.45,4540448.9,1497370.55,2016-02-05,2016-02-05,2016-03-09,603599b392499196d459a7afc23a6f14,2016-02-05,2016-02-05,2016-03-09
4038,914770448,L,2016-02-06,,126,Online,7,9759,2007426.3,1142876.49,864549.81,2016-02-06,2016-02-06,2016-02-16,8a841a423ea8d525aa7a63d5520a9893,2016-02-06,2016-02-06,2016-02-16
4039,546969640,C,2016-02-06,,121,Offline,1,9326,87011.58,64535.92,22475.66,2016-02-06,2016-02-06,2016-03-10,93f3cd525ecdb76d1583bc13baddab33,2016-02-06,2016-02-06,2016-03-10
4040,650599467,H,2016-02-07,,44,Offline,4,5695,622349.6,204108.8,418240.8,2016-02-07,2016-02-07,2016-03-01,27c4510d73ada8da4072aee110eea5a1,2016-02-07,2016-02-07,2016-03-01
4041,993368613,H,2016-02-08,,88,Offline,3,8702,711214.46,493142.34,218072.12,2016-02-08,2016-02-08,2016-02-16,42926ace622114b36dd7f40ef480c812,2016-02-08,2016-02-08,2016-02-16
4042,571057164,C,2016-02-10,,19,Online,1,7360,68668.8,50931.2,17737.6,2016-02-10,2016-02-10,2016-03-05,77300a0cdadf27da34097d5431f8e15b,2016-02-10,2016-02-10,2016-03-05
4043,335657060,M,2016-02-13,,143,Online,10,7238,3164453.6,1905982.54,1258471.06,2016-02-13,2016-02-13,2016-02-15,c25c4117fef31a0f9b541791611b5b29,2016-02-13,2016-02-13,2016-02-15
4044,287758386,H,2016-02-13,,57,Online,7,2956,608049.2,346177.16,261872.04,2016-02-13,2016-02-13,2016-03-02,c748b393bc9b99339fd3ded284b525e0,2016-02-13,2016-02-13,2016-03-02
4045,208806169,L,2016-02-13,,183,Online,11,9240,6017180.4,4850630.4,1166550,2016-02-13,2016-02-13,2016-03-29,f4cd2d9724b5d12277f9ad9085740c4e,2016-02-13,2016-02-13,2016-03-29
4047,268866622,H,2016-02-14,,12,Offline,2,2463,116869.35,78298.77,38570.58,2016-02-14,2016-02-14,2016-04-04,2be8a08be71f8aac9b6387fae79ff367,2016-02-14,2016-02-14,2016-04-04
4048,684330070,H,2016-02-15,,100,Offline,10,7330,3204676,1930208.9,1274467.1,2016-02-15,2016-02-15,2016-02-25,5788476ae3b91d70145e0a843554ed88,2016-02-15,2016-02-15,2016-02-25
4049,148155629,M,2016-02-15,,63,Offline,7,1398,287568.6,163719.78,123848.82,2016-02-15,2016-02-15,2016-02-29,03e79dd12dd48ea701e15bd29d09cbbe,2016-02-15,2016-02-15,2016-02-29
4050,461917865,C,2016-02-15,,140,Offline,8,616,157252.48,98202.72,59049.76,2016-02-15,2016-02-15,2016-03-21,20a3a2aa3129711dab4b46480580f1ee,2016-02-15,2016-02-15,2016-03-21
4051,461445796,L,2016-02-17,,33,Online,3,920,75191.6,52136.4,23055.2,2016-02-17,2016-02-17,2016-03-22,f17d2134ee95e6a8963f20adf76445a7,2016-02-17,2016-02-17,2016-03-22
4052,791817128,M,2016-02-18,,77,Online,1,5139,47946.87,35561.88,12384.99,2016-02-18,2016-02-18,2016-04-08,2a803fefba112e162599eca542fbc852,2016-02-18,2016-02-18,2016-04-08
4054,217859160,L,2016-02-19,,164,Offline,2,8222,390133.9,261377.38,128756.52,2016-02-19,2016-02-19,2016-03-05,91836559a259d615a0ea5f41478a5d86,2016-02-19,2016-02-19,2016-03-05
4055,118086564,M,2016-02-19,,108,Online,5,3293,502445.94,320869.92,181576.02,2016-02-19,2016-02-19,2016-03-13,201b4a27ef29acbdf9eb7c5dbd8b8e67,2016-02-19,2016-02-19,2016-03-13
4056,777018630,L,2016-02-19,,172,Online,6,5935,914346.1,539669.55,374676.55,2016-02-19,2016-02-19,2016-03-19,b6bb3c92fa617aa1e426abc30611ac94,2016-02-19,2016-02-19,2016-03-19
4057,612856280,L,2016-02-19,,73,Offline,5,6647,1014199.26,647683.68,366515.58,2016-02-19,2016-02-19,2016-03-24,6a0e9ff0e3c37ee793493684ced27387,2016-02-19,2016-02-19,2016-03-24
4058,136624276,L,2016-02-20,,139,Offline,2,9014,427714.3,286555.06,141159.24,2016-02-20,2016-02-20,2016-03-08,2143c8bc3e6a474b62eee06e5a2137e3,2016-02-20,2016-02-20,2016-03-08
4059,645956456,H,2016-02-20,,172,Offline,8,1725,440358,274999.5,165358.5,2016-02-20,2016-02-20,2016-04-08,28ae6115870805c69ea788c824277c29,2016-02-20,2016-02-20,2016-04-08
4060,290317428,M,2016-02-21,,23,Online,9,233,98300.37,84972.77,13327.6,2016-02-21,2016-02-21,2016-04-02,b37ea26f070fcf9a79540c27f13db42a,2016-02-21,2016-02-21,2016-04-02
4061,175510299,H,2016-02-23,,8,Online,5,6252,953930.16,609194.88,344735.28,2016-02-23,2016-02-23,2016-03-23,8fa777eb0f7e5c61552f4ab39c0c416c,2016-02-23,2016-02-23,2016-03-23
4062,591209781,M,2016-02-23,,19,Online,5,967,147544.86,94224.48,53320.38,2016-02-23,2016-02-23,2016-04-03,04c6abf91c3c65af948b3c394952ef75,2016-02-23,2016-02-23,2016-04-03
4063,193811976,C,2016-02-25,,178,Online,10,2126,929487.2,559839.58,369647.62,2016-02-25,2016-02-25,2016-03-18,44a405fa1f585c98b1f9cff76f488ed8,2016-02-25,2016-02-25,2016-03-18
4064,935907542,M,2016-02-25,,167,Offline,2,4695,222777.75,149254.05,73523.7,2016-02-25,2016-02-25,2016-03-21,5366e29d56cd5ec5d484b74dbdaf863a,2016-02-25,2016-02-25,2016-03-21
4065,686417043,C,2016-02-25,,121,Online,7,4912,1010398.4,575244.32,435154.08,2016-02-25,2016-02-25,2016-03-29,80023818865109139d96a7dedbcc0f93,2016-02-25,2016-02-25,2016-03-29
4066,727821767,L,2016-02-26,,34,Online,10,7489,3274190.8,1972078.37,1302112.43,2016-02-26,2016-02-26,2016-03-16,97645ed29110516c3f08b0b1efd39065,2016-02-26,2016-02-26,2016-03-16
4067,243521249,L,2016-02-26,,58,Online,10,2204,963588.8,580379.32,383209.48,2016-02-26,2016-02-26,2016-03-28,dc3865277a0c6913c2f04db772a25862,2016-02-26,2016-02-26,2016-03-28
4068,467980086,M,2016-02-26,,121,Online,2,4562,216466.9,145025.98,71440.92,2016-02-26,2016-02-26,2016-03-28,ae651cc9efe07dcd48fe446628706c64,2016-02-26,2016-02-26,2016-03-28
4069,449206340,H,2016-02-26,,147,Offline,7,8993,1849860.1,1053170.23,796689.87,2016-02-26,2016-02-26,2016-04-03,7908e779e2e3e2ae6f812b61668b2562,2016-02-26,2016-02-26,2016-04-03
4070,498915612,C,2016-02-27,,177,Online,7,9072,1866110.4,1062421.92,803688.48,2016-02-27,2016-02-27,2016-04-13,cf69b0d0cb7f95e742d8484666d93894,2016-02-27,2016-02-27,2016-04-13
4071,650208079,H,2016-02-29,,164,Online,2,9875,468568.75,313926.25,154642.5,2016-02-29,2016-02-29,2016-03-19,1b23e90025c9761f3852fb4880fb7f1c,2016-02-29,2016-02-29,2016-03-19
4072,718927133,M,2016-02-29,,74,Offline,11,5370,3496997.7,2819035.2,677962.5,2016-02-29,2016-02-29,2016-03-22,c34a080c65f5ac5e593f76a8ea9b538d,2016-02-29,2016-02-29,2016-03-22
4073,876949584,L,2016-02-29,,102,Online,7,7725,1589032.5,904674.75,684357.75,2016-02-29,2016-02-29,2016-04-13,e8f7a3d33c621e00d6c5085d6034a249,2016-02-29,2016-02-29,2016-04-13
4074,398552930,M,2016-03-01,,61,Online,10,9524,4163892.8,2507954.92,1655937.88,2016-03-01,2016-03-01,2016-03-29,f7b31a7b1975cf5ce8131d51a9c5a381,2016-03-01,2016-03-01,2016-03-29
4075,920164906,L,2016-03-02,,65,Offline,7,6099,1254564.3,714253.89,540310.41,2016-03-02,2016-03-02,2016-03-06,a331b230da9ddd3ac0ce3fa303c7f9c2,2016-03-02,2016-03-02,2016-03-06
4076,878524148,C,2016-03-02,,150,Offline,1,3673,34269.09,25417.16,8851.93,2016-03-02,2016-03-02,2016-03-20,0a5392799d61696bee9af9345ebc36cc,2016-03-02,2016-03-02,2016-03-20
4077,498089492,L,2016-03-02,,43,Online,9,4604,1942381.56,1679032.76,263348.8,2016-03-02,2016-03-02,2016-03-22,1fff166c25493abe67e2d5f8f9718243,2016-03-02,2016-03-02,2016-03-22
4078,624940383,H,2016-03-02,,169,Offline,10,2602,1137594.4,685184.66,452409.74,2016-03-02,2016-03-02,2016-03-30,1678460c45d6b7ddb5a95553c1b86499,2016-03-02,2016-03-02,2016-03-30
4079,839048039,H,2016-03-02,,47,Offline,11,1815,1181946.15,952802.4,229143.75,2016-03-02,2016-03-02,2016-04-02,2d00c3d5e30fb043ced11a2380e736ab,2016-03-02,2016-03-02,2016-04-02
4080,772375619,L,2016-03-03,,60,Online,3,1964,160517.72,111299.88,49217.84,2016-03-03,2016-03-03,2016-03-06,b92b2723ee8dca80c88b4f85eca9d5c7,2016-03-03,2016-03-03,2016-03-06
4081,150873029,M,2016-03-03,,174,Offline,1,5537,51660.21,38316.04,13344.17,2016-03-03,2016-03-03,2016-03-13,c0dcb90b028c16c1c181ae46b23d5a5c,2016-03-03,2016-03-03,2016-03-13
4082,337902390,H,2016-03-03,,103,Online,5,1681,256486.98,163796.64,92690.34,2016-03-03,2016-03-03,2016-04-21,1d7b209421f5db5dda35f2813b1b34fa,2016-03-03,2016-03-03,2016-04-21
4083,171339356,M,2016-03-04,,95,Offline,3,1978,161661.94,112093.26,49568.68,2016-03-04,2016-03-04,2016-03-07,6727023d377e0ced65b8069e81ba932b,2016-03-04,2016-03-04,2016-03-07
4084,716054379,L,2016-03-04,,34,Offline,1,5258,49057.14,36385.36,12671.78,2016-03-04,2016-03-04,2016-03-26,dc3805a2132e6b2c9951e8438d5c81d1,2016-03-04,2016-03-04,2016-03-26
4085,860852897,H,2016-03-07,,59,Online,7,4357,896234.9,510248.27,385986.63,2016-03-07,2016-03-07,2016-04-25,8e373c3afd8179ccb68e0aef14e3179c,2016-03-07,2016-03-07,2016-04-25
4086,426261651,H,2016-03-08,,93,Offline,8,9150,2335812,1458693,877119,2016-03-08,2016-03-08,2016-03-26,8e466470ef4ea126a9fdb8eb30ebf835,2016-03-08,2016-03-08,2016-03-26
4087,662882268,C,2016-03-09,,121,Offline,10,449,196302.8,118235.17,78067.63,2016-03-09,2016-03-09,2016-04-17,784f7ed8e646a2cc0b459c3f908546b7,2016-03-09,2016-03-09,2016-04-17
4088,901903569,H,2016-03-10,,68,Online,7,2163,444929.1,253308.93,191620.17,2016-03-10,2016-03-10,2016-03-19,9e7335c4bf77c5a094edb4b411f37880,2016-03-10,2016-03-10,2016-03-19
4089,467312324,C,2016-03-10,,84,Online,8,6956,1775727.68,1108925.52,666802.16,2016-03-10,2016-03-10,2016-04-08,50e0122d1f049dc2248246a8d5e1e66b,2016-03-10,2016-03-10,2016-04-08
4090,685395228,L,2016-03-11,,143,Offline,7,2534,521243.8,296756.74,224487.06,2016-03-11,2016-03-11,2016-03-17,490cd9b61526b902888addfcca2ec6a3,2016-03-11,2016-03-11,2016-03-17
4091,660481584,M,2016-03-11,,155,Offline,11,33,21489.93,17323.68,4166.25,2016-03-11,2016-03-11,2016-04-20,71adb21ec24e9421ae2d7f78338884b7,2016-03-11,2016-03-11,2016-04-20
4092,799848306,C,2016-03-11,,24,Offline,12,1743,1164794.61,875927.22,288867.39,2016-03-11,2016-03-11,2016-04-23,96b6fbc7c835f9484a7e6201d8f894b5,2016-03-11,2016-03-11,2016-04-23
4093,392217338,L,2016-03-12,,108,Offline,5,4681,714226.98,456116.64,258110.34,2016-03-12,2016-03-12,2016-03-15,cf579000273678dbf2b7e715dc48d19c,2016-03-12,2016-03-12,2016-03-15
4094,710072839,L,2016-03-12,,67,Offline,8,5187,1324137.36,826911.54,497225.82,2016-03-12,2016-03-12,2016-04-03,fb998536db825e48b4377bb43803fef6,2016-03-12,2016-03-12,2016-04-03
4095,774698626,L,2016-03-12,,54,Online,1,9394,87646.02,65006.48,22639.54,2016-03-12,2016-03-12,2016-04-07,810c7b84645cb4a1a1602cecbc4585b5,2016-03-12,2016-03-12,2016-04-07
4096,256943881,M,2016-03-12,,77,Online,2,4259,202089.55,135393.61,66695.94,2016-03-12,2016-03-12,2016-04-30,30ce3f421e3e6a1e3546fd1b69b4940a,2016-03-12,2016-03-12,2016-04-30
4097,572634732,H,2016-03-14,,26,Online,7,4197,863322.9,491510.67,371812.23,2016-03-14,2016-03-14,2016-04-01,4301175b515a80bb034c86cd71b8c7e5,2016-03-14,2016-03-14,2016-04-01
4098,586961162,M,2016-03-15,,16,Offline,9,3706,1563524.34,1351541.14,211983.2,2016-03-15,2016-03-15,2016-04-22,8c44c240af89ab2d1ea38d8e404fe18e,2016-03-15,2016-03-15,2016-04-22
4099,368524205,C,2016-03-16,,129,Offline,1,3357,31320.81,23230.44,8090.37,2016-03-16,2016-03-16,2016-04-21,9255ba5aedb0777d295d5c439fdb8611,2016-03-16,2016-03-16,2016-04-21
4100,445075738,L,2016-03-17,,29,Online,10,6656,2910003.2,1752724.48,1157278.72,2016-03-17,2016-03-17,2016-03-27,aee996939d749f54ee364f35f397ac7b,2016-03-17,2016-03-17,2016-03-27
4101,740300261,M,2016-03-17,,43,Online,8,153,39057.84,24391.26,14666.58,2016-03-17,2016-03-17,2016-04-23,48e05d833cde870071f86449f4a94bac,2016-03-17,2016-03-17,2016-04-23
4102,964523065,L,2016-03-18,,62,Online,8,2664,680065.92,424694.88,255371.04,2016-03-18,2016-03-18,2016-04-24,60f413244761659293a7086e79d1401d,2016-03-18,2016-03-18,2016-04-24
4103,403316962,H,2016-03-18,,47,Online,2,9307,441617.15,295869.53,145747.62,2016-03-18,2016-03-18,2016-05-06,739c73caa8ffa170a70de06c2d16ad83,2016-03-18,2016-03-18,2016-05-06
4104,810593879,L,2016-03-19,,7,Offline,12,1597,1067227.19,802556.38,264670.81,2016-03-19,2016-03-19,2016-04-01,2a3314ccad6b501c9e204cfee79dd8d1,2016-03-19,2016-03-19,2016-04-01
4105,706491982,C,2016-03-20,,65,Online,3,5532,452130.36,313498.44,138631.92,2016-03-20,2016-03-20,2016-04-11,1af93308bfb255d174e18b9f4e201fbd,2016-03-20,2016-03-20,2016-04-11
4106,465069997,M,2016-03-21,,55,Offline,2,3402,161424.9,108149.58,53275.32,2016-03-21,2016-03-21,2016-03-23,6affb26396dc3a394f514e0a213eee05,2016-03-21,2016-03-21,2016-03-23
4107,959603679,H,2016-03-22,,162,Offline,10,6908,3020177.6,1819083.64,1201093.96,2016-03-22,2016-03-22,2016-04-04,67f1103307e1e490c43e9cb0dd78f709,2016-03-22,2016-03-22,2016-04-04
4108,572911107,M,2016-03-22,,10,Online,10,5983,2615767.6,1575503.39,1040264.21,2016-03-22,2016-03-22,2016-04-07,17541599f31c9485ee1d116c9067d31a,2016-03-22,2016-03-22,2016-04-07
4109,163587558,M,2016-03-22,,167,Offline,5,8048,1227963.84,784197.12,443766.72,2016-03-22,2016-03-22,2016-04-19,27031a81bd9150c28835dd9fed6ab666,2016-03-22,2016-03-22,2016-04-19
4110,653909957,M,2016-03-23,,91,Online,11,5342,3478763.82,2804336.32,674427.5,2016-03-23,2016-03-23,2016-04-06,c88fdef03f51180e38f81929d74dc498,2016-03-23,2016-03-23,2016-04-06
4111,631042945,C,2016-03-23,,97,Offline,6,8485,1307199.1,771541.05,535658.05,2016-03-23,2016-03-23,2016-04-14,5cb359e8e0eae87e37cad47eeaca93f6,2016-03-23,2016-03-23,2016-04-14
4112,194169032,C,2016-03-25,,50,Online,2,7786,369445.7,247516.94,121928.76,2016-03-25,2016-03-25,2016-04-11,5b8bd10048c04d09e5ec17a6aad73cb4,2016-03-25,2016-03-25,2016-04-11
4113,936028563,H,2016-03-25,,177,Offline,2,507,24057.15,16117.53,7939.62,2016-03-25,2016-03-25,2016-04-14,1e208f693e88606a5a9d78e3e00b598d,2016-03-25,2016-03-25,2016-04-14
4114,268791949,C,2016-03-26,,133,Online,9,366,154411.74,133476.54,20935.2,2016-03-26,2016-03-26,2016-05-08,2cff20da70eb8c5dff3542bfda894d61,2016-03-26,2016-03-26,2016-05-08
4115,705193793,M,2016-03-26,,82,Offline,9,1369,577567.41,499260.61,78306.8,2016-03-26,2016-03-26,2016-05-12,f6a86b7bef28ece90ff3da6f9b442017,2016-03-26,2016-03-26,2016-05-12
4116,871284759,M,2016-03-27,,83,Online,6,1377,212140.62,125210.61,86930.01,2016-03-27,2016-03-27,2016-05-08,847c35253ebded30eb7e8514a6a546cc,2016-03-27,2016-03-27,2016-05-08
4117,921230065,M,2016-03-27,,28,Offline,8,1303,332629.84,207724.26,124905.58,2016-03-27,2016-03-27,2016-05-16,9f357e47b8b9af9311c8672fcf63bb0b,2016-03-27,2016-03-27,2016-05-16
4118,852392995,M,2016-03-28,,90,Online,10,884,386484.8,232783.72,153701.08,2016-03-28,2016-03-28,2016-04-19,eb18eeb5afd67e51646690016becf324,2016-03-28,2016-03-28,2016-04-19
4119,771394145,M,2016-03-28,,130,Offline,2,1524,72313.8,48447.96,23865.84,2016-03-28,2016-03-28,2016-04-22,bab82796142645e218615065db47b9d5,2016-03-28,2016-03-28,2016-04-22
4120,810752236,L,2016-03-28,,127,Online,6,8458,1303039.48,769085.94,533953.54,2016-03-28,2016-03-28,2016-05-04,f813a1aacdab6c145e396aad6df32ebb,2016-03-28,2016-03-28,2016-05-04
4121,186966979,L,2016-03-29,,67,Offline,12,6539,4369817.53,3286109.06,1083708.47,2016-03-29,2016-03-29,2016-04-17,70a0a8d9b300176900098ae641e5dcdb,2016-03-29,2016-03-29,2016-04-17
4122,324169051,C,2016-03-29,,128,Offline,2,7681,364463.45,244178.99,120284.46,2016-03-29,2016-03-29,2016-04-21,3e99e1de90b3470b687412bb24d0b5e6,2016-03-29,2016-03-29,2016-04-21
4123,351247346,H,2016-03-29,,171,Online,3,750,61297.5,42502.5,18795,2016-03-29,2016-03-29,2016-05-08,2f93a96171ad7a9edc2b14863870ce62,2016-03-29,2016-03-29,2016-05-08
4124,741797149,H,2016-03-30,,16,Offline,7,3116,640961.2,364914.76,276046.44,2016-03-30,2016-03-30,2016-05-03,0ccf252a0520812776c47194a39d4695,2016-03-30,2016-03-30,2016-05-03
4125,639741885,C,2016-03-31,,102,Offline,12,2695,1800987.65,1354345.3,446642.35,2016-03-31,2016-03-31,2016-04-18,cd35880f83ee2a772b1b3bebbc1f92d5,2016-03-31,2016-03-31,2016-04-18
4126,843498361,M,2016-03-31,,168,Offline,11,8764,5707204.44,4600749.44,1106455,2016-03-31,2016-03-31,2016-04-25,6512fb89202919d8ab05887f15430942,2016-03-31,2016-03-31,2016-04-25
4127,350657260,H,2016-04-01,,64,Online,4,6130,669886.4,219699.2,450187.2,2016-04-01,2016-04-01,2016-04-15,1ad5fba57c46424347755f86c83cc823,2016-04-01,2016-04-01,2016-04-15
4128,304687201,C,2016-04-02,,182,Online,2,2569,121899.05,81668.51,40230.54,2016-04-02,2016-04-02,2016-05-01,2f5871c4ee481360d8c5465a40316991,2016-04-02,2016-04-02,2016-05-01
4129,169531762,H,2016-04-02,,141,Online,6,7071,1089358.26,642966.03,446392.23,2016-04-02,2016-04-02,2016-05-22,d88eee252377c61cd67df8c57e651610,2016-04-02,2016-04-02,2016-05-22
4130,406270396,L,2016-04-03,,26,Online,5,3293,502445.94,320869.92,181576.02,2016-04-03,2016-04-03,2016-05-19,65014635fe7cd4e93e6bf2c7500bb050,2016-04-03,2016-04-03,2016-05-19
4131,308426415,M,2016-04-04,,73,Offline,7,9085,1868784.5,1063944.35,804840.15,2016-04-04,2016-04-04,2016-04-06,b4db5012f26e053158f7262fcd0f347d,2016-04-04,2016-04-04,2016-04-06
4132,208653819,C,2016-04-04,,61,Offline,8,4157,1061198.96,662708.94,398490.02,2016-04-04,2016-04-04,2016-04-15,c3cc8fd070b0961f4d8e3b631f1de5c9,2016-04-04,2016-04-04,2016-04-15
4133,543354451,H,2016-04-04,,123,Online,12,9511,6355915.97,4779657.94,1576258.03,2016-04-04,2016-04-04,2016-04-28,1cb2c77eea794faac476606dcf1ff22d,2016-04-04,2016-04-04,2016-04-28
4134,551422965,H,2016-04-05,,158,Offline,5,7164,1093083.12,698060.16,395022.96,2016-04-05,2016-04-05,2016-05-22,3de3a599a01688c7413ff05b01de7360,2016-04-05,2016-04-05,2016-05-22
4135,187479388,H,2016-04-06,,102,Offline,9,8172,3447685.08,2980246.68,467438.4,2016-04-06,2016-04-06,2016-04-24,af993382454546b910c0869ac27aa81c,2016-04-06,2016-04-06,2016-04-24
4136,191690671,H,2016-04-06,,86,Offline,10,4384,1916684.8,1154438.72,762246.08,2016-04-06,2016-04-06,2016-05-18,d13f9dc33e12acf6a6c3e11cfd1dc214,2016-04-06,2016-04-06,2016-05-18
4137,573699891,L,2016-04-08,,106,Offline,8,9402,2400142.56,1498866.84,901275.72,2016-04-08,2016-04-08,2016-04-21,c6fd411854a70de975f5194121491dc0,2016-04-08,2016-04-08,2016-04-21
4138,349123036,H,2016-04-08,,162,Offline,2,2120,100594,67394.8,33199.2,2016-04-08,2016-04-08,2016-05-17,1894e3f7dee19c9ed8fc2c0536fdfdfc,2016-04-08,2016-04-08,2016-05-17
4139,548432195,L,2016-04-09,,86,Offline,1,2129,19863.57,14732.68,5130.89,2016-04-09,2016-04-09,2016-05-01,c8afffa6fae0226b43bcf09b9ce39ef0,2016-04-09,2016-04-09,2016-05-01
4140,232387292,H,2016-04-10,,63,Offline,8,7419,1893922.32,1182736.98,711185.34,2016-04-10,2016-04-10,2016-05-07,9d26e3e18c5e7ebce0e83ab476c408e1,2016-04-10,2016-04-10,2016-05-07
4141,608374631,M,2016-04-11,,23,Offline,6,428,65937.68,38918.04,27019.64,2016-04-11,2016-04-11,2016-04-12,94468e1b8c05ef8d04409b0eddd4fbff,2016-04-11,2016-04-11,2016-04-12
4142,350697600,M,2016-04-11,,122,Online,7,8068,1659587.6,944843.48,714744.12,2016-04-11,2016-04-11,2016-04-23,7e8b2c673dad3a714650c6366ce6e526,2016-04-11,2016-04-11,2016-04-23
4143,101207101,C,2016-04-11,,62,Offline,1,8285,77299.05,57332.2,19966.85,2016-04-11,2016-04-11,2016-05-02,c1fde01c6155aca5ad908234a3d20864,2016-04-11,2016-04-11,2016-05-02
4144,311221492,L,2016-04-11,,37,Online,1,6210,57939.3,42973.2,14966.1,2016-04-11,2016-04-11,2016-05-07,07dcb9732efaeb3a2921e3f60cdb3b6b,2016-04-11,2016-04-11,2016-05-07
4145,360930764,M,2016-04-11,,6,Offline,10,6289,2749550.8,1656082.37,1093468.43,2016-04-11,2016-04-11,2016-05-15,b017e3cf2a4189753f6fd0deb9af0f8f,2016-04-11,2016-04-11,2016-05-15
4146,207119596,H,2016-04-11,,67,Offline,10,146,63831.2,38446.18,25385.02,2016-04-11,2016-04-11,2016-05-16,026160a766fb957cbce4fd508452e1e6,2016-04-11,2016-04-11,2016-05-16
4147,595740783,C,2016-04-12,,97,Online,9,1791,755604.99,653159.79,102445.2,2016-04-12,2016-04-12,2016-05-13,adb247427b1aef77f731f5eb1e89ec92,2016-04-12,2016-04-12,2016-05-13
4148,934534680,M,2016-04-12,,56,Offline,11,8434,5492305.14,4427512.64,1064792.5,2016-04-12,2016-04-12,2016-05-25,2b70f29f395b6b7c8051ea1919d0b61c,2016-04-12,2016-04-12,2016-05-25
4149,285481727,M,2016-04-14,,77,Online,8,9242,2359297.76,1473359.64,885938.12,2016-04-14,2016-04-14,2016-05-18,6e1bf4f1816be23c12241e054d5684cb,2016-04-14,2016-04-14,2016-05-18
4150,626322257,M,2016-04-15,,185,Offline,3,1529,124965.17,86648.43,38316.74,2016-04-15,2016-04-15,2016-05-05,2f297aa272b9d76bd995935e8c0f32a3,2016-04-15,2016-04-15,2016-05-05
4151,750654447,C,2016-04-16,,117,Offline,10,4187,1830556.4,1102562.71,727993.69,2016-04-16,2016-04-16,2016-04-19,3d6cdd1a40c0d66daf311df1706035c7,2016-04-16,2016-04-16,2016-04-19
4152,455665957,L,2016-04-16,,48,Online,8,538,137340.64,85767.96,51572.68,2016-04-16,2016-04-16,2016-05-13,b1fed4244e3bf35abc3132ace5e54352,2016-04-16,2016-04-16,2016-05-13
4153,515608394,M,2016-04-17,,50,Offline,10,8836,3863099.2,2326783.88,1536315.32,2016-04-17,2016-04-17,2016-04-23,2d6314b3631a27a2613346f16c4b6968,2016-04-17,2016-04-17,2016-04-23
4154,440749442,M,2016-04-17,,16,Online,4,6409,700375.52,229698.56,470676.96,2016-04-17,2016-04-17,2016-05-19,60642325df6c8d35e0c772fab99ce80e,2016-04-17,2016-04-17,2016-05-19
4155,353492677,C,2016-04-17,,5,Offline,1,5193,48450.69,35935.56,12515.13,2016-04-17,2016-04-17,2016-05-23,4f82268085c63b0db8473ab0112d6dc4,2016-04-17,2016-04-17,2016-05-23
4156,679534709,M,2016-04-19,,95,Online,2,8276,392696.2,263094.04,129602.16,2016-04-19,2016-04-19,2016-04-20,803cf1891508c716a6e5bf4dd0375d27,2016-04-19,2016-04-19,2016-04-20
4157,730936563,L,2016-04-21,,89,Online,11,9227,6008714.67,4843805.92,1164908.75,2016-04-21,2016-04-21,2016-04-30,d55ad6fd786714ae443591b9ac03d394,2016-04-21,2016-04-21,2016-04-30
4158,485775363,L,2016-04-21,,165,Offline,3,580,47403.4,32868.6,14534.8,2016-04-21,2016-04-21,2016-05-07,a05dc35018f5af44a3330b3b551cfc38,2016-04-21,2016-04-21,2016-05-07
4159,402611863,L,2016-04-21,,3,Online,6,652,100447.12,59286.36,41160.76,2016-04-21,2016-04-21,2016-05-09,fe6ae11f0fa6b3f5af4b19b0b8491eaa,2016-04-21,2016-04-21,2016-05-09
4160,610107553,M,2016-04-23,,87,Online,1,3238,30210.54,22406.96,7803.58,2016-04-23,2016-04-23,2016-06-12,2d4ac0e0d48b0b614ebfca463fda52d5,2016-04-23,2016-04-23,2016-06-12
4161,443544518,C,2016-04-24,,34,Online,2,3534,167688.3,112345.86,55342.44,2016-04-24,2016-04-24,2016-04-28,31d6395c06f6ba40b02415a52adf6852,2016-04-24,2016-04-24,2016-04-28
4162,956969964,L,2016-04-24,,138,Online,6,7533,1160533.98,684975.69,475558.29,2016-04-24,2016-04-24,2016-05-27,de2a76a6c34fc6dbcdeeb16242603796,2016-04-24,2016-04-24,2016-05-27
4163,196100652,C,2016-04-24,,29,Online,5,9395,1433489.1,915448.8,518040.3,2016-04-24,2016-04-24,2016-05-31,1fc58df8ddf1172b3bf1e3e8555fe6e4,2016-04-24,2016-04-24,2016-05-31
4164,940124833,M,2016-04-25,,36,Online,4,2685,293416.8,96230.4,197186.4,2016-04-25,2016-04-25,2016-06-03,f62217ccff055f182d1c545e7243172c,2016-04-25,2016-04-25,2016-06-03
4165,349557769,L,2016-04-26,,36,Offline,12,767,512563.09,385448.18,127114.91,2016-04-26,2016-04-26,2016-05-06,b41193fc493d8e744ddc4bb80495418f,2016-04-26,2016-04-26,2016-05-06
4166,628055179,M,2016-04-26,,164,Offline,11,4339,2825600.19,2277801.44,547798.75,2016-04-26,2016-04-26,2016-05-13,1ee71cee5dc31f8a498e14e23616bad1,2016-04-26,2016-04-26,2016-05-13
4167,286978614,H,2016-04-27,,99,Online,7,2204,453362.8,258110.44,195252.36,2016-04-27,2016-04-27,2016-05-28,73b917e46e2702438a2870b465f287c1,2016-04-27,2016-04-27,2016-05-28
4168,517459332,C,2016-04-28,,46,Online,6,6570,1012174.2,597410.1,414764.1,2016-04-28,2016-04-28,2016-05-27,1b65d2fed8a69563cee189bbd6d94fa9,2016-04-28,2016-04-28,2016-05-27
4169,263757550,L,2016-04-29,,154,Online,2,575,27283.75,18279.25,9004.5,2016-04-29,2016-04-29,2016-05-12,473527c16dd7b73ca5fb56f728d443b7,2016-04-29,2016-04-29,2016-05-12
4170,783440911,C,2016-04-29,,165,Offline,3,6430,525523.9,364388.1,161135.8,2016-04-29,2016-04-29,2016-06-09,5414ed25a76242b8d5808e30fe2a683e,2016-04-29,2016-04-29,2016-06-09
4171,685596930,L,2016-04-29,,140,Online,4,2222,242820.16,79636.48,163183.68,2016-04-29,2016-04-29,2016-06-16,fbad997f6c04107fba3723dbb63ab1a4,2016-04-29,2016-04-29,2016-06-16
4172,180358016,M,2016-04-30,,66,Online,2,800,37960,25432,12528,2016-04-30,2016-04-30,2016-05-16,03583a6bfcae1974ef0ee704c8528a23,2016-04-30,2016-04-30,2016-05-16
4173,174218118,M,2016-04-30,,88,Offline,7,3867,795441.9,452864.37,342577.53,2016-04-30,2016-04-30,2016-06-13,6b45479f73d839adac3341f3768236dd,2016-04-30,2016-04-30,2016-06-13
4175,500260150,C,2016-05-01,,105,Online,4,6950,759496,249088,510408,2016-05-01,2016-05-01,2016-05-10,29bf1fb8a38f24440797b3b1f268372d,2016-05-01,2016-05-01,2016-05-10
4176,789108741,M,2016-05-01,,182,Online,8,3667,936111.76,584593.14,351518.62,2016-05-01,2016-05-01,2016-05-14,42b26846f52c81610bbf48ecf93cf256,2016-05-01,2016-05-01,2016-05-14
4177,541782891,H,2016-05-01,,51,Offline,10,4452,1946414.4,1172345.16,774069.24,2016-05-01,2016-05-01,2016-05-21,9fb8308990c578ce0971fd394d1236a9,2016-05-01,2016-05-01,2016-05-21
4178,602079379,L,2016-05-01,,47,Online,11,7523,4899052.83,3949274.08,949778.75,2016-05-01,2016-05-01,2016-05-26,6c049a150002543ff55fad53a618a4b4,2016-05-01,2016-05-01,2016-05-26
4179,290009725,C,2016-05-03,,156,Offline,8,9177,2342704.56,1462997.34,879707.22,2016-05-03,2016-05-03,2016-05-07,5390648ab78489774ce193f27f1ce2bb,2016-05-03,2016-05-03,2016-05-07
4180,501834714,C,2016-05-04,,149,Offline,2,2899,137557.55,92159.21,45398.34,2016-05-04,2016-05-04,2016-06-07,8612fc841fe80bf783945f8872ed7b5c,2016-05-04,2016-05-04,2016-06-07
4181,187718427,M,2016-05-05,,14,Offline,5,8909,1359335.22,868092.96,491242.26,2016-05-05,2016-05-05,2016-06-12,4dbad61cbd815b30553386b3c0a2ef32,2016-05-05,2016-05-05,2016-06-12
4182,264624011,H,2016-05-05,,70,Offline,5,6980,1065008.4,680131.2,384877.2,2016-05-05,2016-05-05,2016-06-12,47b20a7a90d931014e3eed017567ca81,2016-05-05,2016-05-05,2016-06-12
4183,634471452,L,2016-05-05,,175,Online,6,3057,470961.42,277973.01,192988.41,2016-05-05,2016-05-05,2016-06-13,119414f4fb4d7b5c3993a0e4dbf5bad9,2016-05-05,2016-05-05,2016-06-13
4184,580314862,C,2016-05-06,,145,Offline,8,6918,1766027.04,1102867.56,663159.48,2016-05-06,2016-05-06,2016-05-12,0542fc360bb1779842776382c014a301,2016-05-06,2016-05-06,2016-05-12
4185,636400067,L,2016-05-06,,112,Online,12,3777,2524055.79,1898093.58,625962.21,2016-05-06,2016-05-06,2016-06-13,948a9ddc22a884ca5130ee0c574f8128,2016-05-06,2016-05-06,2016-06-13
4186,160522115,M,2016-05-06,,89,Offline,5,916,139763.28,89255.04,50508.24,2016-05-06,2016-05-06,2016-06-22,152c27e4f9326f1c58c447564c59d67a,2016-05-06,2016-05-06,2016-06-22
4187,365735137,M,2016-05-08,,111,Online,6,8009,1233866.54,728258.37,505608.17,2016-05-08,2016-05-08,2016-05-11,9a29dc380986c7990138e64265697d7d,2016-05-08,2016-05-08,2016-05-11
4188,793950450,M,2016-05-08,,123,Online,4,6436,703326.08,230666.24,472659.84,2016-05-08,2016-05-08,2016-05-18,047966076645793429754faa16472c26,2016-05-08,2016-05-08,2016-05-18
4189,532180154,M,2016-05-08,,105,Offline,1,2789,26021.37,19299.88,6721.49,2016-05-08,2016-05-08,2016-05-31,a5fc24a811ef900ed31bb04dfea18f3e,2016-05-08,2016-05-08,2016-05-31
4190,964488732,L,2016-05-08,,50,Offline,2,2504,118814.8,79602.16,39212.64,2016-05-08,2016-05-08,2016-06-06,dc29e5ed0ddaa85bed01b1033478ac61,2016-05-08,2016-05-08,2016-06-06
4191,654701745,L,2016-05-08,,60,Online,2,9650,457892.5,306773.5,151119,2016-05-08,2016-05-08,2016-06-09,b73a98eb56375ed8015eba7ca21e9b8b,2016-05-08,2016-05-08,2016-06-09
4192,625458800,C,2016-05-09,,7,Offline,1,6013,56101.29,41609.96,14491.33,2016-05-09,2016-05-09,2016-05-25,cee347e9d1bc6dc1725d1de2e97b2a71,2016-05-09,2016-05-09,2016-05-25
4193,831143891,M,2016-05-09,,66,Online,1,2802,26142.66,19389.84,6752.82,2016-05-09,2016-05-09,2016-06-01,3cc0c30871f53aabbdfb5fb03194a2c7,2016-05-09,2016-05-09,2016-06-01
4194,743769109,M,2016-05-10,,66,Online,6,6662,1026347.72,605775.66,420572.06,2016-05-10,2016-05-10,2016-05-11,9f13922702cfd038dfa4170c2c0d1d51,2016-05-10,2016-05-10,2016-05-11
4195,741604459,H,2016-05-10,,83,Online,6,6094,938841.64,554127.42,384714.22,2016-05-10,2016-05-10,2016-05-12,784897829356272868d3d54559c5e744,2016-05-10,2016-05-10,2016-05-12
4196,346607339,H,2016-05-10,,65,Online,11,7669,4994129.49,4025918.24,968211.25,2016-05-10,2016-05-10,2016-06-13,4376a6f53f3bab2fc6b2a829a4086baa,2016-05-10,2016-05-10,2016-06-13
4197,651947009,M,2016-05-11,,89,Offline,7,4463,918039.1,522661.93,395377.17,2016-05-11,2016-05-11,2016-05-18,daade3d319ebc549355e1f2830a44bac,2016-05-11,2016-05-11,2016-05-18
4198,342278039,C,2016-05-11,,115,Online,11,6533,4254354.93,3429563.68,824791.25,2016-05-11,2016-05-11,2016-06-16,e9c67f8b7716ef23cf490085bcd3c5e1,2016-05-11,2016-05-11,2016-06-16
4199,859914767,M,2016-05-11,,137,Offline,11,6744,4391760.24,3540330.24,851430,2016-05-11,2016-05-11,2016-06-18,42955464cea783b172932a81408c6e6e,2016-05-11,2016-05-11,2016-06-18
4200,148872745,H,2016-05-12,,55,Online,1,3608,33662.64,24967.36,8695.28,2016-05-12,2016-05-12,2016-06-06,d89e588e0770d04c146e3d0574d7047f,2016-05-12,2016-05-12,2016-06-06
4201,450119149,C,2016-05-12,,110,Offline,3,9114,744887.22,516490.38,228396.84,2016-05-12,2016-05-12,2016-07-01,94d327bf84f2a566e8904474e5742675,2016-05-12,2016-05-12,2016-07-01
4202,815755307,L,2016-05-13,,127,Offline,9,8978,3787728.42,3274186.82,513541.6,2016-05-13,2016-05-13,2016-06-09,8a70dc6b977c3f4d541e3725647c9509,2016-05-13,2016-05-13,2016-06-09
4203,508014953,H,2016-05-14,,69,Offline,7,1769,363883.3,207167.59,156715.71,2016-05-14,2016-05-14,2016-05-18,a7af885af0e032ebcfd2f5c76d6cc9e6,2016-05-14,2016-05-14,2016-05-18
4204,836457669,C,2016-05-14,,150,Offline,9,5267,2222094.63,1920822.23,301272.4,2016-05-14,2016-05-14,2016-06-03,3db75baee6bead198ed8fa02da381943,2016-05-14,2016-05-14,2016-06-03
4205,223259627,C,2016-05-14,,36,Offline,10,6340,2771848,1669512.2,1102335.8,2016-05-14,2016-05-14,2016-07-03,fadca9c5693a203760d4991f94339437,2016-05-14,2016-05-14,2016-07-03
4206,848737466,L,2016-05-15,,11,Online,6,9132,1406875.92,830372.76,576503.16,2016-05-15,2016-05-15,2016-05-31,f121ededb6c8dfd45069a2966352d13b,2016-05-15,2016-05-15,2016-05-31
4207,422568786,H,2016-05-15,,66,Online,9,6349,2678579.61,2315416.81,363162.8,2016-05-15,2016-05-15,2016-06-17,6e622f7699a3faacba42565e61316adc,2016-05-15,2016-05-15,2016-06-17
4208,863299930,H,2016-05-15,,170,Offline,11,8488,5527470.48,4455860.48,1071610,2016-05-15,2016-05-15,2016-06-20,16801abfe9b2983c259961d7469939bf,2016-05-15,2016-05-15,2016-06-20
4209,754750716,H,2016-05-17,,14,Online,8,6364,1624601.92,1014548.88,610053.04,2016-05-17,2016-05-17,2016-06-08,609e3104e7d085dcabdbc177a6ddc263,2016-05-17,2016-05-17,2016-06-08
4210,785568225,H,2016-05-19,,25,Online,5,5950,907851,579768,328083,2016-05-19,2016-05-19,2016-05-30,054a4a604dd7dda58e0f6a9e09bf117d,2016-05-19,2016-05-19,2016-05-30
4211,706497991,H,2016-05-19,,158,Online,5,7310,1115359.8,712286.4,403073.4,2016-05-19,2016-05-19,2016-05-31,d59d9b2e4ee8e886c484816a43779423,2016-05-19,2016-05-19,2016-05-31
4212,536077725,L,2016-05-19,,77,Online,7,6167,1268551.9,722217.37,546334.53,2016-05-19,2016-05-19,2016-06-07,d0270301f6bdf8ea43131fc777fb9d55,2016-05-19,2016-05-19,2016-06-07
4213,205588376,H,2016-05-19,,71,Online,8,7024,1793086.72,1119766.08,673320.64,2016-05-19,2016-05-19,2016-06-18,c9210e8993376320c06d523b737bd664,2016-05-19,2016-05-19,2016-06-18
4214,224126088,H,2016-05-20,,142,Offline,7,2745,564646.5,321466.95,243179.55,2016-05-20,2016-05-20,2016-06-12,9e5b17598549fedd9e7b98720b44a7c5,2016-05-20,2016-05-20,2016-06-12
4215,431739795,L,2016-05-21,,72,Online,1,254,2369.82,1757.68,612.14,2016-05-21,2016-05-21,2016-06-19,df48a573c8e4b6058c47498c23e4a3f7,2016-05-21,2016-05-21,2016-06-19
4216,865858972,M,2016-05-22,,146,Online,2,5766,273596.7,183301.14,90295.56,2016-05-22,2016-05-22,2016-05-31,0e6b1bd7c934dabad9b4fe16db794932,2016-05-22,2016-05-22,2016-05-31
4217,942882573,L,2016-05-22,,181,Online,1,8761,81740.13,60626.12,21114.01,2016-05-22,2016-05-22,2016-06-25,c1f68337b318ece988e56afae7f764f8,2016-05-22,2016-05-22,2016-06-25
4218,614321839,H,2016-05-23,,137,Online,9,339,143020.71,123629.91,19390.8,2016-05-23,2016-05-23,2016-07-05,0dd82bb3d25d16bd845f5c3098ab4ed3,2016-05-23,2016-05-23,2016-07-05
4219,582560193,L,2016-05-25,,144,Online,12,1362,910183.74,684459.48,225724.26,2016-05-25,2016-05-25,2016-05-28,3132e9cf5d26d9a64fc9085891820117,2016-05-25,2016-05-25,2016-05-28
4221,170953977,L,2016-05-26,,128,Offline,8,7936,2025902.08,1265157.12,760744.96,2016-05-26,2016-05-26,2016-07-05,9ee0fae19b9c69d96d698504c6bfde10,2016-05-26,2016-05-26,2016-07-05
4222,272419154,L,2016-05-27,,148,Online,3,3736,305343.28,211719.12,93624.16,2016-05-27,2016-05-27,2016-06-27,98228d9200c0de24ef72e180a1ecbcbc,2016-05-27,2016-05-27,2016-06-27
4223,295168149,L,2016-05-28,,45,Offline,1,5669,52891.77,39229.48,13662.29,2016-05-28,2016-05-28,2016-07-16,ff2237c2153566276fd2ba4da7bbf4ab,2016-05-28,2016-05-28,2016-07-16
4224,114160668,H,2016-05-29,,9,Online,10,1534,670664.8,403948.22,266716.58,2016-05-29,2016-05-29,2016-06-06,9571f5ad2e8025220c5a107d79ab298a,2016-05-29,2016-05-29,2016-06-06
4225,407220542,L,2016-05-29,,37,Online,7,4463,918039.1,522661.93,395377.17,2016-05-29,2016-05-29,2016-07-04,68f737fe2ffa8e8e22674e9cb99eedcd,2016-05-29,2016-05-29,2016-07-04
4226,313705861,L,2016-05-29,,140,Offline,1,1390,12968.7,9618.8,3349.9,2016-05-29,2016-05-29,2016-07-10,e8aabb2fda5ef80d0c62e9f6e1784cec,2016-05-29,2016-05-29,2016-07-10
4227,217908513,H,2016-05-30,,56,Online,10,2826,1235527.2,744170.58,491356.62,2016-05-30,2016-05-30,2016-06-23,e0d68cef499dbf3514b605071438d8a9,2016-05-30,2016-05-30,2016-06-23
4228,253055322,H,2016-05-31,,26,Online,2,3548,168352.6,112790.92,55561.68,2016-05-31,2016-05-31,2016-06-12,c5bb12b9c40f2ccc2fde0029380bd279,2016-05-31,2016-05-31,2016-06-12
4229,535645997,M,2016-05-31,,92,Online,2,8409,399007.05,267322.11,131684.94,2016-05-31,2016-05-31,2016-06-18,e34780c7937cbf603f06a9ac912b895a,2016-05-31,2016-05-31,2016-06-18
4230,936546981,C,2016-06-01,,27,Offline,8,3919,1000442.32,624766.98,375675.34,2016-06-01,2016-06-01,2016-06-10,c54c157444ffb8916ebd9cefd32f5a9b,2016-06-01,2016-06-01,2016-06-10
4231,811978757,C,2016-06-01,,165,Online,12,1413,944265.51,710089.02,234176.49,2016-06-01,2016-06-01,2016-06-26,83c961d089ee22e9438062b406b9ff6f,2016-06-01,2016-06-01,2016-06-26
4232,936664998,M,2016-06-01,,91,Offline,6,8843,1362352.58,804093.99,558258.59,2016-06-01,2016-06-01,2016-07-05,137b61f7f0c71e3dd357e71cc0a5f693,2016-06-01,2016-06-01,2016-07-05
4233,105030000,C,2016-06-02,,45,Offline,4,9566,1045372.48,342845.44,702527.04,2016-06-02,2016-06-02,2016-06-13,f0d3e7129c49657757719849dc75286e,2016-06-02,2016-06-02,2016-06-13
4234,946780145,C,2016-06-02,,151,Online,7,2139,439992.3,250498.29,189494.01,2016-06-02,2016-06-02,2016-07-02,f8e1936ddf01a55f79e3459103e01335,2016-06-02,2016-06-02,2016-07-02
4235,493415153,M,2016-06-03,,176,Offline,1,1363,12716.79,9431.96,3284.83,2016-06-03,2016-06-03,2016-06-09,1b4ceccd53671c7f9d64acdf91ba7c09,2016-06-03,2016-06-03,2016-06-09
4236,412416303,M,2016-06-03,,137,Offline,8,2004,511581.12,319477.68,192103.44,2016-06-03,2016-06-03,2016-06-11,53cc3e8ef14ee4b1e6667dab0cd5f215,2016-06-03,2016-06-03,2016-06-11
4237,258605134,H,2016-06-03,,27,Online,8,5861,1496196.08,934360.62,561835.46,2016-06-03,2016-06-03,2016-06-12,bc6f6267523df10928b52c2955f6d26b,2016-06-03,2016-06-03,2016-06-12
4238,524586713,C,2016-06-03,,126,Offline,10,5721,2501221.2,1506510.93,994710.27,2016-06-03,2016-06-03,2016-06-24,3c2ddc7c9ae08f755e5918c7a26b5fe0,2016-06-03,2016-06-03,2016-06-24
4239,599445664,H,2016-06-03,,173,Offline,3,8148,665936.04,461747.16,204188.88,2016-06-03,2016-06-03,2016-07-19,f1ed4623ef257b71c1827ef676dc0f7e,2016-06-03,2016-06-03,2016-07-19
4240,300245893,C,2016-06-03,,122,Online,5,8287,1264430.46,807485.28,456945.18,2016-06-03,2016-06-03,2016-07-19,347a65872d51cc053fec53272cc4f3c4,2016-06-03,2016-06-03,2016-07-19
4241,861097943,L,2016-06-04,,48,Online,4,6872,750972.16,246292.48,504679.68,2016-06-04,2016-06-04,2016-06-12,326aa7aeafc04596ac007d0d0e88d4f4,2016-06-04,2016-06-04,2016-06-12
4242,636757123,L,2016-06-04,,19,Offline,6,9438,1454018.28,858197.34,595820.94,2016-06-04,2016-06-04,2016-07-08,6c1603b2bce789e35c8899b3db033cb8,2016-06-04,2016-06-04,2016-07-08
4243,748927533,H,2016-06-04,,68,Online,3,3155,257858.15,178793.85,79064.3,2016-06-04,2016-06-04,2016-07-20,3e45032d43831d915e3aed1bdb9ecdc2,2016-06-04,2016-06-04,2016-07-20
4244,702957475,L,2016-06-05,,25,Online,4,9593,1048323.04,343813.12,704509.92,2016-06-05,2016-06-05,2016-06-16,87414538eb1e082a6aeffd3049f9fab0,2016-06-05,2016-06-05,2016-06-16
4245,973268353,H,2016-06-05,,134,Online,2,589,27948.05,18724.31,9223.74,2016-06-05,2016-06-05,2016-06-26,c2b60f36dda0bbb6c446e7f64714767e,2016-06-05,2016-06-05,2016-06-26
4246,486803185,H,2016-06-05,,8,Online,2,4735,224675.75,150525.65,74150.1,2016-06-05,2016-06-05,2016-07-08,a75836edeaa413f0906a18cd00a9b096,2016-06-05,2016-06-05,2016-07-08
4247,862908542,H,2016-06-06,,95,Offline,12,2668,1782944.36,1340776.72,442167.64,2016-06-06,2016-06-06,2016-07-09,53ee9e28ce41f49f29632e26fe85d0a0,2016-06-06,2016-06-06,2016-07-09
4248,627744472,C,2016-06-07,,129,Online,1,2394,22336.02,16566.48,5769.54,2016-06-07,2016-06-07,2016-06-18,629cabe6ca54846686a330cca9b5a0f3,2016-06-07,2016-06-07,2016-06-18
4249,989405381,C,2016-06-07,,97,Offline,1,5894,54991.02,40786.48,14204.54,2016-06-07,2016-06-07,2016-06-22,7ca29dc142d5e47a0231f9eba4a2cb8a,2016-06-07,2016-06-07,2016-06-22
4250,220349538,L,2016-06-07,,113,Online,10,5180,2264696,1364049.4,900646.6,2016-06-07,2016-06-07,2016-06-29,998dcaa6097861930b1b1170448107d9,2016-06-07,2016-06-07,2016-06-29
4251,376089322,H,2016-06-08,,181,Offline,9,2043,861921.27,745061.67,116859.6,2016-06-08,2016-06-08,2016-06-27,74859d87fdf67811afefe6816d20d062,2016-06-08,2016-06-08,2016-06-27
4252,112154376,C,2016-06-08,,27,Online,2,7827,371391.15,248820.33,122570.82,2016-06-08,2016-06-08,2016-07-11,6b58d31775e552637ae416a585d7c7f2,2016-06-08,2016-06-08,2016-07-11
4253,781083571,C,2016-06-09,,144,Online,4,8841,966144.48,316861.44,649283.04,2016-06-09,2016-06-09,2016-06-18,ec882e3b0f8c33694faf18592d1bd9cb,2016-06-09,2016-06-09,2016-06-18
4254,764592492,M,2016-06-09,,23,Offline,11,8764,5707204.44,4600749.44,1106455,2016-06-09,2016-06-09,2016-07-19,4a2a3788b6f6e0ff063d5163f50b80b8,2016-06-09,2016-06-09,2016-07-19
4255,610781323,C,2016-06-09,,71,Online,6,2621,403791.26,238327.53,165463.73,2016-06-09,2016-06-09,2016-07-21,4e8c6209cbf785777e7758f297d62501,2016-06-09,2016-06-09,2016-07-21
4256,589842927,M,2016-06-09,,23,Offline,3,6485,530019.05,367504.95,162514.1,2016-06-09,2016-06-09,2016-07-28,fd96a45d05c0b55f8e02ea9237347c8d,2016-06-09,2016-06-09,2016-07-28
4257,394391000,H,2016-06-10,,177,Offline,4,7916,865060.48,283709.44,581351.04,2016-06-10,2016-06-10,2016-06-23,3ae3b0641808c39eb8116437eee02060,2016-06-10,2016-06-10,2016-06-23
4258,271751391,H,2016-06-10,,114,Online,12,6130,4096495.1,3080570.2,1015924.9,2016-06-10,2016-06-10,2016-07-09,9bf74a5b17f2f0147fa9ce7f55b5eb6e,2016-06-10,2016-06-10,2016-07-09
4259,188351857,C,2016-06-11,,119,Online,12,6355,4246855.85,3193641.7,1053214.15,2016-06-11,2016-06-11,2016-07-13,e361e9a64b6be6892d77016733e113fd,2016-06-11,2016-06-11,2016-07-13
4260,178000676,H,2016-06-11,,72,Offline,10,3210,1403412,845289.3,558122.7,2016-06-11,2016-06-11,2016-07-16,9492bd39f53cae98b0008b7a11edceea,2016-06-11,2016-06-11,2016-07-16
4261,865703618,M,2016-06-12,,27,Online,5,9793,1494215.94,954229.92,539986.02,2016-06-12,2016-06-12,2016-06-17,fd2200fa6dbdbabe0a91944b20a16c62,2016-06-12,2016-06-12,2016-06-17
4262,158754861,M,2016-06-13,,93,Offline,2,7946,377037.7,252603.34,124434.36,2016-06-13,2016-06-13,2016-07-24,98ddae335448967dc4b7fc703ba18025,2016-06-13,2016-06-13,2016-07-24
4263,447839486,H,2016-06-13,,116,Offline,2,4511,214046.95,143404.69,70642.26,2016-06-13,2016-06-13,2016-07-28,9d461db60fdd418b639aefa4a67df510,2016-06-13,2016-06-13,2016-07-28
4264,374673116,C,2016-06-15,,146,Online,8,2956,754607.68,471245.52,283362.16,2016-06-15,2016-06-15,2016-07-04,e0e4c048d81bd2daa9a53b35fcdb4842,2016-06-15,2016-06-15,2016-07-04
4265,118688666,L,2016-06-16,,184,Online,1,1469,13705.77,10165.48,3540.29,2016-06-16,2016-06-16,2016-07-15,c707c11cd1e2322490ab35e6834e9173,2016-06-16,2016-06-16,2016-07-15
4266,845985734,M,2016-06-17,,36,Offline,7,4833,994148.1,565992.63,428155.47,2016-06-17,2016-06-17,2016-06-28,53ad5985f994446bddde50af8b623824,2016-06-17,2016-06-17,2016-06-28
4267,889673125,C,2016-06-17,,36,Online,9,2903,1224746.67,1058695.07,166051.6,2016-06-17,2016-06-17,2016-07-09,e660850d150b8a15ed7c44fbd1134e10,2016-06-17,2016-06-17,2016-07-09
4268,176820504,H,2016-06-17,,67,Online,9,3971,1675325.19,1448183.99,227141.2,2016-06-17,2016-06-17,2016-07-22,44e12f1a060b2f8ab0b1bf324b77a4ec,2016-06-17,2016-06-17,2016-07-22
4269,823236739,M,2016-06-17,,167,Online,11,2900,1888509,1522384,366125,2016-06-17,2016-06-17,2016-08-01,5e5b68689291b2b1985c19114ff3a45e,2016-06-17,2016-06-17,2016-08-01
4270,203544747,L,2016-06-18,,158,Online,8,2269,579230.32,361723.98,217506.34,2016-06-18,2016-06-18,2016-07-13,24a711405f995ddf24b6140828ee6550,2016-06-18,2016-06-18,2016-07-13
4271,103772151,M,2016-06-18,,2,Online,8,7340,1873755.2,1170142.8,703612.4,2016-06-18,2016-06-18,2016-07-22,830fa1380ef39549a6de96cea6e3254a,2016-06-18,2016-06-18,2016-07-22
4272,556665074,M,2016-06-19,,158,Online,6,8421,1297339.26,765721.53,531617.73,2016-06-19,2016-06-19,2016-06-26,5b263affae98bab4f4f6e71837048433,2016-06-19,2016-06-19,2016-06-26
4273,845631682,M,2016-06-19,,49,Online,8,61,15572.08,9724.62,5847.46,2016-06-19,2016-06-19,2016-07-26,e8ce0e8aa37722ca49f99139f728aca9,2016-06-19,2016-06-19,2016-07-26
4274,955637443,C,2016-06-20,,63,Online,10,3210,1403412,845289.3,558122.7,2016-06-20,2016-06-20,2016-08-09,bdc3eb5d4c6dfe475736a59df572a457,2016-06-20,2016-06-20,2016-08-09
4275,635263240,C,2016-06-21,,2,Offline,2,7364,349421.8,234101.56,115320.24,2016-06-21,2016-06-21,2016-06-27,560501cb44bdd610c25ddfa002a1b09d,2016-06-21,2016-06-21,2016-06-27
4276,468936240,M,2016-06-21,,133,Online,6,7509,1156836.54,682793.37,474043.17,2016-06-21,2016-06-21,2016-07-02,a6304edcce6f7ab800f55874559e4cdf,2016-06-21,2016-06-21,2016-07-02
4277,225821673,H,2016-06-21,,68,Online,10,4506,1970023.2,1186564.98,783458.22,2016-06-21,2016-06-21,2016-08-03,8b03c81899c30b13cb7688e0ada87e67,2016-06-21,2016-06-21,2016-08-03
4278,294068658,C,2016-06-22,,141,Offline,1,306,2854.98,2117.52,737.46,2016-06-22,2016-06-22,2016-08-06,e1d64526e830af9bc0c800dfde61c270,2016-06-22,2016-06-22,2016-08-06
4279,404074418,H,2016-06-23,,38,Online,11,3455,2249930.55,1813736.8,436193.75,2016-06-23,2016-06-23,2016-06-30,c1bdd9069695df06e0a41a2545268fc4,2016-06-23,2016-06-23,2016-06-30
4280,235464751,H,2016-06-24,,158,Offline,9,8107,3420262.23,2956541.83,463720.4,2016-06-24,2016-06-24,2016-08-02,8e8a0ae6dd525d080bc44cafa3c4aeef,2016-06-24,2016-06-24,2016-08-02
4281,672102630,C,2016-06-24,,136,Offline,1,8959,83587.47,61996.28,21591.19,2016-06-24,2016-06-24,2016-08-07,5e33695d6a26d1dcc318d345110ca58c,2016-06-24,2016-06-24,2016-08-07
4282,609405457,L,2016-06-25,,142,Online,1,5472,51053.76,37866.24,13187.52,2016-06-25,2016-06-25,2016-08-03,be139838ec127f0220b36eae6ca9c54d,2016-06-25,2016-06-25,2016-08-03
4283,696544206,L,2016-06-26,,67,Offline,11,1764,1148734.44,926029.44,222705,2016-06-26,2016-06-26,2016-07-05,b1b306bb9f344494a70a0fbf37f67548,2016-06-26,2016-06-26,2016-07-05
4284,966855084,C,2016-06-26,,184,Online,3,2760,225574.8,156409.2,69165.6,2016-06-26,2016-06-26,2016-07-16,472a3db7b58926e47dadbe6619b7f79a,2016-06-26,2016-06-26,2016-07-16
4285,650810182,M,2016-06-26,,35,Offline,6,8050,1240183,731986.5,508196.5,2016-06-26,2016-06-26,2016-07-21,c6a4068666d8d2d3407aed790b894f5f,2016-06-26,2016-06-26,2016-07-21
4286,156158483,C,2016-06-26,,90,Offline,4,9620,1051273.6,344780.8,706492.8,2016-06-26,2016-06-26,2016-08-05,7002e5c32644184e06eccc7ec1f7dce2,2016-06-26,2016-06-26,2016-08-05
4287,600982892,H,2016-06-26,,97,Online,8,3048,778093.44,485912.16,292181.28,2016-06-26,2016-06-26,2016-08-07,5e080f8ca850c18f55233fe1c192a7bb,2016-06-26,2016-06-26,2016-08-07
4288,794152152,L,2016-06-27,,69,Offline,11,6124,3988010.04,3214855.04,773155,2016-06-27,2016-06-27,2016-06-29,0fddccf263180ea8fbffcfefffe7a5d8,2016-06-27,2016-06-27,2016-06-29
4289,361725556,L,2016-06-27,,137,Offline,6,1485,228779.1,135031.05,93748.05,2016-06-27,2016-06-27,2016-07-18,f648cb7b861d7407cdcf44d935c59a2f,2016-06-27,2016-06-27,2016-07-18
4290,777307021,H,2016-06-28,,61,Online,2,1276,60546.2,40564.04,19982.16,2016-06-28,2016-06-28,2016-07-05,f69eef611e3eb928683ab9a3a0a15db2,2016-06-28,2016-06-28,2016-07-05
4291,378216636,H,2016-06-28,,90,Online,4,1562,170695.36,55982.08,114713.28,2016-06-28,2016-06-28,2016-08-08,29b34228081fef3b5b329349faa9eeee,2016-06-28,2016-06-28,2016-08-08
4292,413245427,C,2016-06-29,,34,Offline,1,7360,68668.8,50931.2,17737.6,2016-06-29,2016-06-29,2016-07-02,77f3100b027cf18229cefd0e1362d7b2,2016-06-29,2016-06-29,2016-07-02
4293,683320271,C,2016-06-30,,183,Online,12,8508,5685641.16,4275610.32,1410030.84,2016-06-30,2016-06-30,2016-07-13,6f82f571304bfcf2d9cdc10af5026e88,2016-06-30,2016-06-30,2016-07-13
4294,792735946,H,2016-07-03,,38,Online,8,7038,1796660.64,1121997.96,674662.68,2016-07-03,2016-07-03,2016-07-04,73fdcc9ab1264d7cc8953f9dec6a6104,2016-07-03,2016-07-03,2016-07-04
4295,755424487,C,2016-07-03,,16,Online,10,5748,2513025.6,1513620.84,999404.76,2016-07-03,2016-07-03,2016-07-17,94092a2f13a74b17e0b059cb540a0c6e,2016-07-03,2016-07-03,2016-07-17
4296,909117639,L,2016-07-03,,173,Online,5,6967,1063024.86,678864.48,384160.38,2016-07-03,2016-07-03,2016-08-10,0841d3ca37301b238ea209acad296535,2016-07-03,2016-07-03,2016-08-10
4297,447684133,M,2016-07-03,,147,Offline,5,8538,1302728.04,831942.72,470785.32,2016-07-03,2016-07-03,2016-08-14,e5eae68dc28073a602d4b4efdb116622,2016-07-03,2016-07-03,2016-08-14
4298,158717525,H,2016-07-04,,131,Offline,10,6897,3015368.4,1816187.01,1199181.39,2016-07-04,2016-07-04,2016-07-17,9522856f0350a8f29add2750f7eb8021,2016-07-04,2016-07-04,2016-07-17
4299,580674922,C,2016-07-04,,129,Online,11,3468,2258396.28,1820561.28,437835,2016-07-04,2016-07-04,2016-07-26,dbba2162347b0c40f72deebcc87ac456,2016-07-04,2016-07-04,2016-07-26
4300,520260417,L,2016-07-04,,150,Offline,5,5474,835222.92,533386.56,301836.36,2016-07-04,2016-07-04,2016-08-16,cc6615f1098589af524b132d78f0105d,2016-07-04,2016-07-04,2016-08-16
4301,644592607,H,2016-07-06,,18,Offline,11,8131,5294988.51,4268449.76,1026538.75,2016-07-06,2016-07-06,2016-07-31,36083b93dce5b31d97ac116e6b32e6c6,2016-07-06,2016-07-06,2016-07-31
4302,910574185,H,2016-07-06,,124,Online,3,7991,653104.43,452849.97,200254.46,2016-07-06,2016-07-06,2016-08-12,c28ecb7374c0764bbdcb62d0f638be2b,2016-07-06,2016-07-06,2016-08-12
4303,636170041,L,2016-07-07,,60,Offline,10,5707,2495100.4,1502824.31,992276.09,2016-07-07,2016-07-07,2016-08-04,5f0aa2c03eee178de1683e1406917118,2016-07-07,2016-07-07,2016-08-04
4304,286906945,C,2016-07-07,,2,Offline,6,996,153443.76,90566.28,62877.48,2016-07-07,2016-07-07,2016-08-21,5c9327ff93dfb9867ec26c62fdb3bf24,2016-07-07,2016-07-07,2016-08-21
4305,482004821,M,2016-07-08,,177,Offline,8,4793,1223557.04,764100.06,459456.98,2016-07-08,2016-07-08,2016-07-12,37f34aae13eb7144679de44fa07e94cb,2016-07-08,2016-07-08,2016-07-12
4306,750033032,C,2016-07-09,,87,Online,5,297,45316.26,28939.68,16376.58,2016-07-09,2016-07-09,2016-08-18,4865009a3e3ab18c917a09d902b96b6b,2016-07-09,2016-07-09,2016-08-18
4307,647977769,L,2016-07-10,,82,Offline,11,9876,6431349.96,5184504.96,1246845,2016-07-10,2016-07-10,2016-08-03,f343531d32854e198b386493aca837e2,2016-07-10,2016-07-10,2016-08-03
4308,643648469,M,2016-07-11,,2,Offline,11,8740,5691575.4,4588150.4,1103425,2016-07-11,2016-07-11,2016-08-05,1fa37491dae0d4b75a60d3d4d7873d18,2016-07-11,2016-07-11,2016-08-05
4309,181860911,H,2016-07-12,,125,Online,6,5540,853492.4,503752.2,349740.2,2016-07-12,2016-07-12,2016-07-15,89f3d4bd9ad74440638b527fd8f60e13,2016-07-12,2016-07-12,2016-07-15
4310,743185031,M,2016-07-12,,48,Offline,4,3821,417558.88,136944.64,280614.24,2016-07-12,2016-07-12,2016-07-29,b23c6dd7bff9ed09cd3fbab27b1ecb90,2016-07-12,2016-07-12,2016-07-29
4311,439655959,L,2016-07-12,,62,Online,8,2823,720655.44,450042.66,270612.78,2016-07-12,2016-07-12,2016-07-30,bd845008a25064075fca543e9993ab87,2016-07-12,2016-07-12,2016-07-30
4312,946823489,H,2016-07-12,,138,Online,7,4966,1021506.2,581568.26,439937.94,2016-07-12,2016-07-12,2016-08-30,023d2b281420b2123386c95e7a1dd67a,2016-07-12,2016-07-12,2016-08-30
4313,986181581,H,2016-07-13,,121,Offline,9,1900,801591,692911,108680,2016-07-13,2016-07-13,2016-07-23,6f720fbb534f6e58b66c382805846d27,2016-07-13,2016-07-13,2016-07-23
4314,825876462,H,2016-07-14,,100,Offline,9,4053,1709920.17,1478088.57,231831.6,2016-07-14,2016-07-14,2016-07-28,e96fecf208ca2dacde383f067c054fd0,2016-07-14,2016-07-14,2016-07-28
4315,686627757,H,2016-07-14,,71,Offline,12,7267,4856318.09,3651958.18,1204359.91,2016-07-14,2016-07-14,2016-08-18,be3b94ddef95fd50c4e72318e1f801a4,2016-07-14,2016-07-14,2016-08-18
4316,499362361,M,2016-07-15,,103,Offline,6,1274,196272.44,115844.82,80427.62,2016-07-15,2016-07-15,2016-09-01,2e5a9a3995c803f5e5790c30e57cbf19,2016-07-15,2016-07-15,2016-09-01
4317,551118266,L,2016-07-16,,32,Online,8,6997,1786194.16,1115461.74,670732.42,2016-07-16,2016-07-16,2016-08-15,aed9a2c8749cb3ae8e055adb310eba2f,2016-07-16,2016-07-16,2016-08-15
4318,538602435,L,2016-07-16,,125,Online,11,3284,2138573.64,1723968.64,414605,2016-07-16,2016-07-16,2016-08-19,1b96830d59cbeccddc01c97e4e6563ec,2016-07-16,2016-07-16,2016-08-19
4319,386601865,L,2016-07-17,,90,Online,6,2938,452628.28,267152.34,185475.94,2016-07-17,2016-07-17,2016-07-26,b4eb6182d54aec9c8cf8aea10a551abe,2016-07-17,2016-07-17,2016-07-26
4320,239048612,L,2016-07-17,,137,Online,3,8651,707046.23,490252.17,216794.06,2016-07-17,2016-07-17,2016-07-26,5ded55abe2912b5d44d85a8bc8728a90,2016-07-17,2016-07-17,2016-07-26
4321,835637557,L,2016-07-17,,42,Offline,10,2578,1127101.6,678864.74,448236.86,2016-07-17,2016-07-17,2016-08-21,1c9ef068192c4b374310294a1a65efa4,2016-07-17,2016-07-17,2016-08-21
4322,954065883,L,2016-07-17,,5,Offline,12,8151,5447068.77,4096203.54,1350865.23,2016-07-17,2016-07-17,2016-09-01,49bc96f698b0947acd19b8a0a13139b6,2016-07-17,2016-07-17,2016-09-01
4323,467600715,L,2016-07-18,,159,Online,3,2297,187733.81,130170.99,57562.82,2016-07-18,2016-07-18,2016-07-25,946bf8ac4dbd989db3415b769c93b933,2016-07-18,2016-07-18,2016-07-25
4324,897626626,H,2016-07-19,,2,Offline,2,6521,309421.45,207302.59,102118.86,2016-07-19,2016-07-19,2016-08-27,83ee23d226454a9e2f9f9259911183fb,2016-07-19,2016-07-19,2016-08-27
4325,685329568,M,2016-07-20,,112,Online,3,3104,253689.92,175903.68,77786.24,2016-07-20,2016-07-20,2016-07-29,a51e85c70f7f8db70479c4766a46cc03,2016-07-20,2016-07-20,2016-07-29
4326,506722772,M,2016-07-20,,40,Offline,6,9383,1445544.98,853196.19,592348.79,2016-07-20,2016-07-20,2016-08-08,f5f23041cf5a7f37cfaa07b04b8aa7d5,2016-07-20,2016-07-20,2016-08-08
4327,606377351,H,2016-07-20,,55,Offline,8,9388,2396568.64,1496634.96,899933.68,2016-07-20,2016-07-20,2016-08-25,06e74ee3ba9b80d8e17bda65a5a223f2,2016-07-20,2016-07-20,2016-08-25
4328,284310567,M,2016-07-20,,172,Offline,10,2670,1167324,703091.1,464232.9,2016-07-20,2016-07-20,2016-09-02,75cecefc5cc705711fdc259f782c7056,2016-07-20,2016-07-20,2016-09-02
4329,439932334,H,2016-07-21,,122,Online,7,4609,948071.3,539759.99,408311.31,2016-07-21,2016-07-21,2016-08-06,cc1049be87ef8245a4ede4c5d95c7d4a,2016-07-21,2016-07-21,2016-08-06
4330,884520709,H,2016-07-22,,148,Online,3,8189,669286.97,464070.63,205216.34,2016-07-22,2016-07-22,2016-08-09,a802c921a37a06893b532a0fb6b5e9d0,2016-07-22,2016-07-22,2016-08-09
4331,269276034,M,2016-07-22,,166,Offline,3,3617,295617.41,204975.39,90642.02,2016-07-22,2016-07-22,2016-08-14,8465fd2ecfcf32a99394d37037a1b531,2016-07-22,2016-07-22,2016-08-14
4332,383611094,H,2016-07-22,,18,Online,4,7902,863530.56,283207.68,580322.88,2016-07-22,2016-07-22,2016-08-26,0b5b086279b2073d5f69eab3162b7e0b,2016-07-22,2016-07-22,2016-08-26
4333,179618585,L,2016-07-23,,87,Offline,1,1986,18529.38,13743.12,4786.26,2016-07-23,2016-07-23,2016-08-20,4534f0b01c80c060779033c1d0fd246e,2016-07-23,2016-07-23,2016-08-20
4334,140142476,C,2016-07-23,,52,Offline,9,128,54001.92,46680.32,7321.6,2016-07-23,2016-07-23,2016-09-02,051a26fca4eaa7cb7a9866315a80fe62,2016-07-23,2016-07-23,2016-09-02
4335,682574832,H,2016-07-24,,72,Offline,4,7916,865060.48,283709.44,581351.04,2016-07-24,2016-07-24,2016-08-28,087058b5e62c44a90be3347946137534,2016-07-24,2016-07-24,2016-08-28
4336,670059001,H,2016-07-24,,149,Online,1,4203,39213.99,29084.76,10129.23,2016-07-24,2016-07-24,2016-09-01,05d806072adb811902553527f709145d,2016-07-24,2016-07-24,2016-09-01
4337,649120604,L,2016-07-24,,42,Online,11,8067,5253311.07,4234852.32,1018458.75,2016-07-24,2016-07-24,2016-09-08,e90a114a5fd749a834d6423a95305708,2016-07-24,2016-07-24,2016-09-08
4338,407816636,L,2016-07-25,,112,Offline,10,860,375992,226463.8,149528.2,2016-07-25,2016-07-25,2016-07-26,fac54d2abaebc5aa66a4a2eb9c70689c,2016-07-25,2016-07-25,2016-07-26
4339,349802815,C,2016-07-25,,39,Offline,6,3281,505470.86,298341.33,207129.53,2016-07-25,2016-07-25,2016-08-15,125261858ab197e39f91a09d59c1c4ff,2016-07-25,2016-07-25,2016-08-15
4340,299739491,M,2016-07-25,,185,Offline,1,8431,78661.23,58342.52,20318.71,2016-07-25,2016-07-25,2016-09-01,236190845875c231f4ca37a478373dbd,2016-07-25,2016-07-25,2016-09-01
4341,597010648,L,2016-07-25,,36,Offline,4,7572,827468.16,271380.48,556087.68,2016-07-25,2016-07-25,2016-09-02,c05add8f75bd64c380fd0f7e617bc094,2016-07-25,2016-07-25,2016-09-02
4342,174935233,M,2016-07-26,,147,Online,10,6078,2657301.6,1600519.74,1056781.86,2016-07-26,2016-07-26,2016-07-29,6e33f4389aa43be4699692d159383f89,2016-07-26,2016-07-26,2016-07-29
4343,756843698,H,2016-07-26,,113,Online,1,5724,53404.92,39610.08,13794.84,2016-07-26,2016-07-26,2016-08-30,0d61a30bad60715b8edb53de74f2f288,2016-07-26,2016-07-26,2016-08-30
4344,513611114,H,2016-07-26,,101,Offline,4,7797,852056.16,279444.48,572611.68,2016-07-26,2016-07-26,2016-09-05,9c4a02643e04dd433b602c6710fafc99,2016-07-26,2016-07-26,2016-09-05
4345,349212729,C,2016-07-27,,54,Online,9,8662,3654411.18,3158944.78,495466.4,2016-07-27,2016-07-27,2016-09-11,b513d81a7cc55716f884fdeadbaa7086,2016-07-27,2016-07-27,2016-09-11
4346,193472945,M,2016-07-27,,180,Offline,10,1799,786522.8,473730.67,312792.13,2016-07-27,2016-07-27,2016-09-13,eba4b65794a3e67a4a0a2c9db6beeb88,2016-07-27,2016-07-27,2016-09-13
4347,619287574,H,2016-07-28,,63,Online,2,9810,465484.5,311859.9,153624.6,2016-07-28,2016-07-28,2016-08-02,b3fb1368a3d7fd020c7000df010618c3,2016-07-28,2016-07-28,2016-08-02
4348,976855218,C,2016-07-28,,2,Offline,12,2022,1351241.94,1016135.88,335106.06,2016-07-28,2016-07-28,2016-08-08,cfd53858fb6c5ad2e347b3f2759c978a,2016-07-28,2016-07-28,2016-08-08
4349,760346877,M,2016-07-29,,172,Online,12,2392,1598501.84,1202075.68,396426.16,2016-07-29,2016-07-29,2016-08-06,16353874ca2d0e956a7a397b36443ddd,2016-07-29,2016-07-29,2016-08-06
4350,787425172,L,2016-07-29,,123,Online,6,5462,841475.72,496659.66,344816.06,2016-07-29,2016-07-29,2016-08-22,cad0113ff836e3a159cca5b66ac6af3e,2016-07-29,2016-07-29,2016-08-22
4351,429975545,L,2016-07-29,,2,Online,8,8174,2086658.72,1303099.08,783559.64,2016-07-29,2016-07-29,2016-09-11,e05bce648c66141ec663a9da7f3ba6e8,2016-07-29,2016-07-29,2016-09-11
4352,394356667,C,2016-07-30,,169,Online,12,7756,5183102.12,3897700.24,1285401.88,2016-07-30,2016-07-30,2016-08-04,4efb3a033e85d73260627b7ddca55c63,2016-07-30,2016-07-30,2016-08-04
4353,972289884,H,2016-07-30,,39,Online,2,1038,49253.1,32998.02,16255.08,2016-07-30,2016-07-30,2016-08-11,6a79d25b4171bb365a10edbf84b9cb0a,2016-07-30,2016-07-30,2016-08-11
4354,333942162,L,2016-07-31,,10,Offline,7,9762,2008043.4,1143227.82,864815.58,2016-07-31,2016-07-31,2016-08-25,0a83d3bde4af94aedacb2a759652ef2d,2016-07-31,2016-07-31,2016-08-25
4355,591383159,M,2016-08-01,,181,Online,12,2273,1518977.71,1142273.42,376704.29,2016-08-01,2016-08-01,2016-08-15,a4c4382456503c2671c75cadc3d7b394,2016-08-01,2016-08-01,2016-08-15
4356,734843146,H,2016-08-01,,39,Online,10,5272,2304918.4,1388275.76,916642.64,2016-08-01,2016-08-01,2016-08-17,cb7d5c4918fc3cf7bcd1e6a6741c8b9f,2016-08-01,2016-08-01,2016-08-17
4357,961466634,H,2016-08-01,,2,Online,2,8198,388995.1,260614.42,128380.68,2016-08-01,2016-08-01,2016-08-17,0b68d9f11af56a0ffb17bb87378bc498,2016-08-01,2016-08-01,2016-08-17
4358,645421731,L,2016-08-01,,146,Offline,12,3488,2330925.76,1752859.52,578066.24,2016-08-01,2016-08-01,2016-08-22,9a19c01a4fd826b5cf7f96a35d7151d0,2016-08-01,2016-08-01,2016-08-22
4359,431432092,H,2016-08-01,,167,Offline,4,9198,1005157.44,329656.32,675501.12,2016-08-01,2016-08-01,2016-09-13,032cc085746ad78eebc22f2b06b35659,2016-08-01,2016-08-01,2016-09-13
4360,368852937,L,2016-08-02,,1,Online,10,636,278059.2,167477.88,110581.32,2016-08-02,2016-08-02,2016-08-15,561926b2c87d130108c5f0df8225c87e,2016-08-02,2016-08-02,2016-08-15
4361,809584081,L,2016-08-02,,116,Online,10,2775,1213230,730740.75,482489.25,2016-08-02,2016-08-02,2016-08-18,f50d0791d4dc77b6c0ec6513db89331c,2016-08-02,2016-08-02,2016-08-18
4362,607756221,H,2016-08-03,,139,Online,12,7426,4962573.02,3731862.04,1230710.98,2016-08-03,2016-08-03,2016-08-11,daeb1c447eb6a214f5f032e6903bce87,2016-08-03,2016-08-03,2016-08-11
4363,597169005,M,2016-08-03,,179,Offline,11,4434,2887465.14,2327672.64,559792.5,2016-08-03,2016-08-03,2016-08-14,deacae7dd92efe22e4cb753ff59beb79,2016-08-03,2016-08-03,2016-08-14
4364,285571420,C,2016-08-03,,44,Online,3,5784,472726.32,327779.28,144947.04,2016-08-03,2016-08-03,2016-09-13,3e0e32992da53a38ca2fa5cc4b3f324f,2016-08-03,2016-08-03,2016-09-13
4365,640974414,M,2016-08-03,,123,Online,1,7428,69303.24,51401.76,17901.48,2016-08-03,2016-08-03,2016-09-20,c0cc67345e8783573f8ffeee876e57c7,2016-08-03,2016-08-03,2016-09-20
4366,545059049,H,2016-08-04,,4,Offline,4,3940,430563.2,141209.6,289353.6,2016-08-04,2016-08-04,2016-08-08,358abe3a621b5cb7911bd1af18a2ae6a,2016-08-04,2016-08-04,2016-08-08
4367,709221398,M,2016-08-04,,19,Online,1,3227,30107.91,22330.84,7777.07,2016-08-04,2016-08-04,2016-09-23,18e9afe9537e5bd646a662b61b706a4d,2016-08-04,2016-08-04,2016-09-23
4368,243340575,C,2016-08-06,,140,Offline,2,8739,414665.55,277812.81,136852.74,2016-08-06,2016-08-06,2016-09-04,f18a39f2183182dbf0c20d46c05fe8c0,2016-08-06,2016-08-06,2016-09-04
4369,785890948,C,2016-08-06,,63,Offline,9,1451,612162.39,529165.19,82997.2,2016-08-06,2016-08-06,2016-09-24,30ebbb9350ea03b60cd318670863b05f,2016-08-06,2016-08-06,2016-09-24
4370,980870807,L,2016-08-07,,21,Offline,5,324,49435.92,31570.56,17865.36,2016-08-07,2016-08-07,2016-09-09,5f43b290039d253f3e0287890471693b,2016-08-07,2016-08-07,2016-09-09
4371,440603101,L,2016-08-07,,9,Online,3,3104,253689.92,175903.68,77786.24,2016-08-07,2016-08-07,2016-09-15,98ea66a3de7ccedcbdead5a0c720d4c3,2016-08-07,2016-08-07,2016-09-15
4372,806357276,C,2016-08-07,,81,Offline,5,7892,1204161.36,768996.48,435164.88,2016-08-07,2016-08-07,2016-09-18,8515a5e3ccfb141ce3b2771ae36b0510,2016-08-07,2016-08-07,2016-09-18
4373,461187446,M,2016-08-08,,71,Online,1,4469,41695.77,30925.48,10770.29,2016-08-08,2016-08-08,2016-08-14,e4defb3cd1969abac1bcacfe34b29470,2016-08-08,2016-08-08,2016-08-14
4374,307376277,C,2016-08-08,,49,Offline,1,8326,77681.58,57615.92,20065.66,2016-08-08,2016-08-08,2016-08-15,61c46389907516a7da3b5596ac5caf8e,2016-08-08,2016-08-08,2016-08-15
4375,851383197,M,2016-08-10,,119,Offline,12,2062,1377972.74,1036237.48,341735.26,2016-08-10,2016-08-10,2016-09-05,87318f840d5cee8578d2dcd0be820eb5,2016-08-10,2016-08-10,2016-09-05
4376,849454581,M,2016-08-10,,163,Online,11,1342,873923.82,704496.32,169427.5,2016-08-10,2016-08-10,2016-09-06,255d3404f2d853d6aa0d0289af621ed7,2016-08-10,2016-08-10,2016-09-06
4377,857759130,M,2016-08-10,,39,Offline,6,8843,1362352.58,804093.99,558258.59,2016-08-10,2016-08-10,2016-09-28,a2f5351f4ba5ef0f1abb042a04e10f48,2016-08-10,2016-08-10,2016-09-28
4379,614054477,C,2016-08-12,,18,Online,6,1220,187953.2,110934.6,77018.6,2016-08-12,2016-08-12,2016-08-16,e020b0823654b2f80db3646ff3c31633,2016-08-12,2016-08-12,2016-08-16
4380,483110320,H,2016-08-12,,67,Offline,6,1934,297952.04,175858.62,122093.42,2016-08-12,2016-08-12,2016-09-30,fed0dd65ee2580d87bd3c6b0dd0b295f,2016-08-12,2016-08-12,2016-09-30
4381,657505834,H,2016-08-13,,42,Offline,8,9442,2410353.76,1505243.64,905110.12,2016-08-13,2016-08-13,2016-08-28,188200b477e2873c476f0985fa389098,2016-08-13,2016-08-13,2016-08-28
4382,364327943,H,2016-08-14,,14,Offline,4,1589,173645.92,56949.76,116696.16,2016-08-14,2016-08-14,2016-08-26,ee8b03b5d838044c1ea5d5c71017d025,2016-08-14,2016-08-14,2016-08-26
4383,834065997,L,2016-08-14,,34,Offline,12,7518,5024053.86,3778095.72,1245958.14,2016-08-14,2016-08-14,2016-09-14,2018e0b7e194f6da8decc33ee8652dcd,2016-08-14,2016-08-14,2016-09-14
4384,933720576,H,2016-08-14,,4,Offline,6,7523,1158993.38,684066.39,474926.99,2016-08-14,2016-08-14,2016-10-01,f4a696807afc57bf5a7c6626ecea3a23,2016-08-14,2016-08-14,2016-10-01
4385,444854724,L,2016-08-16,,131,Offline,3,1253,102407.69,71007.51,31400.18,2016-08-16,2016-08-16,2016-08-26,eb41496623abfbdf440c6467d92d6b48,2016-08-16,2016-08-16,2016-08-26
4386,590479362,L,2016-08-16,,113,Offline,8,4820,1230449.6,768404.4,462045.2,2016-08-16,2016-08-16,2016-08-28,c226109d811c76841d118318ffb8d39c,2016-08-16,2016-08-16,2016-08-28
4387,552931869,H,2016-08-16,,34,Offline,9,3682,1553398.98,1342788.58,210610.4,2016-08-16,2016-08-16,2016-09-09,7603b27b728307155c49fc6dc9df0d27,2016-08-16,2016-08-16,2016-09-09
4388,322215116,C,2016-08-16,,93,Online,9,9468,3994454.52,3452884.92,541569.6,2016-08-16,2016-08-16,2016-09-11,04c1996d6fc6e5383a5e604b132e98c5,2016-08-16,2016-08-16,2016-09-11
4389,957926118,L,2016-08-18,,24,Online,5,480,73238.4,46771.2,26467.2,2016-08-18,2016-08-18,2016-09-01,ce2dfb13e33375866555484c391c9afc,2016-08-18,2016-08-18,2016-09-01
4390,172261178,M,2016-08-18,,161,Offline,8,4765,1216409.2,759636.3,456772.9,2016-08-18,2016-08-18,2016-09-13,56a29aff4ff00b0d0c860649ee7b8eb3,2016-08-18,2016-08-18,2016-09-13
4391,947456920,M,2016-08-18,,40,Online,2,2412,114449.4,76677.48,37771.92,2016-08-18,2016-08-18,2016-09-30,41aa598b8028cbb04e168a4e16e17d07,2016-08-18,2016-08-18,2016-09-30
4392,525381505,H,2016-08-19,,22,Offline,6,917,141273.02,83382.81,57890.21,2016-08-19,2016-08-19,2016-08-27,7917deafecbbb2953410d7b18137fe91,2016-08-19,2016-08-19,2016-08-27
4393,273962390,L,2016-08-19,,95,Offline,1,414,3862.62,2864.88,997.74,2016-08-19,2016-08-19,2016-09-05,31a1ca55fced2030bd0f704b80aa7caf,2016-08-19,2016-08-19,2016-09-05
4394,570997512,L,2016-08-19,,102,Offline,8,9707,2478002.96,1547489.94,930513.02,2016-08-19,2016-08-19,2016-09-06,c86981fa96dd0860d731d598e9388a3a,2016-08-19,2016-08-19,2016-09-06
4395,531521403,H,2016-08-19,,86,Offline,1,7850,73240.5,54322,18918.5,2016-08-19,2016-08-19,2016-09-19,66e4d3b22449349977ec651b99ea44a9,2016-08-19,2016-08-19,2016-09-19
4396,566432178,H,2016-08-21,,146,Online,6,8724,1344019.44,793273.32,550746.12,2016-08-21,2016-08-21,2016-09-09,340c638efbd328284599597bab1cd61c,2016-08-21,2016-08-21,2016-09-09
4397,874172532,M,2016-08-21,,88,Offline,12,5933,3964845.91,2981569.82,983276.09,2016-08-21,2016-08-21,2016-10-02,663ca346f52ed106a54009827575554c,2016-08-21,2016-08-21,2016-10-02
4398,724454629,M,2016-08-21,,177,Offline,2,1079,51198.55,34301.41,16897.14,2016-08-21,2016-08-21,2016-10-02,8e1b1c384363ddfc44cbc194127e233b,2016-08-21,2016-08-21,2016-10-02
4399,265185773,H,2016-08-21,,14,Offline,2,3218,152694.1,102300.22,50393.88,2016-08-21,2016-08-21,2016-10-05,1458a2cdcf730f470bedf0fa4610bc4a,2016-08-21,2016-08-21,2016-10-05
4400,291910016,C,2016-08-22,,2,Offline,9,1515,639163.35,552505.35,86658,2016-08-22,2016-08-22,2016-09-27,27186917761ed25e16cf50ceb14612d8,2016-08-22,2016-08-22,2016-09-27
4401,649477660,L,2016-08-22,,119,Offline,10,3727,1629444.4,981430.91,648013.49,2016-08-22,2016-08-22,2016-10-03,09719bc8064ddaf832348d5b22d1b7aa,2016-08-22,2016-08-22,2016-10-03
4402,559466159,C,2016-08-25,,122,Offline,5,7324,1117495.92,713650.56,403845.36,2016-08-25,2016-08-25,2016-09-15,69fba3fefc8217b026d3fe11ec64fd8f,2016-08-25,2016-08-25,2016-09-15
4403,139201343,H,2016-08-27,,138,Offline,10,1625,710450,427911.25,282538.75,2016-08-27,2016-08-27,2016-09-06,47e1f865d3452de57e248f9708cf57cc,2016-08-27,2016-08-27,2016-09-06
4404,440565764,M,2016-08-27,,95,Online,2,2055,97509.75,65328.45,32181.3,2016-08-27,2016-08-27,2016-09-06,6332fb959788aa010df7c442c886df84,2016-08-27,2016-08-27,2016-09-06
4405,176630818,H,2016-08-27,,21,Offline,6,7839,1207676.34,712800.27,494876.07,2016-08-27,2016-08-27,2016-09-19,4eff1812c00babfa9ab59b7ce2aa5c9c,2016-08-27,2016-08-27,2016-09-19
4406,579814469,M,2016-08-27,,184,Offline,4,8841,966144.48,316861.44,649283.04,2016-08-27,2016-08-27,2016-10-05,a36694cde9561f611fec28cce4fd8126,2016-08-27,2016-08-27,2016-10-05
4407,238737905,H,2016-08-28,,148,Offline,11,6706,4367014.26,3520381.76,846632.5,2016-08-28,2016-08-28,2016-08-30,44f9c5cb337e4c5e0a3cb988e9f58f6e,2016-08-28,2016-08-28,2016-08-30
4408,232479989,L,2016-08-28,,22,Offline,10,4850,2120420,1277150.5,843269.5,2016-08-28,2016-08-28,2016-09-01,7fbbc015088cb33b6fe52561fd46d0da,2016-08-28,2016-08-28,2016-09-01
4409,789592826,C,2016-08-28,,149,Offline,8,6919,1766282.32,1103026.98,663255.34,2016-08-28,2016-08-28,2016-10-11,0791d536026f06583ede7942ad6d9c25,2016-08-28,2016-08-28,2016-10-11
4410,292540442,H,2016-08-29,,158,Offline,12,8073,5394943.71,4057005.42,1337938.29,2016-08-29,2016-08-29,2016-09-07,b933ea0c25abc9fe9f7df8483b9201a1,2016-08-29,2016-08-29,2016-09-07
4411,853746545,L,2016-08-29,,181,Online,4,1430,156270.4,51251.2,105019.2,2016-08-29,2016-08-29,2016-10-15,06ac7003d9d5e1d7b7861073608325bd,2016-08-29,2016-08-29,2016-10-15
4412,365116727,M,2016-08-30,,80,Offline,12,5008,3346696.16,2516720.32,829975.84,2016-08-30,2016-08-30,2016-09-08,846727dce17e973e02110bc7c4d55c88,2016-08-30,2016-08-30,2016-09-08
4413,500272166,H,2016-08-30,,152,Online,1,506,4720.98,3501.52,1219.46,2016-08-30,2016-08-30,2016-10-09,1653f0e251858f8e875a7e2b3ab276a9,2016-08-30,2016-08-30,2016-10-09
4414,832690131,M,2016-08-31,,113,Offline,3,369,30158.37,20911.23,9247.14,2016-08-31,2016-08-31,2016-09-29,37c2c1ddd8a0781bdc9bc99854d2d018,2016-08-31,2016-08-31,2016-09-29
4415,688994109,M,2016-09-01,,6,Online,6,7523,1158993.38,684066.39,474926.99,2016-09-01,2016-09-01,2016-09-27,99eefd6cc9f17da18358c67a16729a81,2016-09-01,2016-09-01,2016-09-27
4416,541440856,M,2016-09-01,,76,Online,3,3236,264478.28,183384.12,81094.16,2016-09-01,2016-09-01,2016-09-27,efe04d60111a38f6a0bcb779d43f80fe,2016-09-01,2016-09-01,2016-09-27
4417,304112136,H,2016-09-03,,77,Offline,1,2394,22336.02,16566.48,5769.54,2016-09-03,2016-09-03,2016-09-07,53cb22d684c9ff6f9bdaf2cbb25137b4,2016-09-03,2016-09-03,2016-09-07
4418,582491528,M,2016-09-03,,67,Offline,3,1042,85162.66,59050.14,26112.52,2016-09-03,2016-09-03,2016-10-10,d612331a2a1ff0ccfc9c6944c3bde0e5,2016-09-03,2016-09-03,2016-10-10
4419,137549102,L,2016-09-04,,27,Offline,2,2691,127687.95,85546.89,42141.06,2016-09-04,2016-09-04,2016-09-13,488752631e960d6035accc7195e418e2,2016-09-04,2016-09-04,2016-09-13
4420,719339549,C,2016-09-05,,56,Offline,12,7413,4953885.51,3725329.02,1228556.49,2016-09-05,2016-09-05,2016-09-21,720ef2ee233fd58f4d646f0f6136b5e5,2016-09-05,2016-09-05,2016-09-21
4421,264163959,C,2016-09-05,,4,Online,2,840,39858,26703.6,13154.4,2016-09-05,2016-09-05,2016-09-22,f4eea20eec091677ce796e46ef67cd20,2016-09-05,2016-09-05,2016-09-22
4422,463591134,C,2016-09-05,,79,Offline,12,5773,3857922.71,2901163.42,956759.29,2016-09-05,2016-09-05,2016-10-01,810b08e3698eb17429416d947477793f,2016-09-05,2016-09-05,2016-10-01
4424,611026370,H,2016-09-06,,142,Online,8,5136,1311118.08,818781.12,492336.96,2016-09-06,2016-09-06,2016-09-07,5663be438f7c979ea6cd2e85714236a0,2016-09-06,2016-09-06,2016-09-07
4425,865948665,C,2016-09-10,,72,Online,9,2308,973722.12,841704.52,132017.6,2016-09-10,2016-09-10,2016-09-26,a852b6d8eaa8c6a40774b3a404cffc95,2016-09-10,2016-09-10,2016-09-26
4426,562419593,H,2016-09-10,,41,Offline,12,1311,876101.97,658829.94,217272.03,2016-09-10,2016-09-10,2016-09-27,46985dd5d7bf036a7815902b146df12f,2016-09-10,2016-09-10,2016-09-27
4427,874017179,L,2016-09-11,,130,Offline,3,9961,814112.53,564489.87,249622.66,2016-09-11,2016-09-11,2016-10-19,1cb4de30d8a784fb18fd12039eae213a,2016-09-11,2016-09-11,2016-10-19
4428,645111024,C,2016-09-12,,24,Offline,9,1543,650976.27,562716.67,88259.6,2016-09-12,2016-09-12,2016-09-26,b550a0017a16370fd2453b860a58d748,2016-09-12,2016-09-12,2016-09-26
4429,104253232,C,2016-09-14,,9,Offline,6,9703,1494844.18,882293.79,612550.39,2016-09-14,2016-09-14,2016-10-29,4a5ff73e0ede7f457f054446c481eb1b,2016-09-14,2016-09-14,2016-10-29
4430,203907811,L,2016-09-15,,68,Offline,8,9707,2478002.96,1547489.94,930513.02,2016-09-15,2016-09-15,2016-09-26,9812fc8dc831d52387980bd8a5f901af,2016-09-15,2016-09-15,2016-09-26
4431,349060380,H,2016-09-16,,167,Online,8,3578,913391.84,570404.76,342987.08,2016-09-16,2016-09-16,2016-09-28,073517f65190e107742a659a3c4b1824,2016-09-16,2016-09-16,2016-09-28
4432,723355138,L,2016-09-16,,31,Offline,2,5715,271176.75,181679.85,89496.9,2016-09-16,2016-09-16,2016-10-24,b738d2969e25cbcfbd5d407d2af33e56,2016-09-16,2016-09-16,2016-10-24
4433,862485826,C,2016-09-16,,155,Offline,11,7577,4934218.17,3977621.92,956596.25,2016-09-16,2016-09-16,2016-10-27,441150ed7d5c239c210a97e2d4fc5990,2016-09-16,2016-09-16,2016-10-27
4434,621299874,L,2016-09-17,,82,Offline,9,5294,2233485.66,1930668.86,302816.8,2016-09-17,2016-09-17,2016-10-08,050c5ba67ef43406f64def4e57a512e2,2016-09-17,2016-09-17,2016-10-08
4435,217880189,C,2016-09-18,,177,Offline,6,4445,684796.7,404183.85,280612.85,2016-09-18,2016-09-18,2016-09-23,dcbb2f3e5cade9bd77a740153fc62c88,2016-09-18,2016-09-18,2016-09-23
4436,949388539,M,2016-09-18,,153,Online,5,4021,613524.18,391806.24,221717.94,2016-09-18,2016-09-18,2016-09-30,525add1b9ec9d87dd08d0981d6bb73f4,2016-09-18,2016-09-18,2016-09-30
4437,708320605,L,2016-09-18,,137,Offline,1,6662,62156.46,46101.04,16055.42,2016-09-18,2016-09-18,2016-10-05,17b1ac088c05074d8c00fed00f4e7a76,2016-09-18,2016-09-18,2016-10-05
4438,444385659,M,2016-09-18,,97,Online,12,2447,1635256.69,1229715.38,405541.31,2016-09-18,2016-09-18,2016-10-18,2cfe9d599aa25d9560261aa4b9a7336c,2016-09-18,2016-09-18,2016-10-18
4439,402626883,C,2016-09-19,,15,Online,9,5097,2150373.33,1858824.93,291548.4,2016-09-19,2016-09-19,2016-10-08,f24a085c975130b6096810efde93629c,2016-09-19,2016-09-19,2016-10-08
4440,548015487,L,2016-09-19,,138,Online,1,8815,82243.95,60999.8,21244.15,2016-09-19,2016-09-19,2016-10-09,43756fc5717f23c6b5eb9c72c0867e24,2016-09-19,2016-09-19,2016-10-09
4441,761887109,M,2016-09-20,,180,Offline,4,8181,894019.68,293207.04,600812.64,2016-09-20,2016-09-20,2016-10-14,e0cdbce9d739e41bd19c0a712683e30e,2016-09-20,2016-09-20,2016-10-14
4442,416953313,H,2016-09-20,,138,Offline,2,4606,218554.7,146424.74,72129.96,2016-09-20,2016-09-20,2016-10-29,95d9fa22381a292fd6a4cb1b0160c7ca,2016-09-20,2016-09-20,2016-10-29
4443,743113362,H,2016-09-21,,151,Online,8,2612,666791.36,416405.04,250386.32,2016-09-21,2016-09-21,2016-10-21,013cd92465b3000ebd22e5904a35763b,2016-09-21,2016-09-21,2016-10-21
4445,946515786,L,2016-09-22,,128,Online,3,3910,319564.3,221579.7,97984.6,2016-09-22,2016-09-22,2016-10-04,8f4ecf087888dbafb57b25462833b969,2016-09-22,2016-09-22,2016-10-04
4446,115116822,H,2016-09-22,,117,Online,12,4481,2994517.87,2251881.74,742636.13,2016-09-22,2016-09-22,2016-11-01,3a6287a862de2a53adf638a7cfaa6019,2016-09-22,2016-09-22,2016-11-01
4447,601345956,H,2016-09-23,,92,Offline,8,486,124066.08,77478.12,46587.96,2016-09-23,2016-09-23,2016-10-20,06ac8d7395de8196f76868edc4c7bd68,2016-09-23,2016-09-23,2016-10-20
4448,312379348,C,2016-09-23,,49,Offline,11,8846,5760603.66,4643796.16,1116807.5,2016-09-23,2016-09-23,2016-11-11,a260a454aa822f96d4abfacba11a8560,2016-09-23,2016-09-23,2016-11-11
4449,742405259,M,2016-09-24,,112,Online,4,3069,335380.32,109992.96,225387.36,2016-09-24,2016-09-24,2016-10-24,4e2f8d76317914cd8d1c866a513c2533,2016-09-24,2016-09-24,2016-10-24
4450,823286092,L,2016-09-25,,22,Online,12,7505,5015366.35,3771562.7,1243803.65,2016-09-25,2016-09-25,2016-09-27,2c6dd50977954b4b5df84c4d7ef3412c,2016-09-25,2016-09-25,2016-09-27
4451,864808833,C,2016-09-25,,65,Offline,7,5007,1029939.9,586369.77,443570.13,2016-09-25,2016-09-25,2016-10-09,bad1a3fee2ce6517d78e1adf1358c03a,2016-09-25,2016-09-25,2016-10-09
4452,619647634,C,2016-09-25,,62,Offline,6,6360,979821.6,578314.8,401506.8,2016-09-25,2016-09-25,2016-10-16,93b32c2e584fcaf30463c1044b371e95,2016-09-25,2016-09-25,2016-10-16
4453,384601581,M,2016-09-25,,79,Online,1,1009,9413.97,6982.28,2431.69,2016-09-25,2016-09-25,2016-10-19,7c98fff3bdd47e7fec5cca1087050ac0,2016-09-25,2016-09-25,2016-10-19
4454,351383388,H,2016-09-25,,141,Online,4,1008,110154.24,36126.72,74027.52,2016-09-25,2016-09-25,2016-10-30,68c23cd644bd3fb12e48749c5071c454,2016-09-25,2016-09-25,2016-10-30
4455,116573369,C,2016-09-25,,3,Offline,9,5505,2322504.45,2007618.45,314886,2016-09-25,2016-09-25,2016-11-03,531f309c701987fd26359c24d555b7ef,2016-09-25,2016-09-25,2016-11-03
4456,806440961,M,2016-09-26,,116,Online,7,2656,546339.2,311044.16,235295.04,2016-09-26,2016-09-26,2016-10-04,44e894e43465e97d5483cf1d9327c4d1,2016-09-26,2016-09-26,2016-10-04
4457,833519256,C,2016-09-26,,149,Offline,4,5725,625628,205184,420444,2016-09-26,2016-09-26,2016-10-20,9b9843d784ba523e42c3e68957047fff,2016-09-26,2016-09-26,2016-10-20
4458,278571069,L,2016-09-26,,122,Online,8,4225,1078558,673549.5,405008.5,2016-09-26,2016-09-26,2016-10-30,5f38a2d63331477576ce795662ac8e90,2016-09-26,2016-09-26,2016-10-30
4459,355122601,L,2016-09-27,,106,Online,2,7524,357013.8,239187.96,117825.84,2016-09-27,2016-09-27,2016-10-05,383419e4b70a72ac5b6e5dddce186d3f,2016-09-27,2016-09-27,2016-10-05
4460,747955071,H,2016-09-27,,155,Offline,4,5382,588144.96,192890.88,395254.08,2016-09-27,2016-09-27,2016-10-25,3391edf397d1768f4e1bdae06adc8ae3,2016-09-27,2016-09-27,2016-10-25
4461,130781781,M,2016-09-27,,126,Offline,9,90,37970.1,32822.1,5148,2016-09-27,2016-09-27,2016-10-31,7d231dbd79645e0ca878614173bcd25d,2016-09-27,2016-09-27,2016-10-31
4462,348982703,L,2016-09-27,,162,Offline,8,592,151125.76,94376.64,56749.12,2016-09-27,2016-09-27,2016-11-02,e1beab28e0772c4236ecde5af3196c3d,2016-09-27,2016-09-27,2016-11-02
4463,240787541,C,2016-09-27,,57,Offline,12,3239,2164526.53,1627727.06,536799.47,2016-09-27,2016-09-27,2016-11-13,791141b7cb5344d6a0a874f664d36c35,2016-09-27,2016-09-27,2016-11-13
4464,934984433,C,2016-09-28,,77,Online,6,1526,235095.56,138759.18,96336.38,2016-09-28,2016-09-28,2016-10-13,b137da58570043dffa4c60ac5e0095a8,2016-09-28,2016-09-28,2016-10-13
4465,471386277,M,2016-09-28,,129,Online,6,2530,389771.8,230052.9,159718.9,2016-09-28,2016-09-28,2016-10-17,bb194faca72b5f1da3998a8f67b113fe,2016-09-28,2016-09-28,2016-10-17
4466,454777181,H,2016-09-28,,22,Offline,3,7529,615345.17,426668.43,188676.74,2016-09-28,2016-09-28,2016-10-23,6125878ae1f9d6645771b5c273cf6773,2016-09-28,2016-09-28,2016-10-23
4467,579463422,L,2016-09-28,,164,Online,1,4958,46258.14,34309.36,11948.78,2016-09-28,2016-09-28,2016-11-01,1ef6150da741e35cf6edc97af7e06756,2016-09-28,2016-09-28,2016-11-01
4468,576944720,L,2016-09-30,,163,Offline,10,9619,4205426.8,2532971.27,1672455.53,2016-09-30,2016-09-30,2016-10-09,d220d779a3c7912393deb5e99ca66c00,2016-09-30,2016-09-30,2016-10-09
4469,663965451,L,2016-10-01,,130,Offline,2,987,46833.15,31376.73,15456.42,2016-10-01,2016-10-01,2016-10-05,1ef00f763e35deaaebaa94d252b85ca4,2016-10-01,2016-10-01,2016-10-05
4470,127791011,C,2016-10-01,,154,Offline,2,5055,239859.75,160698.45,79161.3,2016-10-01,2016-10-01,2016-10-09,219345f83ccbd0c13c46c5c88cec013e,2016-10-01,2016-10-01,2016-10-09
4471,113346564,H,2016-10-01,,15,Online,10,622,271938.4,163791.26,108147.14,2016-10-01,2016-10-01,2016-10-14,79bd89dc316e8c16214be02a07e1ef78,2016-10-01,2016-10-01,2016-10-14
4472,645309722,C,2016-10-01,,11,Offline,9,342,144286.38,124723.98,19562.4,2016-10-01,2016-10-01,2016-11-06,1553de550f4514e76b3824cfe4685b77,2016-10-01,2016-10-01,2016-11-06
4473,368622910,L,2016-10-02,,129,Offline,12,2566,1714780.82,1289517.64,425263.18,2016-10-02,2016-10-02,2016-10-05,9a5d97c89d948fc58eddc1192df3438b,2016-10-02,2016-10-02,2016-10-05
4474,622324693,C,2016-10-02,,179,Online,7,8561,1760997.7,1002578.71,758418.99,2016-10-02,2016-10-02,2016-10-21,3719f9edb6b6ce3e1eef55cd9c6ae3c3,2016-10-02,2016-10-02,2016-10-21
4475,202295911,H,2016-10-03,,178,Online,10,2710,1184812,713624.3,471187.7,2016-10-03,2016-10-03,2016-10-11,a0b8996d3e02b74dae010f2806704a48,2016-10-03,2016-10-03,2016-10-11
4476,337215316,L,2016-10-03,,162,Offline,8,8360,2134140.8,1332751.2,801389.6,2016-10-03,2016-10-03,2016-11-11,590dd774c2d014a4d47714964abfbe19,2016-10-03,2016-10-03,2016-11-11
4477,401251018,L,2016-10-05,,102,Online,11,7948,5175817.08,4172382.08,1003435,2016-10-05,2016-10-05,2016-10-22,c3735031ca2226c06e0b302f6c6e03e0,2016-10-05,2016-10-05,2016-10-22
4478,112520444,C,2016-10-05,,78,Offline,9,6155,2596732.95,2244666.95,352066,2016-10-05,2016-10-05,2016-11-12,2c28e3f55fc61f1bab98a0fe5e95cabb,2016-10-05,2016-10-05,2016-11-12
4479,486461150,M,2016-10-05,,139,Offline,6,3519,542137.14,319982.67,222154.47,2016-10-05,2016-10-05,2016-11-13,f9fb9d4f1e4296a8e5a8b3bcfb8c2016,2016-10-05,2016-10-05,2016-11-13
4480,791446769,L,2016-10-08,,10,Offline,5,5541,845445.78,539915.04,305530.74,2016-10-08,2016-10-08,2016-11-13,b1363e9e7d73816363bd040a7e0aaf9c,2016-10-08,2016-10-08,2016-11-13
4481,502244126,M,2016-10-10,,168,Offline,9,4053,1709920.17,1478088.57,231831.6,2016-10-10,2016-10-10,2016-10-17,8d3fe990565d78977365ed0cdb3c00a9,2016-10-10,2016-10-10,2016-10-17
4482,826357543,L,2016-10-10,,1,Online,2,6415,304391.75,203932.85,100458.9,2016-10-10,2016-10-10,2016-11-03,c89c3d847c375fb2b34e7ca38014f8d5,2016-10-10,2016-10-10,2016-11-03
4483,520663821,C,2016-10-11,,152,Offline,10,4850,2120420,1277150.5,843269.5,2016-10-11,2016-10-11,2016-11-06,c4f6187318c8ebade5e5d4df3001d8b9,2016-10-11,2016-10-11,2016-11-06
4484,474929797,L,2016-10-11,,22,Offline,7,1136,233675.2,133036.96,100638.24,2016-10-11,2016-10-11,2016-11-22,0431a10f62b3e3baa60397e49f13e7b9,2016-10-11,2016-10-11,2016-11-22
4485,252045524,H,2016-10-13,,7,Offline,9,4726,1993852.14,1723524.94,270327.2,2016-10-13,2016-10-13,2016-10-28,697cd431acd52bca44fb87caa65709f6,2016-10-13,2016-10-13,2016-10-28
4486,873312079,H,2016-10-14,,80,Online,8,1306,333395.68,208202.52,125193.16,2016-10-14,2016-10-14,2016-10-22,9597fd3e7fa9e8c704bdebc3d7596793,2016-10-14,2016-10-14,2016-10-22
4487,971038043,L,2016-10-14,,82,Online,11,590,384213.9,309726.4,74487.5,2016-10-14,2016-10-14,2016-11-08,2ad99b918bb01b9a41de265ab7a2380f,2016-10-14,2016-10-14,2016-11-08
4489,133145129,L,2016-10-15,,61,Online,9,9457,3989813.73,3448873.33,540940.4,2016-10-15,2016-10-15,2016-10-19,e46b1be99c4c84a153c416285ae3aaf7,2016-10-15,2016-10-15,2016-10-19
4490,623821580,L,2016-10-15,,32,Offline,1,1523,14209.59,10539.16,3670.43,2016-10-15,2016-10-15,2016-10-31,e630a6a87b75e81b940b269c7fe71607,2016-10-15,2016-10-15,2016-10-31
4491,403337991,L,2016-10-15,,34,Offline,6,5529,851797.74,502751.97,349045.77,2016-10-15,2016-10-15,2016-11-24,1796d7c2c10ee202226336d82f6635b2,2016-10-15,2016-10-15,2016-11-24
4492,723240125,H,2016-10-16,,78,Offline,10,1680,734496,442394.4,292101.6,2016-10-16,2016-10-16,2016-11-18,5c44ed4affd183cc2d45462b1873b646,2016-10-16,2016-10-16,2016-11-18
4493,679552733,L,2016-10-17,,78,Offline,4,3610,394500.8,129382.4,265118.4,2016-10-17,2016-10-17,2016-11-08,d5c6d08c7c25abb611763a1b2ea6e456,2016-10-17,2016-10-17,2016-11-08
4494,980917155,C,2016-10-17,,98,Offline,9,4039,1704013.71,1472982.91,231030.8,2016-10-17,2016-10-17,2016-11-08,11c9f6d537b4d8b661e29d8faf838fb4,2016-10-17,2016-10-17,2016-11-08
4495,132673060,M,2016-10-18,,78,Offline,7,9762,2008043.4,1143227.82,864815.58,2016-10-18,2016-10-18,2016-10-22,cebb7109fce09ddb097cfaf7cb2c9842,2016-10-18,2016-10-18,2016-10-22
4496,292624127,L,2016-10-18,,100,Online,2,2837,134615.65,90188.23,44427.42,2016-10-18,2016-10-18,2016-11-13,6ea83342ae424c8d6e19057fad5a88d2,2016-10-18,2016-10-18,2016-11-13
4497,151092755,C,2016-10-19,,146,Online,4,559,61087.52,20034.56,41052.96,2016-10-19,2016-10-19,2016-11-11,d5860bd00ba63f9e0839d564a7a5d2aa,2016-10-19,2016-10-19,2016-11-11
4498,691360461,C,2016-10-20,,86,Offline,8,7779,1985823.12,1240128.18,745694.94,2016-10-20,2016-10-20,2016-11-07,2e1ec4d376cd830bfac97060a274ae78,2016-10-20,2016-10-20,2016-11-07
4499,813882052,C,2016-10-20,,59,Online,4,4640,507059.2,166297.6,340761.6,2016-10-20,2016-10-20,2016-11-16,527f9ad8fe97967396d507e559246ecf,2016-10-20,2016-10-20,2016-11-16
4500,803294837,H,2016-10-21,,181,Online,11,1648,1073194.08,865134.08,208060,2016-10-21,2016-10-21,2016-11-20,dc34d699c7412e953015ee414130a584,2016-10-21,2016-10-21,2016-11-20
4501,849146878,C,2016-10-21,,12,Online,2,286,13570.7,9091.94,4478.76,2016-10-21,2016-10-21,2016-11-30,4468fd9f4ad2016277f6fe7cc30daaf8,2016-10-21,2016-10-21,2016-11-30
4503,569941365,M,2016-10-24,,34,Online,8,7170,1830357.6,1143041.4,687316.2,2016-10-24,2016-10-24,2016-11-26,acb8ba12f227f78ae177919b7b2f58ae,2016-10-24,2016-10-24,2016-11-26
4504,600876891,L,2016-10-25,,107,Online,10,1680,734496,442394.4,292101.6,2016-10-25,2016-10-25,2016-12-11,ba15d434a1614bd3daa6de586f93d078,2016-10-25,2016-10-25,2016-12-11
4505,201668488,C,2016-10-26,,133,Online,3,7042,575542.66,399070.14,176472.52,2016-10-26,2016-10-26,2016-10-31,c12e6df8d54639369ce6f133bb5d9c06,2016-10-26,2016-10-26,2016-10-31
4506,565376031,L,2016-10-26,,31,Offline,1,6186,57715.38,42807.12,14908.26,2016-10-26,2016-10-26,2016-11-29,b6eb47510daf0bc3e4b9e5fef10073f3,2016-10-26,2016-10-26,2016-11-29
4507,284595954,C,2016-10-27,,137,Offline,10,7122,3113738.4,1875436.26,1238302.14,2016-10-27,2016-10-27,2016-10-29,5d525313eb0e2ea8934fc6d8ae207baa,2016-10-27,2016-10-27,2016-10-29
4508,793810117,C,2016-10-27,,42,Online,5,4909,749015.22,478332.96,270682.26,2016-10-27,2016-10-27,2016-11-03,dab5a358961a71ae3a31716f09050391,2016-10-27,2016-10-27,2016-11-03
4509,481976497,H,2016-10-27,,26,Online,1,6411,59814.63,44364.12,15450.51,2016-10-27,2016-10-27,2016-12-03,c697d1d4429fb0d817901b35487bca9f,2016-10-27,2016-10-27,2016-12-03
4510,542272984,C,2016-10-27,,150,Online,11,9481,6174122.01,4977145.76,1196976.25,2016-10-27,2016-10-27,2016-12-08,0d4ccdbd86adec5b854fe70e69f46fb9,2016-10-27,2016-10-27,2016-12-08
4511,487998378,M,2016-10-28,,123,Offline,4,8419,920028.32,301736.96,618291.36,2016-10-28,2016-10-28,2016-12-01,1847762901f5220a147f0704ad87a75d,2016-10-28,2016-10-28,2016-12-01
4512,111893022,L,2016-10-28,,45,Online,8,486,124066.08,77478.12,46587.96,2016-10-28,2016-10-28,2016-12-02,132593cb6511100385aac8b0e109d6a9,2016-10-28,2016-10-28,2016-12-02
4513,269443404,M,2016-10-30,,175,Online,10,3146,1375431.2,828436.18,546995.02,2016-10-30,2016-10-30,2016-11-05,ec2e381bd51b3a7a0a3f8b5e3a606138,2016-10-30,2016-10-30,2016-11-05
4514,381495797,M,2016-10-31,,12,Offline,8,1939,494987.92,309115.38,185872.54,2016-10-31,2016-10-31,2016-12-15,b725cdc4b59e005d7cd70e9b2a909c23,2016-10-31,2016-10-31,2016-12-15
4515,905036389,L,2016-11-01,,172,Online,7,9234,1899433.8,1081393.74,818040.06,2016-11-01,2016-11-01,2016-11-20,87227fab52ada00cfe38fa81f8bb26ee,2016-11-01,2016-11-01,2016-11-20
4516,329149806,C,2016-11-01,,49,Online,9,1597,673758.33,582409.93,91348.4,2016-11-01,2016-11-01,2016-12-08,5b038fe92b023193027eda77f670f7e3,2016-11-01,2016-11-01,2016-12-08
4517,403772723,C,2016-11-02,,100,Offline,10,4176,1825747.2,1099666.08,726081.12,2016-11-02,2016-11-02,2016-11-13,34fb97a8aa6aecf4aefbd1058cb09f7b,2016-11-02,2016-11-02,2016-11-13
4518,339500987,L,2016-11-02,,148,Offline,8,4741,1210282.48,755810.22,454472.26,2016-11-02,2016-11-02,2016-12-05,1d43b2cdf8961d9f66c19224c96889f3,2016-11-02,2016-11-02,2016-12-05
4519,775666797,C,2016-11-03,,31,Online,1,5897,55019.01,40807.24,14211.77,2016-11-03,2016-11-03,2016-12-11,8cbd7b95b5c1e38026b5227d29f986cc,2016-11-03,2016-11-03,2016-12-11
4520,216625344,L,2016-11-03,,151,Offline,1,3108,28997.64,21507.36,7490.28,2016-11-03,2016-11-03,2016-12-22,0e933c34c782ac802d89107cdf6705d9,2016-11-03,2016-11-03,2016-12-22
4521,690220630,C,2016-11-04,,101,Online,12,477,318764.79,239711.58,79053.21,2016-11-04,2016-11-04,2016-11-19,9d2d5e8621516ac0967098af586a3213,2016-11-04,2016-11-04,2016-11-19
4522,375632274,C,2016-11-08,,70,Online,10,6792,2969462.4,1788537.36,1180925.04,2016-11-08,2016-11-08,2016-11-28,1c68ccb1e97533439a7f1ac726e81f71,2016-11-08,2016-11-08,2016-11-28
4523,321475684,H,2016-11-08,,109,Offline,5,654,99787.32,63725.76,36061.56,2016-11-08,2016-11-08,2016-12-16,22879116f39f2953cfb4c1230df63c85,2016-11-08,2016-11-08,2016-12-16
4524,325450932,C,2016-11-09,,41,Online,12,7018,4689918.86,3526825.72,1163093.14,2016-11-09,2016-11-09,2016-11-20,6ed22f0bc6123798e18359a586113711,2016-11-09,2016-11-09,2016-11-20
4525,761970794,C,2016-11-09,,157,Online,7,2945,605786.5,344888.95,260897.55,2016-11-09,2016-11-09,2016-12-20,1e24fdcf4a166629849a7a483361615c,2016-11-09,2016-11-09,2016-12-20
4527,395980584,M,2016-11-10,,52,Online,7,8309,1709161.3,973066.99,736094.31,2016-11-10,2016-11-10,2016-12-18,da3b55f7f87b5e6f2cffab99593dc6a5,2016-11-10,2016-11-10,2016-12-18
4528,485165965,C,2016-11-11,,160,Online,5,245,37382.1,23872.8,13509.3,2016-11-11,2016-11-11,2016-12-14,2132af3f5835d7a0de55e69492768dff,2016-11-11,2016-11-11,2016-12-14
4529,468320834,M,2016-11-12,,94,Offline,6,5397,831461.82,490749.21,340712.61,2016-11-12,2016-11-12,2016-12-21,476e4c208919815c7aed350637d229a5,2016-11-12,2016-11-12,2016-12-21
4530,239768731,L,2016-11-12,,152,Online,6,1751,269759.06,159218.43,110540.63,2016-11-12,2016-11-12,2016-12-22,5e688333b8acf48bbfcd2a147cccb99a,2016-11-12,2016-11-12,2016-12-22
4531,249765861,M,2016-11-13,,169,Online,4,123,13441.44,4408.32,9033.12,2016-11-13,2016-11-13,2016-11-24,ed167eec3f68b4fdefe8bd96c3d72cb2,2016-11-13,2016-11-13,2016-11-24
4532,170931661,L,2016-11-13,,111,Offline,9,1332,561957.48,485767.08,76190.4,2016-11-13,2016-11-13,2016-11-25,5565290e8081a57995b8fbb5cf990007,2016-11-13,2016-11-13,2016-11-25
4533,823605811,M,2016-11-13,,10,Offline,12,2117,1414727.59,1063877.18,350850.41,2016-11-13,2016-11-13,2016-12-03,61b255a64276c0ba65569e0ea30ec132,2016-11-13,2016-11-13,2016-12-03
4534,320531547,M,2016-11-13,,56,Offline,5,1262,192555.96,122969.28,69586.68,2016-11-13,2016-11-13,2016-12-21,80bff3110253db4fab030ea9960993f8,2016-11-13,2016-11-13,2016-12-21
4535,301639783,M,2016-11-14,,129,Offline,12,770,514567.9,386955.8,127612.1,2016-11-14,2016-11-14,2016-12-02,313730deaea5929f1a056ef016caefd5,2016-11-14,2016-11-14,2016-12-02
4536,646691596,H,2016-11-14,,94,Online,2,9269,439814.05,294661.51,145152.54,2016-11-14,2016-11-14,2016-12-13,97fd0019a63fc281c994a4e5b45b38e0,2016-11-14,2016-11-14,2016-12-13
4537,594699656,L,2016-11-14,,140,Offline,3,3699,302319.27,209622.33,92696.94,2016-11-14,2016-11-14,2016-12-30,ad009f24e64c78fe4016270a31478659,2016-11-14,2016-11-14,2016-12-30
4538,688096320,C,2016-11-15,,166,Offline,8,1847,471502.16,294448.74,177053.42,2016-11-15,2016-11-15,2016-11-29,81ee502ca37d8d7f5377b2d740dc5977,2016-11-15,2016-11-15,2016-11-29
4539,833484923,L,2016-11-15,,111,Offline,4,5566,608252.48,199485.44,408767.04,2016-11-15,2016-11-15,2016-12-01,9b3d1977b9d9155c45c87bb4fb520d49,2016-11-15,2016-11-15,2016-12-01
4540,713009965,H,2016-11-15,,34,Online,12,4348,2905637.96,2185043.92,720594.04,2016-11-15,2016-11-15,2016-12-16,07defbf957a6ebe66f84b78d3cace71a,2016-11-15,2016-11-15,2016-12-16
4541,750439441,H,2016-11-15,,108,Online,5,562,85749.96,54761.28,30988.68,2016-11-15,2016-11-15,2016-12-29,51523e9e798f5531b3932121c547481b,2016-11-15,2016-11-15,2016-12-29
4542,926763570,H,2016-11-16,,171,Offline,4,8790,960571.2,315033.6,645537.6,2016-11-16,2016-11-16,2016-11-25,2181568b58fe49446ec302e7c0046113,2016-11-16,2016-11-16,2016-11-25
4543,706516015,M,2016-11-16,,157,Online,12,2644,1766905.88,1328715.76,438190.12,2016-11-16,2016-11-16,2016-12-19,917b8cd01339d06d290fea2c14eb5d81,2016-11-16,2016-11-16,2016-12-19
4544,536095750,C,2016-11-16,,91,Offline,5,1500,228870,146160,82710,2016-11-16,2016-11-16,2016-12-26,90e1cf0d40319b886c30839551fc5763,2016-11-16,2016-11-16,2016-12-26
4545,648030126,H,2016-11-17,,40,Online,6,5370,827302.2,488294.1,339008.1,2016-11-17,2016-11-17,2016-11-19,6b05cc57a33862855555d4bfe536790e,2016-11-17,2016-11-17,2016-11-19
4546,704233348,L,2016-11-17,,23,Offline,1,7152,66728.16,49491.84,17236.32,2016-11-17,2016-11-17,2016-11-26,a2bbe1203d49125d06523eab922a2953,2016-11-17,2016-11-17,2016-11-26
4547,344619071,H,2016-11-17,,141,Offline,2,9296,441095.2,295519.84,145575.36,2016-11-17,2016-11-17,2016-12-16,7b96937a31b398797e286cd7fb73ddaa,2016-11-17,2016-11-17,2016-12-16
4548,566795241,C,2016-11-18,,133,Offline,6,6162,949317.72,560310.66,389007.06,2016-11-18,2016-11-18,2016-11-22,3503cbebfaed6e6783717437bcd7c55a,2016-11-18,2016-11-18,2016-11-22
4549,597966802,L,2016-11-18,,93,Offline,1,520,4851.6,3598.4,1253.2,2016-11-18,2016-11-18,2016-12-07,f797e04edcee2ffb9af15076f5e507d2,2016-11-18,2016-11-18,2016-12-07
4550,236423909,H,2016-11-18,,131,Offline,3,1943,158801.39,110109.81,48691.58,2016-11-18,2016-11-18,2016-12-28,781d7bffeb8a3c5b4cd449b6de05b562,2016-11-18,2016-11-18,2016-12-28
4551,237762439,H,2016-11-21,,175,Offline,8,8044,2053472.32,1282374.48,771097.84,2016-11-21,2016-11-21,2016-12-04,5d6945e653388c832598b06682453a7e,2016-11-21,2016-11-21,2016-12-04
4552,374964511,M,2016-11-21,,95,Online,1,9186,85705.38,63567.12,22138.26,2016-11-21,2016-11-21,2016-12-09,d065c5317a8c3a677fea7afcb64b4044,2016-11-21,2016-11-21,2016-12-09
4553,121380746,C,2016-11-21,,66,Online,1,8115,75712.95,56155.8,19557.15,2016-11-21,2016-11-21,2016-12-18,b1b3e92213eae1bbbfe4dad34154a99b,2016-11-21,2016-11-21,2016-12-18
4554,410229337,M,2016-11-21,,28,Online,11,4832,3146646.72,2536606.72,610040,2016-11-21,2016-11-21,2016-12-22,5f12c8b4afb26ad600db7c7457982860,2016-11-21,2016-11-21,2016-12-22
4555,223199975,L,2016-11-21,,134,Online,2,8687,412198.15,276159.73,136038.42,2016-11-21,2016-11-21,2017-01-04,8920e68c044a9bc0cd7ece31ec1b6c75,2016-11-21,2016-11-21,2017-01-04
4556,316596639,C,2016-11-22,,71,Offline,1,6836,63779.88,47305.12,16474.76,2016-11-22,2016-11-22,2016-12-04,f638ce0c0eea015e248505f7d1842d82,2016-11-22,2016-11-22,2016-12-04
4557,674164283,L,2016-11-22,,53,Offline,8,9048,2309773.44,1442432.16,867341.28,2016-11-22,2016-11-22,2016-12-10,3135cb6bea65a5e9b9d05ed69da31825,2016-11-22,2016-11-22,2016-12-10
4558,226939189,H,2016-11-23,,158,Offline,8,5204,1328477.12,829621.68,498855.44,2016-11-23,2016-11-23,2016-12-10,b237b01e2728e35e1fac459abe04a151,2016-11-23,2016-11-23,2016-12-10
4559,613513743,H,2016-11-23,,130,Offline,12,1205,805265.35,605560.7,199704.65,2016-11-23,2016-11-23,2016-12-31,fd719a13d49379761fbc821d6dc51a6b,2016-11-23,2016-11-23,2016-12-31
4560,873237407,L,2016-11-24,,60,Offline,3,9209,752651.57,521874.03,230777.54,2016-11-24,2016-11-24,2016-11-25,87e8e9c442d0e9446fde92ed4e231383,2016-11-24,2016-11-24,2016-11-25
4561,723637521,H,2016-11-24,,166,Offline,1,9278,86563.74,64203.76,22359.98,2016-11-24,2016-11-24,2016-12-20,c0271b69f3b3f100ef936baf551a2ba2,2016-11-24,2016-11-24,2016-12-20
4562,147750937,M,2016-11-24,,36,Offline,12,1641,1096631.07,824668.14,271962.93,2016-11-24,2016-11-24,2017-01-06,d9730df99e77bb7c56370d00962eb983,2016-11-24,2016-11-24,2017-01-06
4563,848087728,M,2016-11-25,,71,Online,10,6860,2999192,1806443.8,1192748.2,2016-11-25,2016-11-25,2016-12-30,94ee91f647ab9c56c41551c3b332417f,2016-11-25,2016-11-25,2016-12-30
4564,652635800,H,2016-11-25,,78,Online,11,8291,5399182.11,4352443.36,1046738.75,2016-11-25,2016-11-25,2017-01-14,b76042cb0ebd6248fadf4b741f95634f,2016-11-25,2016-11-25,2017-01-14
4565,122365224,C,2016-11-26,,13,Offline,9,9444,3984329.16,3444132.36,540196.8,2016-11-26,2016-11-26,2016-12-22,4aeb19e6c42559ecd12b1f005b5bf544,2016-11-26,2016-11-26,2016-12-22
4566,995404946,H,2016-11-26,,141,Offline,1,1299,12119.67,8989.08,3130.59,2016-11-26,2016-11-26,2016-12-31,962eedbf666ff6a7704cb5fb5fa6fc74,2016-11-26,2016-11-26,2016-12-31
4567,797788369,L,2016-11-27,,185,Online,11,2162,1407916.02,1134963.52,272952.5,2016-11-27,2016-11-27,2016-11-28,4c854e8cf8cf13eaaec585b1976218e0,2016-11-27,2016-11-27,2016-11-28
4568,184708344,H,2016-11-27,,32,Online,6,8159,1256975.54,741897.87,515077.67,2016-11-27,2016-11-27,2016-12-02,73ca61e92e63ba77193dd917bcb41814,2016-11-27,2016-11-27,2016-12-02
4569,826677262,M,2016-11-28,,164,Online,2,1027,48731.15,32648.33,16082.82,2016-11-28,2016-11-28,2017-01-09,69586b24f7cdb3b3c6acc414c33e5a93,2016-11-28,2016-11-28,2017-01-09
4570,953528153,H,2016-11-28,,20,Offline,12,9025,6031136.75,4535423.5,1495713.25,2016-11-28,2016-11-28,2017-01-16,0e89027a2ba739133a1c917e682ecf1e,2016-11-28,2016-11-28,2017-01-16
4572,716317451,H,2016-11-29,,165,Offline,12,3107,2076314.89,1561391.78,514923.11,2016-11-29,2016-11-29,2016-12-01,b1272d0edf2123c7ad38bc3b806daffb,2016-11-29,2016-11-29,2016-12-01
4573,531216704,L,2016-11-29,,87,Offline,6,7682,1183488.92,698524.26,484964.66,2016-11-29,2016-11-29,2016-12-13,0e0b16bd768e1d7e769a79c6149fcf9b,2016-11-29,2016-11-29,2016-12-13
4580,437347972,C,2016-12-01,,96,Online,11,9839,6407255.19,5165081.44,1242173.75,2016-12-01,2016-12-01,2017-01-16,ce4df9f8276fe226e9cecb96c652023f,2016-12-01,2016-12-01,2017-01-16
4581,526533353,M,2016-12-02,,75,Online,1,1775,16560.75,12283,4277.75,2016-12-02,2016-12-02,2017-01-12,c28b32c2b66b1e9731e723888c418e13,2016-12-02,2016-12-02,2017-01-12
4582,929598987,C,2016-12-03,,14,Online,1,7853,73268.49,54342.76,18925.73,2016-12-03,2016-12-03,2017-01-03,7a5244adc33590b47f098f884aeacb44,2016-12-03,2016-12-03,2017-01-03
4583,469740045,C,2016-12-05,,80,Online,11,5373,3498951.33,2820610.08,678341.25,2016-12-05,2016-12-05,2016-12-14,c819ffc1d41a1e61854e069557f56ef0,2016-12-05,2016-12-05,2016-12-14
4584,390905845,H,2016-12-05,,112,Offline,10,6581,2877213.2,1732974.73,1144238.47,2016-12-05,2016-12-05,2016-12-15,ae789de890ca4ee4c621038587cef979,2016-12-05,2016-12-05,2016-12-15
4585,902048623,H,2016-12-05,,121,Online,10,5088,2224473.6,1339823.04,884650.56,2016-12-05,2016-12-05,2016-12-20,871361b102e05306f96827afe4f5669a,2016-12-05,2016-12-05,2016-12-20
4586,303531062,H,2016-12-05,,112,Offline,1,441,4114.53,3051.72,1062.81,2016-12-05,2016-12-05,2017-01-14,83a752f34cad26df270a98c226353634,2016-12-05,2016-12-05,2017-01-14
4587,789760196,C,2016-12-06,,11,Online,3,6447,526913.31,365351.49,161561.82,2016-12-06,2016-12-06,2017-01-02,3d810bc1b883396afd6964d366db2835,2016-12-06,2016-12-06,2017-01-02
4588,253349721,C,2016-12-06,,161,Online,5,667,101770.86,64992.48,36778.38,2016-12-06,2016-12-06,2017-01-06,06aee691f31328dcbebc047a36841182,2016-12-06,2016-12-06,2017-01-06
4589,766893184,M,2016-12-06,,42,Offline,9,9590,4045925.1,3497377.1,548548,2016-12-06,2016-12-06,2017-01-10,79c7fdb2023f273a91d97ada1a16896b,2016-12-06,2016-12-06,2017-01-10
4590,980646789,L,2016-12-07,,157,Offline,12,4032,2694464.64,2026241.28,668223.36,2016-12-07,2016-12-07,2016-12-20,4fb27d99094935cecd61f193861db144,2016-12-07,2016-12-07,2016-12-20
4591,519213283,M,2016-12-07,,92,Online,12,5603,3744316.81,2815731.62,928585.19,2016-12-07,2016-12-07,2016-12-24,23c24a4ca54062529788d9d6d0adc65e,2016-12-07,2016-12-07,2016-12-24
4592,284403264,C,2016-12-07,,37,Offline,6,101,15560.06,9183.93,6376.13,2016-12-07,2016-12-07,2016-12-27,0afa0a627fed42a95e9519d325f91360,2016-12-07,2016-12-07,2016-12-27
4593,571323239,M,2016-12-07,,11,Online,6,6097,939303.82,554400.21,384903.61,2016-12-07,2016-12-07,2017-01-01,c2d04af8a2fe0d8e1c31c435706fe243,2016-12-07,2016-12-07,2017-01-01
4594,928654849,H,2016-12-07,,158,Online,6,8461,1303501.66,769358.73,534142.93,2016-12-07,2016-12-07,2017-01-07,175e3fb4fe0a245e542841ce0a363d89,2016-12-07,2016-12-07,2017-01-07
4595,832975518,H,2016-12-08,,57,Offline,9,4821,2033931.69,1758170.49,275761.2,2016-12-08,2016-12-08,2017-01-15,b1a84d486f4c834c514f48c819ab10ab,2016-12-08,2016-12-08,2017-01-15
4596,913502299,L,2016-12-10,,16,Offline,6,4485,690959.1,407821.05,283138.05,2016-12-10,2016-12-10,2017-01-14,7c479171925c30cf1ae6e080e17b52e3,2016-12-10,2016-12-10,2017-01-14
4597,711792457,C,2016-12-11,,67,Online,1,4060,37879.8,28095.2,9784.6,2016-12-11,2016-12-11,2016-12-13,ad3ed88ab909c12a9568df921d397526,2016-12-11,2016-12-11,2016-12-13
4598,728401553,C,2016-12-11,,148,Offline,8,9061,2313092.08,1444504.62,868587.46,2016-12-11,2016-12-11,2017-01-27,906671c20a8c7b7a38b8a56aae871afe,2016-12-11,2016-12-11,2017-01-27
4599,863202941,L,2016-12-12,,37,Offline,9,9787,4129037.43,3569221.03,559816.4,2016-12-12,2016-12-12,2016-12-13,4818edba149d743b58a857a6fa489089,2016-12-12,2016-12-12,2016-12-13
4600,921216762,L,2016-12-13,,177,Offline,6,7366,1134805.96,669790.38,465015.58,2016-12-13,2016-12-13,2017-01-14,6e390f393d4a79e416e1e4763c15388a,2016-12-13,2016-12-13,2017-01-14
4601,328721082,L,2016-12-14,,33,Online,8,4728,1206963.84,753737.76,453226.08,2016-12-14,2016-12-14,2016-12-18,1149959e6257f3ae21ecfbc2e3017ffd,2016-12-14,2016-12-14,2016-12-18
4602,998004329,L,2016-12-14,,51,Offline,8,514,131213.92,81941.88,49272.04,2016-12-14,2016-12-14,2016-12-20,4cca435ca2c0e0af86a82593a78cd363,2016-12-14,2016-12-14,2016-12-20
4603,914840829,M,2016-12-14,,165,Offline,4,586,64038.08,21002.24,43035.84,2016-12-14,2016-12-14,2016-12-23,753dfbcf8c34e3f546fbcd9131b51b80,2016-12-14,2016-12-14,2016-12-23
4604,263977277,H,2016-12-15,,138,Offline,11,5597,3644822.37,2938201.12,706621.25,2016-12-15,2016-12-15,2017-01-10,caae9343d03795c0d17b49732f4aef5b,2016-12-15,2016-12-15,2017-01-10
4605,112330758,C,2016-12-15,,90,Offline,11,22,14326.62,11549.12,2777.5,2016-12-15,2016-12-15,2017-01-11,3f8d45fb049b65ef5b7a63b361afa68d,2016-12-15,2016-12-15,2017-01-11
4606,966360700,L,2016-12-16,,3,Offline,3,6461,528057.53,366144.87,161912.66,2016-12-16,2016-12-16,2017-01-27,91c93536376dd2b89571d916ee2e4fbb,2016-12-16,2016-12-16,2017-01-27
4607,719034850,M,2016-12-16,,105,Offline,4,7246,791842.88,259696.64,532146.24,2016-12-16,2016-12-16,2017-02-04,229cb0ff153cbeab0e688715eb384290,2016-12-16,2016-12-16,2017-02-04
4608,396732032,M,2016-12-17,,128,Offline,1,679,6335.07,4698.68,1636.39,2016-12-17,2016-12-17,2016-12-23,4da045130d0520d24dcfb8db23707e04,2016-12-17,2016-12-17,2016-12-23
4609,450652587,C,2016-12-17,,44,Online,5,6970,1063482.6,679156.8,384325.8,2016-12-17,2016-12-17,2017-01-25,d1411682f811358c79772d2725be4237,2016-12-17,2016-12-17,2017-01-25
4610,209584653,H,2016-12-17,,181,Offline,6,9611,1480670.66,873928.23,606742.43,2016-12-17,2016-12-17,2017-01-30,916b8c77aa5733e02469b417274f162d,2016-12-17,2016-12-17,2017-01-30
4611,670900142,C,2016-12-18,,27,Offline,8,3116,795452.48,496752.72,298699.76,2016-12-18,2016-12-18,2017-01-02,b5b6d1cae1c2bd59ce6c264a722f5d33,2016-12-18,2016-12-18,2017-01-02
4612,660312926,C,2016-12-18,,164,Offline,4,123,13441.44,4408.32,9033.12,2016-12-18,2016-12-18,2017-01-05,0ea4d9736dc1e8579fddca095961e11b,2016-12-18,2016-12-18,2017-01-05
4613,805937564,C,2016-12-18,,179,Offline,10,3690,1613268,971687.7,641580.3,2016-12-18,2016-12-18,2017-01-07,9fba88ce5b17f03bb49cc201aa281858,2016-12-18,2016-12-18,2017-01-07
4614,843012988,H,2016-12-19,,80,Offline,1,5132,47881.56,35513.44,12368.12,2016-12-19,2016-12-19,2016-12-26,288cb1d15af7e4204010ec558afcc863,2016-12-19,2016-12-19,2016-12-26
4615,707857549,M,2016-12-20,,174,Online,12,9634,6438113.18,4841470.36,1596642.82,2016-12-20,2016-12-20,2017-01-16,fd7ec360533f6269ff74c9b2ef700170,2016-12-20,2016-12-20,2017-01-16
4616,358594453,L,2016-12-20,,145,Offline,5,4922,750998.76,479599.68,271399.08,2016-12-20,2016-12-20,2017-02-02,76b1c5e556e457db5b8e64d0d96bf1e5,2016-12-20,2016-12-20,2017-02-02
4617,244023358,L,2016-12-21,,180,Offline,2,789,37438.05,25082.31,12355.74,2016-12-21,2016-12-21,2017-01-22,60d7a49a250d045eb5f5446eeee9a33a,2016-12-21,2016-12-21,2017-01-22
4618,963251912,M,2016-12-21,,130,Offline,3,6501,531326.73,368411.67,162915.06,2016-12-21,2016-12-21,2017-02-01,3810c13047c2f18aacdd5fc176c67d2a,2016-12-21,2016-12-21,2017-02-01
4619,524449384,M,2016-12-22,,27,Offline,2,5082,241140.9,161556.78,79584.12,2016-12-22,2016-12-22,2017-01-29,3044641d021bac4e80c33b22471415c4,2016-12-22,2016-12-22,2017-01-29
4620,692704999,C,2016-12-23,,23,Online,12,5657,3780403.39,2842868.78,937534.61,2016-12-23,2016-12-23,2017-01-24,6fe8294d70d2b95763b4573953190c6d,2016-12-23,2016-12-23,2017-01-24
4621,877687728,C,2016-12-23,,91,Offline,3,6158,503293.34,348973.86,154319.48,2016-12-23,2016-12-23,2017-02-07,f2b79e0dab8efa8d9e2101667ec5b9e4,2016-12-23,2016-12-23,2017-02-07
4622,975177657,M,2016-12-24,,56,Offline,1,5594,52192.02,38710.48,13481.54,2016-12-24,2016-12-24,2017-01-05,db6715b43183bfda6030815f2eebd730,2016-12-24,2016-12-24,2017-01-05
4623,118747031,H,2016-12-24,,10,Offline,6,8740,1346484.4,794728.2,551756.2,2016-12-24,2016-12-24,2017-02-10,898ab961213df51427b84afcc22096ba,2016-12-24,2016-12-24,2017-02-10
4624,420111453,L,2016-12-24,,120,Online,7,9170,1886269,1073898.7,812370.3,2016-12-24,2016-12-24,2017-02-10,e8317bed1306f74c9713d08e042887ed,2016-12-24,2016-12-24,2017-02-10
4625,467774093,L,2016-12-25,,35,Offline,11,3604,2346960.84,1891955.84,455005,2016-12-25,2016-12-25,2017-01-26,81a3651e359ab9949ea0193177783282,2016-12-25,2016-12-25,2017-01-26
4626,378352677,H,2016-12-25,,12,Online,2,1820,86359,57857.8,28501.2,2016-12-25,2016-12-25,2017-01-30,6622a1ee5e02fa402a5586332207585c,2016-12-25,2016-12-25,2017-01-30
4627,511461484,H,2016-12-25,,35,Offline,2,1674,79431.3,53216.46,26214.84,2016-12-25,2016-12-25,2017-02-05,750bb5121e6e2dc7db0afd898b8c2475,2016-12-25,2016-12-25,2017-02-05
4629,480053889,M,2016-12-26,,150,Online,1,7469,69685.77,51685.48,18000.29,2016-12-26,2016-12-26,2017-01-22,87ace099be05bdc8287856421b9d6490,2016-12-26,2016-12-26,2017-01-22
4630,691760861,C,2016-12-27,,18,Offline,4,6266,684748.48,224573.44,460175.04,2016-12-27,2016-12-27,2017-01-28,8d3723fb185df25983304a2fe69b9371,2016-12-27,2016-12-27,2017-01-28
4631,683220279,L,2016-12-28,,109,Offline,7,8918,1834432.6,1044386.98,790045.62,2016-12-28,2016-12-28,2017-01-06,f3018088954d4ce3633fa708e1ac4c5f,2016-12-28,2016-12-28,2017-01-06
4632,523269212,M,2016-12-28,,107,Online,10,5843,2554559.6,1538637.19,1015922.41,2016-12-28,2016-12-28,2017-02-04,291e7532fd9b9ade7e789e86adc0d18a,2016-12-28,2016-12-28,2017-02-04
4633,961835706,H,2016-12-28,,174,Online,10,7414,3241400.8,1952328.62,1289072.18,2016-12-28,2016-12-28,2017-02-08,19c688e32ed5f56d027e3c580f8c8233,2016-12-28,2016-12-28,2017-02-08
4634,705733239,M,2016-12-30,,93,Offline,8,1003,256045.84,159898.26,96147.58,2016-12-30,2016-12-30,2017-01-25,9fb5d6cb2c43d2ea18b94997d4a79f68,2016-12-30,2016-12-30,2017-01-25
4635,655905950,H,2016-12-30,,158,Online,12,6001,4010288.27,3015742.54,994545.73,2016-12-30,2016-12-30,2017-02-11,8bc6cf4074193a0a1c0ad1337ffed8bb,2016-12-30,2016-12-30,2017-02-11
4636,707661855,M,2016-12-31,,79,Offline,1,1723,16075.59,11923.16,4152.43,2016-12-31,2016-12-31,2017-01-26,854a95d2d505790c26cf4908e767ef8f,2016-12-31,2016-12-31,2017-01-26
4637,115166175,L,2016-12-31,,93,Online,2,9085,431083.25,288812.15,142271.1,2016-12-31,2016-12-31,2017-02-17,238fe34aea3b70c5fdc43d3d4a85fe80,2016-12-31,2016-12-31,2017-02-17
4638,813456332,C,2017-01-01,,173,Offline,5,17320,1321342.8,843830.4,477512.4,2017-01-01,2017-01-01,2017-01-16,5516d262ec570df6c5db0abea19027d8,2017-01-01,2017-01-01,2017-01-16
4639,144055068,M,2017-01-01,,53,Offline,9,15902,3354447.39,2899650.19,454797.2,2017-01-01,2017-01-01,2017-02-08,a415c789b1fdabc123f64d9a899c3cab,2017-01-01,2017-01-01,2017-02-08
4640,588643443,M,2017-01-02,,12,Online,8,3062,390833.68,244072.02,146761.66,2017-01-02,2017-01-02,2017-02-11,f581c96acf50a04260f05f4cd9766b01,2017-01-02,2017-01-02,2017-02-11
4641,343482244,M,2017-01-02,,86,Online,10,5768,1260884.8,759443.72,501441.08,2017-01-02,2017-01-02,2017-02-18,7f88c1bf178529a5464e1f29ec9a65ec,2017-01-02,2017-01-02,2017-02-18
4642,391026866,C,2017-01-03,,160,Offline,10,4788,1046656.8,630412.02,416244.78,2017-01-03,2017-01-03,2017-01-08,cad087028ec7a9c7503193af6a804a9b,2017-01-03,2017-01-03,2017-01-08
4643,361901938,C,2017-01-03,,69,Online,5,7362,561646.98,358676.64,202970.34,2017-01-03,2017-01-03,2017-01-18,3de20524e218874969fb17b4623c2956,2017-01-03,2017-01-03,2017-01-18
4644,208208787,C,2017-01-03,,14,Offline,1,4924,22970.46,17037.04,5933.42,2017-01-03,2017-01-03,2017-02-14,3f7100657722d77af4b00551c2e3a80a,2017-01-03,2017-01-03,2017-02-14
4645,311956632,C,2017-01-04,,164,Offline,10,7510,1641686,988804.15,652881.85,2017-01-04,2017-01-04,2017-01-10,eec655748b16d9ae34f0867db8cb5691,2017-01-04,2017-01-04,2017-01-10
4646,742100560,C,2017-01-04,,137,Offline,5,5804,442787.16,282770.88,160016.28,2017-01-04,2017-01-04,2017-01-17,2e4aa93b91d650dc517e20d938998853,2017-01-04,2017-01-04,2017-01-17
4647,989190375,C,2017-01-05,,123,Offline,2,4538,107664.05,72131.51,35532.54,2017-01-05,2017-01-05,2017-01-10,152687aef927535c241c77f0dfcbaf9d,2017-01-05,2017-01-05,2017-01-10
4648,259728658,H,2017-01-05,,50,Offline,7,16672,1714715.2,976228.96,738486.24,2017-01-05,2017-01-05,2017-01-29,31c5b358306e0f0742307894daf3238d,2017-01-05,2017-01-05,2017-01-29
4649,735724627,C,2017-01-05,,176,Offline,1,12244,57118.26,42364.24,14754.02,2017-01-05,2017-01-05,2017-02-15,0cab62b2642c38378b758cbfd879b961,2017-01-05,2017-01-05,2017-02-15
4650,623318183,H,2017-01-06,,173,Offline,6,5114,393931.42,232508.01,161423.41,2017-01-06,2017-01-06,2017-02-03,27194a5e685b96528d4df1464df69520,2017-01-06,2017-01-06,2017-02-03
4651,361311852,L,2017-01-06,,88,Offline,8,18122,2313092.08,1444504.62,868587.46,2017-01-06,2017-01-06,2017-02-15,d09691bc4362fd3065907f5ecd8bed2d,2017-01-06,2017-01-06,2017-02-15
4652,643666493,L,2017-01-08,,143,Offline,1,8148,38010.42,28192.08,9818.34,2017-01-08,2017-01-08,2017-02-23,c220e7b732d28d55ea637ab3a3df97bd,2017-01-08,2017-01-08,2017-02-23
4653,560502994,M,2017-01-08,,183,Offline,8,8292,1058390.88,660955.32,397435.56,2017-01-08,2017-01-08,2017-02-26,b1827b946ef9b7105e96899fdcbe0dd3,2017-01-08,2017-01-08,2017-02-26
4654,994504153,M,2017-01-10,,37,Online,1,9468,44168.22,32759.28,11408.94,2017-01-10,2017-01-10,2017-01-13,204ada5a48430b255430aac918217464,2017-01-10,2017-01-10,2017-01-13
4655,709276759,L,2017-01-12,,26,Offline,4,19220,1050180.8,344422.4,705758.4,2017-01-12,2017-01-12,2017-03-01,5ebc070be6a5d0782009ee9b92cd83d0,2017-01-12,2017-01-12,2017-03-01
4656,916890466,H,2017-01-13,,21,Offline,8,14238,1817338.32,1134910.98,682427.34,2017-01-13,2017-01-13,2017-01-16,188c2ec2267386181c9e34403c37ac32,2017-01-13,2017-01-13,2017-01-16
4657,615290009,M,2017-01-14,,88,Offline,9,13684,2886571.38,2495208.98,391362.4,2017-01-14,2017-01-14,2017-01-18,2066355abf81eba969e4be62cbdab835,2017-01-14,2017-01-14,2017-01-18
4658,920747697,H,2017-01-15,,81,Online,9,17118,3610956.51,3121381.71,489574.8,2017-01-15,2017-01-15,2017-01-17,0e57f6d594a431bc0712217b9fcad39c,2017-01-15,2017-01-15,2017-01-17
4659,629734456,M,2017-01-15,,112,Online,1,2548,11886.42,8816.08,3070.34,2017-01-15,2017-01-15,2017-03-06,03732881cd3f9c50a619b69a85e567b0,2017-01-15,2017-01-15,2017-03-06
4660,727224385,C,2017-01-16,,129,Online,2,1422,33736.95,22602.69,11134.26,2017-01-16,2017-01-16,2017-02-01,a34e15c613cb298341dd4f71fa5b3d3c,2017-01-16,2017-01-16,2017-02-01
4661,437785708,H,2017-01-18,,82,Offline,5,18750,1430437.5,913500,516937.5,2017-01-18,2017-01-18,2017-02-25,6d7dd0d290e59ef18f43e7c586dcc387,2017-01-18,2017-01-18,2017-02-25
4662,572469079,M,2017-01-20,,82,Offline,8,10354,1321584.56,825317.34,496267.22,2017-01-20,2017-01-20,2017-02-06,20c41ffd00e70765333bd51f13c7e486,2017-01-20,2017-01-20,2017-02-06
4663,958925616,H,2017-01-21,,78,Offline,1,12508,58349.82,43277.68,15072.14,2017-01-21,2017-01-21,2017-02-03,d4a73abeb44a3345eafa9b695ec0d10a,2017-01-21,2017-01-21,2017-02-03
4664,366429936,M,2017-01-22,,77,Online,2,7232,171579.2,114952.64,56626.56,2017-01-22,2017-01-22,2017-02-27,cc8f1ac4d71d2fc85f0ba6437a47d57d,2017-01-22,2017-01-22,2017-02-27
4665,341398274,L,2017-01-22,,75,Offline,5,12382,944622.78,603251.04,341371.74,2017-01-22,2017-01-22,2017-03-07,0c593778a5b073727e250dff738bdd39,2017-01-22,2017-01-22,2017-03-07
4666,786222684,L,2017-01-22,,22,Online,7,19238,1978628.3,1126481.09,852147.21,2017-01-22,2017-01-22,2017-03-09,92bf4945273a2677fe994901aaba8f9d,2017-01-22,2017-01-22,2017-03-09
4667,989743125,C,2017-01-23,,97,Offline,7,11680,1201288,683922.4,517365.6,2017-01-23,2017-01-23,2017-01-25,0f6864ec00e5493c581ddc407b3dc830,2017-01-23,2017-01-23,2017-01-25
4668,150039613,M,2017-01-23,,125,Offline,1,17820,83130.3,61657.2,21473.1,2017-01-23,2017-01-23,2017-01-30,0d842929356e3c43cbaedd0a3d05e2a0,2017-01-23,2017-01-23,2017-01-30
4669,320105826,H,2017-01-24,,121,Offline,8,10564,1348388.96,842056.44,506332.52,2017-01-24,2017-01-24,2017-02-19,b063fe6c95bc120088a32d80c14853ae,2017-01-24,2017-01-24,2017-02-19
4670,949912965,M,2017-01-24,,45,Online,10,18420,4026612,2425269.3,1601342.7,2017-01-24,2017-01-24,2017-03-06,7b16169707d32c8420b5b251a0a3e3ee,2017-01-24,2017-01-24,2017-03-06
4671,315894544,M,2017-01-25,,12,Offline,6,18140,1397324.2,824735.1,572589.1,2017-01-25,2017-01-25,2017-01-27,1d02ba8ad819337e7d2449c9813a9cd2,2017-01-25,2017-01-25,2017-01-27
4672,542163980,M,2017-01-26,,121,Online,8,14448,1844142.72,1151650.08,692492.64,2017-01-26,2017-01-26,2017-02-21,7859a14555005c6e62bfa5a8a7a04e16,2017-01-26,2017-01-26,2017-02-21
4673,835341870,M,2017-01-26,,79,Online,10,10154,2219664.4,1336926.41,882737.99,2017-01-26,2017-01-26,2017-02-24,30ae2f4bee71a714cc4d2a7e920ac7c7,2017-01-26,2017-01-26,2017-02-24
4674,107808768,M,2017-01-26,,76,Online,3,3730,152426.45,105689.55,46736.9,2017-01-26,2017-01-26,2017-03-14,85df48c5a7eeedfff17c803644e1b614,2017-01-26,2017-01-26,2017-03-14
4675,228047692,C,2017-01-27,,50,Offline,2,6470,153500.75,102840.65,50660.1,2017-01-27,2017-01-27,2017-02-27,a08a03127c009e35f6ab9f75f15376c5,2017-01-27,2017-01-27,2017-02-27
4676,431804168,H,2017-01-27,,46,Offline,12,18608,6217584.08,4675632.16,1541951.92,2017-01-27,2017-01-27,2017-03-06,2be5abc96e7c6069fec0efbbfcea5736,2017-01-27,2017-01-27,2017-03-06
4677,387998759,H,2017-01-28,,110,Online,5,12620,962779.8,614846.4,347933.4,2017-01-28,2017-01-28,2017-01-30,902b85a3005f32442533c6b154377cc6,2017-01-28,2017-01-28,2017-01-30
4678,460693061,C,2017-01-28,,75,Offline,1,16338,76216.77,56529.48,19687.29,2017-01-28,2017-01-28,2017-02-25,cda6bb5e13124794548261832f419377,2017-01-28,2017-01-28,2017-02-25
4679,541573894,M,2017-01-29,,12,Offline,7,5210,535848.5,305071.55,230776.95,2017-01-29,2017-01-29,2017-01-30,94d07f89f0f183dd6f2743852de6492a,2017-01-29,2017-01-29,2017-01-30
4680,315068423,H,2017-01-29,,132,Offline,4,9206,503015.84,164971.52,338044.32,2017-01-29,2017-01-29,2017-02-25,20a2993b054766f8a49706f72d21e6df,2017-01-29,2017-01-29,2017-02-25
4681,720416724,L,2017-01-29,,67,Offline,10,12346,2698835.6,1625536.09,1073299.51,2017-01-29,2017-01-29,2017-03-12,047cf36c78e82156eaf3e94a6d600fe8,2017-01-29,2017-01-29,2017-03-12
4682,162831819,C,2017-01-31,,17,Offline,2,8816,209159.6,140130.32,69029.28,2017-01-31,2017-01-31,2017-02-02,b5886dcad234b8e02adaeaabbcd90926,2017-01-31,2017-01-31,2017-02-02
4683,792638957,C,2017-01-31,,98,Online,7,16672,1714715.2,976228.96,738486.24,2017-01-31,2017-01-31,2017-02-17,a84a755ad0e29f831d00d6782cd9c36c,2017-01-31,2017-01-31,2017-02-17
4684,528704011,L,2017-01-31,,182,Online,9,8242,1738608.69,1502887.49,235721.2,2017-01-31,2017-01-31,2017-03-02,b9d51dcd6eb67e42699e3c561b7b936e,2017-01-31,2017-01-31,2017-03-02
4685,291611325,M,2017-02-01,,5,Offline,5,6252,476965.08,304597.44,172367.64,2017-02-01,2017-02-01,2017-02-10,c8c1bc2b4a8c63dd1bbf0f3f1fd98151,2017-02-01,2017-02-01,2017-02-10
4686,688301026,H,2017-02-02,,16,Online,1,4848,22615.92,16774.08,5841.84,2017-02-02,2017-02-02,2017-03-01,bd8ef4a60c7cb8faf68fee1997761f48,2017-02-02,2017-02-02,2017-03-01
4687,114579093,L,2017-02-02,,159,Online,12,10710,3578585.85,2691101.7,887484.15,2017-02-02,2017-02-02,2017-03-17,572570d7c26ca1985616053651a72edc,2017-02-02,2017-02-02,2017-03-17
4688,783626306,H,2017-02-03,,36,Offline,2,2586,61352.85,41104.47,20248.38,2017-02-03,2017-02-03,2017-03-20,5845bc472c752ef7425cbea6308f09d4,2017-02-03,2017-02-03,2017-03-20
4689,995451295,M,2017-02-04,,165,Online,5,10028,765036.12,488564.16,276471.96,2017-02-04,2017-02-04,2017-02-28,07de1ed4175533842006c4983a0284ba,2017-02-04,2017-02-04,2017-02-28
4690,687828958,L,2017-02-04,,48,Offline,5,5456,416238.24,265816.32,150421.92,2017-02-04,2017-02-04,2017-03-02,6b01caeee53e587b8bafcb147e58e41f,2017-02-04,2017-02-04,2017-03-02
4691,976323497,M,2017-02-06,,144,Online,2,9348,221781.3,148586.46,73194.84,2017-02-06,2017-02-06,2017-02-10,0b826a6723d1d165a38358ca98f2d8b4,2017-02-06,2017-02-06,2017-02-10
4692,654138696,C,2017-02-06,,154,Online,4,6062,331227.68,108631.04,222596.64,2017-02-06,2017-02-06,2017-03-16,f66041d23e6321a5be7238b4b7c6ab3a,2017-02-06,2017-02-06,2017-03-16
4693,562788665,M,2017-02-06,,55,Online,8,1054,134532.56,84014.34,50518.22,2017-02-06,2017-02-06,2017-03-21,89062b257b19988889d412d0751abeca,2017-02-06,2017-02-06,2017-03-21
4694,192351138,C,2017-02-08,,129,Offline,3,19662,803487.63,557122.77,246364.86,2017-02-08,2017-02-08,2017-02-24,652ed899335ce18154cd23a9fa245694,2017-02-08,2017-02-08,2017-02-24
4695,518511188,C,2017-02-09,,67,Offline,12,15676,5237900.26,3938908.52,1298991.74,2017-02-09,2017-02-09,2017-02-16,f7206300c56f5919b64eea8617564289,2017-02-09,2017-02-09,2017-02-16
4696,661971175,L,2017-02-09,,152,Offline,10,1672,365499.2,220143.88,145355.32,2017-02-09,2017-02-09,2017-02-18,fa8a1aa021835239c388d0eced3b11be,2017-02-09,2017-02-09,2017-02-18
4697,653548610,C,2017-02-09,,164,Offline,2,16824,399149.4,267417.48,131731.92,2017-02-09,2017-02-09,2017-02-21,28b045ba3026d3f9ddd1bdfc6967a1a5,2017-02-09,2017-02-09,2017-02-21
4698,601202619,M,2017-02-11,,41,Offline,11,16140,5255264.7,4236427.2,1018837.5,2017-02-11,2017-02-11,2017-02-15,a765b378bcbe187182a4f88b84c089b9,2017-02-11,2017-02-11,2017-02-15
4699,439204919,L,2017-02-11,,145,Online,2,18700,443657.5,297236.5,146421,2017-02-11,2017-02-11,2017-02-19,d22944685165526f44b4f151824ce829,2017-02-11,2017-02-11,2017-02-19
4700,736240041,L,2017-02-11,,45,Offline,12,17288,5776525.88,4343955.76,1432570.12,2017-02-11,2017-02-11,2017-02-20,f6cbfe807d323d87a281f31c094937bf,2017-02-11,2017-02-11,2017-02-20
4701,983683907,M,2017-02-11,,165,Online,5,5566,424630.14,271175.52,153454.62,2017-02-11,2017-02-11,2017-03-10,35cbdf3cd93bd1d8675dc919fed6014f,2017-02-11,2017-02-11,2017-03-10
4702,719748961,H,2017-02-11,,48,Offline,1,17134,79930.11,59283.64,20646.47,2017-02-11,2017-02-11,2017-03-23,21d3b18018d592a97a0204d3af3efa0a,2017-02-11,2017-02-11,2017-03-23
4703,754895770,M,2017-02-12,,2,Online,7,18578,1910747.3,1087834.79,822912.51,2017-02-12,2017-02-12,2017-03-12,67d3e76a21663e9f10ad3abef5eae112,2017-02-12,2017-02-12,2017-03-12
4704,796418511,L,2017-02-12,,167,Online,9,13582,2865054.99,2476609.79,388445.2,2017-02-12,2017-02-12,2017-03-23,7f400172e2e8ba42dc0b03f1f2599ae7,2017-02-12,2017-02-12,2017-03-23
4705,291179597,H,2017-02-13,,4,Online,12,10736,3587273.36,2697634.72,889638.64,2017-02-13,2017-02-13,2017-02-20,62bd7aac58fe98a8238439cfa3e08457,2017-02-13,2017-02-13,2017-02-20
4706,286968314,M,2017-02-13,,13,Online,7,18312,1883389.2,1072259.16,811130.04,2017-02-13,2017-02-13,2017-03-19,3cd037d96773c470e245ea4fa435252c,2017-02-13,2017-02-13,2017-03-19
4707,255560719,L,2017-02-14,,100,Offline,11,9902,3224140.71,2599076.96,625063.75,2017-02-14,2017-02-14,2017-03-05,26e5da2033fd6f442029c231c78a30e0,2017-02-14,2017-02-14,2017-03-05
4708,336677587,H,2017-02-14,,80,Offline,8,18468,2357255.52,1472084.28,885171.24,2017-02-14,2017-02-14,2017-03-28,aed495900dc66c4cc5ff5fff53966b59,2017-02-14,2017-02-14,2017-03-28
4709,211637294,C,2017-02-15,,87,Offline,1,14066,65617.89,48668.36,16949.53,2017-02-15,2017-02-15,2017-02-23,6631d9145c384df8c194a89d43117913,2017-02-15,2017-02-15,2017-02-23
4710,772725379,L,2017-02-16,,142,Offline,2,10932,259361.7,173764.14,85597.56,2017-02-16,2017-02-16,2017-03-09,57316a59c37cc4b39babd089fdc68fca,2017-02-16,2017-02-16,2017-03-09
4711,899340236,H,2017-02-17,,114,Online,2,7232,171579.2,114952.64,56626.56,2017-02-17,2017-02-17,2017-03-18,ddf49d92f0cf7dbc7d50c029d544f7c3,2017-02-17,2017-02-17,2017-03-18
4712,691372478,C,2017-02-17,,76,Offline,9,2670,563223.15,486861.15,76362,2017-02-17,2017-02-17,2017-04-07,f4e1cbd754924c20fa5f70bbf06fd8a9,2017-02-17,2017-02-17,2017-04-07
4713,926064479,L,2017-02-18,,94,Online,11,3826,1245764.73,1004248.48,241516.25,2017-02-18,2017-02-18,2017-03-10,03f49c889ad83fc500ccbfaedd894af2,2017-02-18,2017-02-18,2017-03-10
4714,994783532,C,2017-02-18,,142,Online,2,14816,351509.6,235500.32,116009.28,2017-02-18,2017-02-18,2017-03-12,151c6fc315ffb53dcce2ac984f8eee39,2017-02-18,2017-02-18,2017-03-12
4715,265085780,C,2017-02-18,,114,Online,6,7256,558929.68,329894.04,229035.64,2017-02-18,2017-02-18,2017-03-30,89474ba02d53382af95758bd22578ba4,2017-02-18,2017-02-18,2017-03-30
4716,840854346,C,2017-02-18,,165,Online,9,12684,2675626.38,2312863.98,362762.4,2017-02-18,2017-02-18,2017-04-08,459eaac86df847a186c714d9ae9b8b74,2017-02-18,2017-02-18,2017-04-08
4717,352342545,M,2017-02-19,,160,Offline,5,9688,739097.52,471999.36,267098.16,2017-02-19,2017-02-19,2017-03-27,7ce625a62231ddd906b33eb035e9d7d7,2017-02-19,2017-02-19,2017-03-27
4718,885998284,C,2017-02-21,,11,Offline,4,10872,594046.08,194826.24,399219.84,2017-02-21,2017-02-21,2017-02-28,07bd431111e27b965d73236f64131a11,2017-02-21,2017-02-21,2017-02-28
4719,104190576,C,2017-02-22,,75,Offline,9,2324,490236.18,423769.78,66466.4,2017-02-22,2017-02-22,2017-03-12,c8b5ef6f88548c521220937e56190913,2017-02-22,2017-02-22,2017-03-12
4720,241392648,H,2017-02-22,,167,Online,12,4608,1539694.08,1157852.16,381841.92,2017-02-22,2017-02-22,2017-03-16,106cc26b3cf14b82206b41c6bb54a7cd,2017-02-22,2017-02-22,2017-03-16
4721,118635022,L,2017-02-23,,112,Online,1,11188,52192.02,38710.48,13481.54,2017-02-23,2017-02-23,2017-03-08,158457616aa315c49f77a49148a22b21,2017-02-23,2017-02-23,2017-03-08
4722,588137042,L,2017-02-24,,56,Online,11,3350,1090776.75,879308,211468.75,2017-02-24,2017-02-24,2017-03-28,2a69642840bc15ad43b09c0d16037003,2017-02-24,2017-02-24,2017-03-28
4723,779377686,H,2017-02-24,,82,Offline,3,8064,329535.36,228493.44,101041.92,2017-02-24,2017-02-24,2017-04-08,bc75116bac1a4100b5e92dee082ea929,2017-02-24,2017-02-24,2017-04-08
4724,294959151,C,2017-02-25,,57,Online,10,7644,1670978.4,1006447.26,664531.14,2017-02-25,2017-02-25,2017-03-26,3158adb47def9a36435d2e20eef8b364,2017-02-25,2017-02-25,2017-03-26
4725,650362145,M,2017-02-25,,110,Online,2,10932,259361.7,173764.14,85597.56,2017-02-25,2017-02-25,2017-04-02,26901eddaddcdaed653fd2460810fd97,2017-02-25,2017-02-25,2017-04-02
4726,610886037,L,2017-02-25,,98,Online,7,7216,742165.6,422532.88,319632.72,2017-02-25,2017-02-25,2017-04-15,ff47f3224d1d08ab23590dc0aee8402e,2017-02-25,2017-02-25,2017-04-15
4727,712469232,M,2017-02-26,,50,Online,8,8666,1106128.24,690766.86,415361.38,2017-02-26,2017-02-26,2017-03-12,c9df2bd9cae7580e373aa47fb0cb6496,2017-02-26,2017-02-26,2017-03-12
4728,783116900,L,2017-02-26,,169,Online,4,1096,59885.44,19640.32,40245.12,2017-02-26,2017-02-26,2017-03-14,c5ede3cb1efa6452eb86f0303b76a1e2,2017-02-26,2017-02-26,2017-03-14
4729,930670154,L,2017-02-26,,108,Online,9,9670,2039838.15,1763276.15,276562,2017-02-26,2017-02-26,2017-03-15,e789d1d530f7a1b79f01f5fbcb177583,2017-02-26,2017-02-26,2017-03-15
4730,309285581,H,2017-02-26,,138,Offline,3,6662,272242.63,188767.77,83474.86,2017-02-26,2017-02-26,2017-04-17,cadeb374d87c36e675de6271e6fd2fb0,2017-02-26,2017-02-26,2017-04-17
4731,169800841,C,2017-02-27,,42,Online,8,13394,1709610.16,1067635.74,641974.42,2017-02-27,2017-02-27,2017-03-19,1d78b04571c0506390a8000f7f99f48d,2017-02-27,2017-02-27,2017-03-19
4732,759777820,L,2017-02-28,,53,Online,1,7992,37282.68,27652.32,9630.36,2017-02-28,2017-02-28,2017-03-23,36ac687cd3da6b0556f899e021334faf,2017-02-28,2017-02-28,2017-03-23
4733,861597049,M,2017-02-28,,63,Offline,2,9136,216751.6,145216.72,71534.88,2017-02-28,2017-02-28,2017-04-09,7314c3a34a06e1b8052eae432e533a30,2017-02-28,2017-02-28,2017-04-09
4734,410514724,C,2017-03-01,,30,Offline,11,18568,6045833.64,4873728.64,1172105,2017-03-01,2017-03-01,2017-04-10,4ad47e33c1815f322d0f6558cf17ccf7,2017-03-01,2017-03-01,2017-04-10
4735,173540055,M,2017-03-01,,119,Offline,10,6428,1405160.8,846342.62,558818.18,2017-03-01,2017-03-01,2017-04-14,3114944fc592f71de6ea94d9bdf56e1b,2017-03-01,2017-03-01,2017-04-14
4736,696844613,M,2017-03-03,,108,Online,9,1322,278869.29,241060.09,37809.2,2017-03-03,2017-03-03,2017-03-22,f781b8131519d5d8dd27b85a5d5c144d,2017-03-03,2017-03-03,2017-03-22
4737,636312091,L,2017-03-04,,57,Offline,3,15486,632835.39,438795.81,194039.58,2017-03-04,2017-03-04,2017-03-18,41c835f868525e303b65181e566616c4,2017-03-04,2017-03-04,2017-03-18
4738,557477891,C,2017-03-04,,173,Online,6,17902,1378991.06,813914.43,565076.63,2017-03-04,2017-03-04,2017-03-19,992e81a6e1c754197f4eae9ca9715ff0,2017-03-04,2017-03-04,2017-03-19
4739,239386355,L,2017-03-04,,137,Offline,11,17194,5598452.37,4513081.12,1085371.25,2017-03-04,2017-03-04,2017-04-20,ae017680c361b394c7f39e4689bbc72a,2017-03-04,2017-03-04,2017-04-20
4740,305940759,L,2017-03-04,,103,Online,2,7048,167213.8,112027.96,55185.84,2017-03-04,2017-03-04,2017-04-23,ddcaeb81d5d6f73c0cc4a02b486b6360,2017-03-04,2017-03-04,2017-04-23
4741,658707034,L,2017-03-07,,122,Offline,10,9808,2144028.8,1291370.32,852658.48,2017-03-07,2017-03-07,2017-03-13,2938d51684c5354e3ea6fd68b0add736,2017-03-07,2017-03-07,2017-03-13
4742,311490571,L,2017-03-07,,57,Online,2,11674,276965.65,185558.23,91407.42,2017-03-07,2017-03-07,2017-04-23,0a4a2a6a38a20dcc3c0c3c014e87e93e,2017-03-07,2017-03-07,2017-04-23
4743,941061675,M,2017-03-08,,33,Offline,6,19834,1527813.02,901752.81,626060.21,2017-03-08,2017-03-08,2017-03-20,05865a3bde0eb382fdc38b7aba1ec1f8,2017-03-08,2017-03-08,2017-03-20
4744,747774398,M,2017-03-08,,101,Offline,9,3832,808341.24,698746.04,109595.2,2017-03-08,2017-03-08,2017-04-03,461847f1831ca5b6ce466c884187291c,2017-03-08,2017-03-08,2017-04-03
4745,947437608,L,2017-03-08,,86,Online,8,13394,1709610.16,1067635.74,641974.42,2017-03-08,2017-03-08,2017-04-12,dbea02e8ac19b2412c8621a3a56b0b61,2017-03-08,2017-03-08,2017-04-12
4746,494190633,L,2017-03-08,,6,Offline,9,1690,356497.05,308163.05,48334,2017-03-08,2017-03-08,2017-04-13,da696c2012152635e66c0cd9a9fdecc8,2017-03-08,2017-03-08,2017-04-13
4747,491671931,L,2017-03-10,,40,Offline,11,11010,3584911.05,2889904.8,695006.25,2017-03-10,2017-03-10,2017-03-21,8a94299faeaafeacc9145fa9f20bf8e3,2017-03-10,2017-03-10,2017-03-21
4748,892926967,C,2017-03-10,,165,Online,3,11574,472971.51,327949.29,145022.22,2017-03-10,2017-03-10,2017-04-07,d3d075beaa54fde7aa844580e9249c91,2017-03-10,2017-03-10,2017-04-07
4749,192236125,H,2017-03-11,,144,Offline,2,11592,275020.2,184254.84,90765.36,2017-03-11,2017-03-11,2017-03-22,74f67c8b28c6cff6603b41f45a56ae36,2017-03-11,2017-03-11,2017-03-22
4750,412601697,L,2017-03-11,,142,Offline,11,13732,4471207.86,3604375.36,866832.5,2017-03-11,2017-03-11,2017-03-23,c4070ceda652c8dd58df8b8e78343ee9,2017-03-11,2017-03-11,2017-03-23
4751,861519372,H,2017-03-11,,31,Online,2,3164,75065.9,50291.78,24774.12,2017-03-11,2017-03-11,2017-03-24,e4e2b2caf9dbdfdf840f020030aa4416,2017-03-11,2017-03-11,2017-03-24
4752,476991450,L,2017-03-11,,54,Offline,5,2450,186910.5,119364,67546.5,2017-03-11,2017-03-11,2017-03-27,f9653bb1e24653230b04a4c6525cf8d7,2017-03-11,2017-03-11,2017-03-27
4753,963338601,C,2017-03-11,,89,Online,3,4308,176046.42,122067.18,53979.24,2017-03-11,2017-03-11,2017-04-09,f1049851bcd7cd3538c29937d1d6b456,2017-03-11,2017-03-11,2017-04-09
4754,412483680,H,2017-03-11,,121,Online,8,3884,495753.76,309593.64,186160.12,2017-03-11,2017-03-11,2017-04-18,5217fa2249148eb56e1c8e5e31b2d864,2017-03-11,2017-03-11,2017-04-18
4755,688698422,H,2017-03-12,,101,Offline,6,44,3389.32,2000.46,1388.86,2017-03-12,2017-03-12,2017-04-01,4636be923752f653eeb842e1505b22ab,2017-03-12,2017-03-12,2017-04-01
4756,258436477,M,2017-03-12,,131,Online,1,11902,55522.83,41180.92,14341.91,2017-03-12,2017-03-12,2017-04-20,553121911df9ca6064c949b9e0463d61,2017-03-12,2017-03-12,2017-04-20
4757,393709933,C,2017-03-12,,147,Offline,1,12746,59460.09,44101.16,15358.93,2017-03-12,2017-03-12,2017-04-25,fec48edb103d54f7d9c82987a4bacf5b,2017-03-12,2017-03-12,2017-04-25
4758,127374303,C,2017-03-13,,46,Online,2,3484,82657.9,55378.18,27279.72,2017-03-13,2017-03-13,2017-03-20,fdabc808a8affd0b741fe668cc2aa1c1,2017-03-13,2017-03-13,2017-03-20
4759,838180291,H,2017-03-13,,71,Online,6,10058,774767.74,457286.97,317480.77,2017-03-13,2017-03-13,2017-04-02,fa23acbe6637b1d6c28e3c9cfd04f2b1,2017-03-13,2017-03-13,2017-04-02
4760,131585586,C,2017-03-13,,147,Offline,3,15908,650080.42,450753.18,199327.24,2017-03-13,2017-03-13,2017-04-13,5c8b0920fdc6c8f0c7d1cb49243b104a,2017-03-13,2017-03-13,2017-04-13
4761,652961528,C,2017-03-14,,179,Online,12,9362,3128171.87,2352389.74,775782.13,2017-03-14,2017-03-14,2017-03-20,4fad1e9f2935e5aae08b3b4742a89a8b,2017-03-14,2017-03-14,2017-03-20
4762,123045003,L,2017-03-14,,86,Offline,2,1212,28754.7,19264.74,9489.96,2017-03-14,2017-03-14,2017-03-22,062403b0bdf0c4b3ebe702c3da334182,2017-03-14,2017-03-14,2017-03-22
4763,399141728,C,2017-03-15,,183,Offline,2,7524,178506.9,119593.98,58912.92,2017-03-15,2017-03-15,2017-03-31,de7de8ccbaf3e58f8d38e8e171c9c66a,2017-03-15,2017-03-15,2017-03-31
4764,972981679,C,2017-03-15,,139,Online,5,11510,878097.9,560767.2,317330.7,2017-03-15,2017-03-15,2017-04-09,0de918471fdfec30d9b8b513b9814b72,2017-03-15,2017-03-15,2017-04-09
4765,552834880,L,2017-03-16,,56,Online,9,9962,2101434.09,1816520.89,284913.2,2017-03-16,2017-03-16,2017-04-25,068526df2f08f9a395c4fc6b3c8090e4,2017-03-16,2017-03-16,2017-04-25
4766,748168790,M,2017-03-16,,6,Offline,8,17252,2202045.28,1375156.92,826888.36,2017-03-16,2017-03-16,2017-05-05,255120ce9caebd4bc6a99df0a10fcfbc,2017-03-16,2017-03-16,2017-05-05
4767,267961537,C,2017-03-17,,182,Online,10,9256,2023361.6,1218691.24,804670.36,2017-03-17,2017-03-17,2017-03-26,aebde6c277ec629938b138179b249c13,2017-03-17,2017-03-17,2017-03-26
4768,922564303,L,2017-03-17,,185,Offline,12,12268,4099168.18,3082580.36,1016587.82,2017-03-17,2017-03-17,2017-04-02,156acaf5a787c1d0eb072e4cb2f410da,2017-03-17,2017-03-17,2017-04-02
4769,870454347,M,2017-03-18,,22,Online,2,11278,267570.55,179263.81,88306.74,2017-03-18,2017-03-18,2017-03-26,d1af533cacf380c92cbc0be9112514e0,2017-03-18,2017-03-18,2017-03-26
4770,517097985,M,2017-03-18,,139,Online,5,19280,1470871.2,939321.6,531549.6,2017-03-18,2017-03-18,2017-04-14,ed7a24786106071c9626fe677911d23d,2017-03-18,2017-03-18,2017-04-14
4771,870218312,H,2017-03-19,,139,Offline,1,11584,54039.36,40080.64,13958.72,2017-03-19,2017-03-19,2017-03-27,fb2f1e70170422764e33427ba69d79e7,2017-03-19,2017-03-19,2017-03-27
4772,996951186,H,2017-03-19,,56,Online,3,17730,724536.45,502379.55,222156.9,2017-03-19,2017-03-19,2017-04-30,6ddf54d13e446d3e457a66845d492362,2017-03-19,2017-03-19,2017-04-30
4773,734708821,L,2017-03-21,,165,Online,9,11044,2329676.58,2013818.18,315858.4,2017-03-21,2017-03-21,2017-03-24,7ad53c73fea3132000c6479b0acd1be1,2017-03-21,2017-03-21,2017-03-24
4774,420828568,M,2017-03-21,,166,Offline,1,2760,12875.4,9549.6,3325.8,2017-03-21,2017-03-21,2017-03-29,e38c26f1a79b6fc69e8e515e4a5334cf,2017-03-21,2017-03-21,2017-03-29
4775,480652987,L,2017-03-23,,23,Offline,8,9510,1213856.4,758042.1,455814.3,2017-03-23,2017-03-23,2017-04-05,b9b96ce4fe8661e39f523a6743571b9f,2017-03-23,2017-03-23,2017-04-05
4776,817518270,C,2017-03-23,,103,Offline,12,1356,453087.06,340722.12,112364.94,2017-03-23,2017-03-23,2017-04-18,9ec90bdf5ad3c4e7051039f3b218fe59,2017-03-23,2017-03-23,2017-04-18
4777,719556272,H,2017-03-24,,13,Offline,9,3092,652241.94,563810.74,88431.2,2017-03-24,2017-03-24,2017-04-01,9e70bc2c8a927e2dee7d8bd3b06b1ec6,2017-03-24,2017-03-24,2017-04-01
4778,122967326,H,2017-03-24,,18,Online,2,15238,361521.55,242208.01,119313.54,2017-03-24,2017-03-24,2017-04-25,c1b8cc68d99876a22e452121214dab72,2017-03-24,2017-03-24,2017-04-25
4779,675868880,L,2017-03-24,,13,Online,7,6952,715013.2,407074.36,307938.84,2017-03-24,2017-03-24,2017-05-11,46a216f1167a9e9f03b345fd6243bb5f,2017-03-24,2017-03-24,2017-05-11
4780,189403712,L,2017-03-25,,143,Offline,8,15244,1945744.16,1215099.24,730644.92,2017-03-25,2017-03-25,2017-04-03,7c8a3b931da45766902fbe01bf28e090,2017-03-25,2017-03-25,2017-04-03
4781,172676599,C,2017-03-25,,13,Offline,5,15396,1174560.84,750093.12,424467.72,2017-03-25,2017-03-25,2017-05-04,732dea5a64865f1eeaae9c6de76ee62e,2017-03-25,2017-03-25,2017-05-04
4782,722233331,H,2017-03-31,,160,Online,6,7494,577262.82,340714.71,236548.11,2017-03-31,2017-03-31,2017-04-06,cd780ed533d4563ddfe8d0ded6f9e3f2,2017-03-31,2017-03-31,2017-04-06
4783,208689868,L,2017-04-01,,83,Online,3,9648,394265.52,273376.08,120889.44,2017-04-01,2017-04-01,2017-04-03,320601e49229a64d63ac515a53af6665,2017-04-01,2017-04-01,2017-04-03
4784,728255212,H,2017-04-01,,133,Offline,5,11510,878097.9,560767.2,317330.7,2017-04-01,2017-04-01,2017-04-04,c7a928b80cd88bec0026032fd1c6f731,2017-04-01,2017-04-01,2017-04-04
4785,127691018,L,2017-04-01,,44,Offline,6,10930,841937.9,496932.45,345005.45,2017-04-01,2017-04-01,2017-04-05,1307bcf260b2cdf52fb0524dc87a0c38,2017-04-01,2017-04-01,2017-04-05
4786,767849338,M,2017-04-01,,168,Offline,8,5074,647645.36,404448.54,243196.82,2017-04-01,2017-04-01,2017-04-17,5a5fce546400de007ead247b9e0910d9,2017-04-01,2017-04-01,2017-04-17
4787,956571280,C,2017-04-03,,64,Online,7,19108,1965257.8,1118868.94,846388.86,2017-04-03,2017-04-03,2017-04-05,35a63f818ef64014b48c22a302f65c91,2017-04-03,2017-04-03,2017-04-05
4788,998094022,H,2017-04-03,,183,Offline,3,14112,576686.88,399863.52,176823.36,2017-04-03,2017-04-03,2017-04-16,fdef9b5c92eb8071fd20dd7cb8489862,2017-04-03,2017-04-03,2017-04-16
4789,299685847,M,2017-04-03,,83,Online,1,5114,23856.81,17694.44,6162.37,2017-04-03,2017-04-03,2017-04-24,3b7189fc47d681d3a22b3acc7c224808,2017-04-03,2017-04-03,2017-04-24
4790,549058330,H,2017-04-03,,153,Online,12,14832,4955890.32,3726836.64,1229053.68,2017-04-03,2017-04-03,2017-05-11,0ec5c46dbf626959623ad9acc12b5ee6,2017-04-03,2017-04-03,2017-05-11
4791,837906920,L,2017-04-04,,58,Online,2,8266,196110.85,131388.07,64722.78,2017-04-04,2017-04-04,2017-05-16,6151a2794c79f45573854d0d29116f38,2017-04-04,2017-04-04,2017-05-16
4792,598767602,C,2017-04-04,,42,Offline,12,14988,5008015.38,3766034.76,1241980.62,2017-04-04,2017-04-04,2017-05-21,5f0632e5ad8cca4ea7336feac13b9075,2017-04-04,2017-04-04,2017-05-21
4793,172598922,M,2017-04-05,,161,Online,5,9422,718804.38,459039.84,259764.54,2017-04-05,2017-04-05,2017-04-18,73ab3ffa0c4e36b33fd994ab89fcb11b,2017-04-05,2017-04-05,2017-04-18
4794,779184997,M,2017-04-06,,106,Online,5,14022,1069738.38,683151.84,386586.54,2017-04-06,2017-04-06,2017-04-17,b31e84cd674680779ae8faac683e4a8d,2017-04-06,2017-04-06,2017-04-17
4795,240845906,M,2017-04-06,,69,Online,5,1022,77968.38,49791.84,28176.54,2017-04-06,2017-04-06,2017-04-21,2f5fefbb1735a6c652adc5dc252ad1d5,2017-04-06,2017-04-06,2017-04-21
4796,766669166,M,2017-04-06,,184,Offline,6,6596,508089.88,299887.14,208202.74,2017-04-06,2017-04-06,2017-04-21,f0b2c70c451e91956cc63a9a23c4c830,2017-04-06,2017-04-06,2017-04-21
4797,874628293,H,2017-04-07,,39,Online,2,1606,38102.35,25527.37,12574.98,2017-04-07,2017-04-07,2017-04-11,a41451a3eb4d374a927fbe0e1cc2a8fd,2017-04-07,2017-04-07,2017-04-11
4798,569170606,M,2017-04-07,,139,Offline,5,18170,1386189.3,885242.4,500946.9,2017-04-07,2017-04-07,2017-04-13,c004d2b33b9c8058ec97a8c2513264ee,2017-04-07,2017-04-07,2017-04-13
4799,261548268,L,2017-04-07,,176,Offline,5,13600,1037544,662592,374952,2017-04-07,2017-04-07,2017-04-15,7f843b78368f7027299eeac389f93fb9,2017-04-07,2017-04-07,2017-04-15
4800,121945512,C,2017-04-08,,169,Online,2,10484,248732.9,166643.18,82089.72,2017-04-08,2017-04-08,2017-04-12,3bc2ae6e167ba3f7fcfcb936b0c8eeeb,2017-04-08,2017-04-08,2017-04-12
4801,383833825,L,2017-04-08,,179,Offline,5,7626,581787.54,371538.72,210248.82,2017-04-08,2017-04-08,2017-04-25,6c3046437075024be39fb80fcd5dedad,2017-04-08,2017-04-08,2017-04-25
4802,961531007,L,2017-04-09,,10,Offline,1,14494,67614.51,50149.24,17465.27,2017-04-09,2017-04-09,2017-05-04,45c23a39240a791a9d66cc32771cd5d2,2017-04-09,2017-04-09,2017-05-04
4803,894858586,C,2017-04-10,,133,Online,11,14792,4816349.16,3882604.16,933745,2017-04-10,2017-04-10,2017-05-27,24a9db512dbf025353825ea8742a192d,2017-04-10,2017-04-10,2017-05-27
4804,274694526,C,2017-04-13,,66,Offline,3,14138,577749.37,400600.23,177149.14,2017-04-13,2017-04-13,2017-05-11,1cffaeab147d036fe8f454b22d13e798,2017-04-13,2017-04-13,2017-05-11
4805,972984683,H,2017-04-14,,3,Online,9,13288,2803037.16,2423000.36,380036.8,2017-04-14,2017-04-14,2017-05-30,0d1a12c6a25669179c14418ae6f43d93,2017-04-14,2017-04-14,2017-05-30
4806,939412438,C,2017-04-15,,41,Offline,5,3742,285477.18,182310.24,103166.94,2017-04-15,2017-04-15,2017-05-16,671bf586c617144873944b741dd8ff8c,2017-04-15,2017-04-15,2017-05-16
4807,186847674,M,2017-04-16,,145,Online,10,2468,539504.8,324949.22,214555.58,2017-04-16,2017-04-16,2017-04-23,fad946427eb62431149e4e63cbe8d1a0,2017-04-16,2017-04-16,2017-04-23
4808,899818313,L,2017-04-16,,126,Offline,3,10180,416005.7,288450.3,127555.4,2017-04-16,2017-04-16,2017-05-05,7b6fb5f38a33235249bc4e029f20d03b,2017-04-16,2017-04-16,2017-05-05
4809,800045716,M,2017-04-16,,24,Online,3,322,13158.53,9123.87,4034.66,2017-04-16,2017-04-16,2017-05-14,35e28f3ab91f9be3d58c55ccda5d14cf,2017-04-16,2017-04-16,2017-05-14
4810,163744628,L,2017-04-17,,118,Offline,11,9058,2949330.09,2377543.84,571786.25,2017-04-17,2017-04-17,2017-05-01,a556a498f5c009c3ef75c9234ac96ea2,2017-04-17,2017-04-17,2017-05-01
4811,485929429,C,2017-04-17,,155,Offline,3,12342,504355.83,349710.57,154645.26,2017-04-17,2017-04-17,2017-05-19,f1b879e9a6951ed0dcdb969e188b0225,2017-04-17,2017-04-17,2017-05-19
4813,491833293,L,2017-04-19,,105,Online,4,6512,355815.68,116695.04,239120.64,2017-04-19,2017-04-19,2017-04-23,8468c0a1efab3000575cc1dc416d3612,2017-04-19,2017-04-19,2017-04-23
4814,583301341,L,2017-04-19,,146,Offline,5,1368,104364.72,66648.96,37715.76,2017-04-19,2017-04-19,2017-05-13,033cdde934fb00391de2244ac4e0990e,2017-04-19,2017-04-19,2017-05-13
4815,188068187,L,2017-04-20,,165,Online,1,4822,22494.63,16684.12,5810.51,2017-04-20,2017-04-20,2017-04-25,fc045216f9ad83ef7732c79225d8c90e,2017-04-20,2017-04-20,2017-04-25
4816,306496512,L,2017-04-20,,125,Online,12,15968,5335467.68,4012279.36,1323188.32,2017-04-20,2017-04-20,2017-05-06,485db8519c38465d76bdeacf765a9878,2017-04-20,2017-04-20,2017-05-06
4817,959170663,M,2017-04-20,,183,Offline,2,17538,416089.05,278766.51,137322.54,2017-04-20,2017-04-20,2017-05-14,a348e7f427d9a985fa1701b33f66b716,2017-04-20,2017-04-20,2017-05-14
4818,948819482,L,2017-04-20,,86,Online,6,11248,866433.44,511390.32,355043.12,2017-04-20,2017-04-20,2017-05-17,82b0efa84210e67e4153423dbdbebb35,2017-04-20,2017-04-20,2017-05-17
4819,445745217,L,2017-04-20,,148,Online,9,9540,2012415.3,1739571.3,272844,2017-04-20,2017-04-20,2017-06-04,d9401e9386ce0c905e74e9284627a333,2017-04-20,2017-04-20,2017-06-04
4820,564173543,L,2017-04-21,,118,Offline,8,686,87561.04,54681.06,32879.98,2017-04-21,2017-04-21,2017-04-26,597165c0885075d243e8be86ae16a059,2017-04-21,2017-04-21,2017-04-26
4821,408315742,L,2017-04-21,,136,Online,6,17112,1318137.36,777997.08,540140.28,2017-04-21,2017-04-21,2017-05-23,55dd147fdac4693afdd5a14d3dcd4b40,2017-04-21,2017-04-21,2017-05-23
4822,175434339,H,2017-04-21,,125,Offline,6,7548,581422.44,343169.82,238252.62,2017-04-21,2017-04-21,2017-05-26,fe4b3a28158b70411edbc7b4d3203e9f,2017-04-21,2017-04-21,2017-05-26
4823,975661742,C,2017-04-21,,42,Online,1,17692,82533.18,61214.32,21318.86,2017-04-21,2017-04-21,2017-06-03,13cb1e5c3df1a30e4a51a42a1c69f6f2,2017-04-21,2017-04-21,2017-06-03
4824,414219605,H,2017-04-22,,107,Offline,9,11282,2379881.49,2057216.29,322665.2,2017-04-22,2017-04-22,2017-04-27,db38490469cf9aef099bc270f855a2ce,2017-04-22,2017-04-22,2017-04-27
4825,133675563,L,2017-04-22,,22,Offline,10,12848,2808572.8,1691631.92,1116940.88,2017-04-22,2017-04-22,2017-05-16,cf4079e3c7750410101174a713d52f04,2017-04-22,2017-04-22,2017-05-16
4826,807052075,C,2017-04-22,,56,Offline,11,6996,2277932.58,1836310.08,441622.5,2017-04-22,2017-04-22,2017-05-16,638e2c1d5a782e2b546e666187d5fbe7,2017-04-22,2017-04-22,2017-05-16
4827,565984141,C,2017-04-22,,73,Online,5,12280,936841.2,598281.6,338559.6,2017-04-22,2017-04-22,2017-05-22,0c8adab56e14ff5f550d3e7fa57562c6,2017-04-22,2017-04-22,2017-05-22
4828,594991052,M,2017-04-22,,79,Offline,5,19858,1514966.82,967481.76,547485.06,2017-04-22,2017-04-22,2017-06-06,1167e3166aacffd879f4b5d0b3feab05,2017-04-22,2017-04-22,2017-06-06
4829,850621449,L,2017-04-23,,10,Online,9,13288,2803037.16,2423000.36,380036.8,2017-04-23,2017-04-23,2017-05-02,f19be2f5f5d17af57c81464e43b6fff9,2017-04-23,2017-04-23,2017-05-02
4830,567912757,C,2017-04-23,,89,Online,7,13720,1411102,803374.6,607727.4,2017-04-23,2017-04-23,2017-05-22,879639d63644822ed5acdfd48c42bc2a,2017-04-23,2017-04-23,2017-05-22
4831,852668082,M,2017-04-23,,146,Online,7,4578,470847.3,268064.79,202782.51,2017-04-23,2017-04-23,2017-05-27,3120dbe3c4f02b51ab0f3f9a6733417a,2017-04-23,2017-04-23,2017-05-27
4832,692362964,H,2017-04-24,,52,Offline,7,8884,913719.4,520202.62,393516.78,2017-04-24,2017-04-24,2017-05-31,a6559078530d2d2e3bf804c636d2304c,2017-04-24,2017-04-24,2017-05-31
4833,783594977,H,2017-04-25,,155,Offline,9,4044,853061.58,737403.18,115658.4,2017-04-25,2017-04-25,2017-05-01,bd0fec960edf2f302e402fb60a1eb880,2017-04-25,2017-04-25,2017-05-01
4834,604870164,L,2017-04-25,,15,Offline,5,6756,515415.24,329152.32,186262.92,2017-04-25,2017-04-25,2017-06-05,23b29cd6f4fa5292e8fa9ddd67e80b51,2017-04-25,2017-04-25,2017-06-05
4835,629547774,L,2017-04-26,,57,Offline,4,12062,659067.68,216151.04,442916.64,2017-04-26,2017-04-26,2017-05-03,a9c30ac21f4d95837d048513ec1405a0,2017-04-26,2017-04-26,2017-05-03
4836,166067636,L,2017-04-26,,53,Offline,7,3918,402966.3,229418.49,173547.81,2017-04-26,2017-04-26,2017-06-02,7dac19d39ca0fcf621e7ca977218b33c,2017-04-26,2017-04-26,2017-06-02
4837,151269137,C,2017-04-27,,42,Offline,1,5508,25694.82,19057.68,6637.14,2017-04-27,2017-04-27,2017-05-14,507e1c1d4baee526ed57c7c20ccf0499,2017-04-27,2017-04-27,2017-05-14
4838,436024463,H,2017-04-27,,123,Offline,10,16366,3577607.6,2154829.39,1422778.21,2017-04-27,2017-04-27,2017-05-19,9da949a3fbe299b2347e2329f1762111,2017-04-27,2017-04-27,2017-05-19
4839,122144210,C,2017-04-27,,140,Offline,2,8082,191745.45,128463.39,63282.06,2017-04-27,2017-04-27,2017-05-24,890e08b7fe9225fd0dd2e9039797a9c5,2017-04-27,2017-04-27,2017-05-24
4840,649896085,H,2017-04-28,,132,Offline,12,15096,5044101.96,3793171.92,1250930.04,2017-04-28,2017-04-28,2017-05-24,37cc02b5a497fb7f6502056efd5799e5,2017-04-28,2017-04-28,2017-05-24
4841,379467189,C,2017-04-29,,56,Offline,7,3258,335085.3,190772.19,144313.11,2017-04-29,2017-04-29,2017-06-09,1fc1d01135f0edd7b8f0af2a2ae52486,2017-04-29,2017-04-29,2017-06-09
4842,250569665,L,2017-04-30,,59,Offline,4,15974,872819.36,286254.08,586565.28,2017-04-30,2017-04-30,2017-05-08,9998320c5601bb342a4c4e52a4899670,2017-04-30,2017-04-30,2017-05-08
4843,923828160,H,2017-04-30,,123,Offline,12,274,91552.99,68847.98,22705.01,2017-04-30,2017-04-30,2017-06-03,22238852478447d6fea62587c9ea6a0b,2017-04-30,2017-04-30,2017-06-03
4844,317006051,H,2017-04-30,,24,Offline,2,15980,379125.5,254002.1,125123.4,2017-04-30,2017-04-30,2017-06-05,82242e183df9467fcf3bb00b5339bbb3,2017-04-30,2017-04-30,2017-06-05
4845,657964599,C,2017-04-30,,179,Online,5,10402,793568.58,506785.44,286783.14,2017-04-30,2017-04-30,2017-06-17,f37d337c4356e460d2289246140ffbfa,2017-04-30,2017-04-30,2017-06-17
4846,343730294,L,2017-05-01,,139,Online,11,12574,4094157.27,3300423.52,793733.75,2017-05-01,2017-05-01,2017-05-28,a4be7227848c1307034e90463625d58d,2017-05-01,2017-05-01,2017-05-28
4847,406191432,L,2017-05-01,,3,Offline,12,19852,6633248.02,4988212.04,1645035.98,2017-05-01,2017-05-01,2017-06-01,274175b3ef591d661d33e5954ae472c8,2017-05-01,2017-05-01,2017-06-01
4848,152607667,C,2017-05-01,,181,Offline,12,17710,5917530.85,4449991.7,1467539.15,2017-05-01,2017-05-01,2017-06-11,79870af77ede9fe64f777656a7890fcc,2017-05-01,2017-05-01,2017-06-11
4849,146349751,M,2017-05-01,,90,Online,6,13998,1078265.94,636419.07,441846.87,2017-05-01,2017-05-01,2017-06-13,3b729273f28e1f367e35ac1380a8723c,2017-05-01,2017-05-01,2017-06-13
4850,692757356,H,2017-05-02,,88,Offline,9,2302,485595.39,419758.19,65837.2,2017-05-02,2017-05-02,2017-05-12,ab73c344a77c4f03f59e87ca883d2cce,2017-05-02,2017-05-02,2017-05-12
4851,245768296,C,2017-05-03,,179,Offline,6,14310,1102299.3,650604.15,451695.15,2017-05-03,2017-05-03,2017-05-12,994502675232ffe9d24101f243273e2d,2017-05-03,2017-05-03,2017-05-12
4852,181260526,M,2017-05-03,,155,Offline,11,15744,5126325.12,4132485.12,993840,2017-05-03,2017-05-03,2017-06-03,d86fb3397eade01f7e564eda7f48490f,2017-05-03,2017-05-03,2017-06-03
4853,459757936,H,2017-05-03,,60,Offline,10,2890,631754,380511.85,251242.15,2017-05-03,2017-05-03,2017-06-10,7f70327fce3382fde4170dda5aa7cbbb,2017-05-03,2017-05-03,2017-06-10
4854,858376252,C,2017-05-05,,1,Online,5,2926,223224.54,142554.72,80669.82,2017-05-05,2017-05-05,2017-05-09,1fe7ca9c70482d0eef04d08de8dbf3f6,2017-05-05,2017-05-05,2017-05-09
4855,781470668,H,2017-05-05,,124,Online,5,6782,517398.78,330419.04,186979.74,2017-05-05,2017-05-05,2017-05-10,6820e12b6dd2fcc9333b5314f5a12b0d,2017-05-05,2017-05-05,2017-05-10
4856,727550113,L,2017-05-05,,116,Online,1,14202,66252.33,49138.92,17113.41,2017-05-05,2017-05-05,2017-05-29,41a7569789734927706c12224f085e5f,2017-05-05,2017-05-05,2017-05-29
4857,920719373,H,2017-05-05,,176,Offline,12,356,118952.06,89452.12,29499.94,2017-05-05,2017-05-05,2017-06-08,188fd8aa3f28c4b763c3e1cde47ff51f,2017-05-05,2017-05-05,2017-06-08
4858,887501180,C,2017-05-05,,169,Online,10,352,76947.2,46346.08,30601.12,2017-05-05,2017-05-05,2017-06-20,c16feb4c646862591de1cc49559048cb,2017-05-05,2017-05-05,2017-06-20
4859,172365891,M,2017-05-06,,3,Online,12,11504,3843889.04,2890610.08,953278.96,2017-05-06,2017-05-06,2017-06-09,e818a03de430728f6a2913fe962de0e9,2017-05-06,2017-05-06,2017-06-09
4860,826968657,H,2017-05-06,,54,Offline,10,14516,3173197.6,1911249.14,1261948.46,2017-05-06,2017-05-06,2017-06-15,225140eccd00b8a4934bdfb9facf0d83,2017-05-06,2017-05-06,2017-06-15
4861,806148278,H,2017-05-07,,121,Online,4,12090,660597.6,216652.8,443944.8,2017-05-07,2017-05-07,2017-05-29,a5a4ea4995ae4f28adac5df26c61fab7,2017-05-07,2017-05-07,2017-05-29
4862,336292207,H,2017-05-07,,47,Online,9,10384,2190452.88,1893470.48,296982.4,2017-05-07,2017-05-07,2017-06-05,484b455b40987421bf4f4a54b8e947ad,2017-05-07,2017-05-07,2017-06-05
4863,259032571,L,2017-05-09,,180,Online,6,4698,361886.94,213594.57,148292.37,2017-05-09,2017-05-09,2017-05-13,876a2abaeea35a7f077ccf5251968f82,2017-05-09,2017-05-09,2017-05-13
4864,920011270,M,2017-05-09,,84,Offline,9,1268,267478.26,231213.46,36264.8,2017-05-09,2017-05-09,2017-06-12,2fee9d1cbf9079f93965efa7e97a6d26,2017-05-09,2017-05-09,2017-06-12
4865,880535161,C,2017-05-09,,85,Offline,12,17552,5864737.52,4410291.04,1454446.48,2017-05-09,2017-05-09,2017-06-25,1a22f2f476b2f5b57f9ae4369bc59126,2017-05-09,2017-05-09,2017-06-25
4866,953111445,H,2017-05-10,,152,Offline,12,11424,3817158.24,2870508.48,946649.76,2017-05-10,2017-05-10,2017-06-27,817d7026c12bff6b870e39674d9f0e09,2017-05-10,2017-05-10,2017-06-27
4867,613845479,H,2017-05-12,,141,Offline,1,18746,87450.09,64861.16,22588.93,2017-05-12,2017-05-12,2017-06-17,58ff9196853c3d9382c77a38b7979741,2017-05-12,2017-05-12,2017-06-17
4868,102230632,L,2017-05-13,,140,Online,4,2342,127966.88,41968.64,85998.24,2017-05-13,2017-05-13,2017-06-13,2a390d0480c5e1bf99227565b5726ac1,2017-05-13,2017-05-13,2017-06-13
4869,748646867,C,2017-05-13,,106,Online,4,198,10818.72,3548.16,7270.56,2017-05-13,2017-05-13,2017-06-22,642976ae2f4b4e850c6a80cea1785a93,2017-05-13,2017-05-13,2017-06-22
4870,923160398,L,2017-05-14,,34,Offline,4,5062,276587.68,90711.04,185876.64,2017-05-14,2017-05-14,2017-06-15,e6eea056ff47621f186df261e6a8239a,2017-05-14,2017-05-14,2017-06-15
4871,461726891,M,2017-05-14,,149,Online,4,8206,448375.84,147051.52,301324.32,2017-05-14,2017-05-14,2017-06-19,d8d3657bfa953ba81d517a957e47c3fd,2017-05-14,2017-05-14,2017-06-19
4872,694136226,M,2017-05-16,,111,Online,1,18378,85733.37,63587.88,22145.49,2017-05-16,2017-05-16,2017-06-18,3e30be7f847eacd00052037f12516077,2017-05-16,2017-05-16,2017-06-18
4874,604242742,M,2017-05-18,,159,Online,1,15420,71934.3,53353.2,18581.1,2017-05-18,2017-05-18,2017-06-25,76a23442c85f1eda59a682973e74fd0c,2017-05-18,2017-05-18,2017-06-25
4875,645411431,C,2017-05-20,,120,Offline,3,880,35961.2,24934.8,11026.4,2017-05-20,2017-05-20,2017-06-12,4447559742f5ccbc08b515276b2a583b,2017-05-20,2017-05-20,2017-06-12
4876,310828816,H,2017-05-20,,29,Online,6,18,1386.54,818.37,568.17,2017-05-20,2017-05-20,2017-06-24,66eb64c4cde2f46e5664bc2ff50367d5,2017-05-20,2017-05-20,2017-06-24
4877,595584142,M,2017-05-20,,104,Online,1,10876,50736.54,37630.96,13105.58,2017-05-20,2017-05-20,2017-06-29,e5e2717ec220230eacfccbc6bd3fdf63,2017-05-20,2017-05-20,2017-06-29
4878,171344077,H,2017-05-21,,146,Offline,12,6750,2255411.25,1696072.5,559338.75,2017-05-21,2017-05-21,2017-05-27,ee30fb3ccb8a02f06727912a3bc12393,2017-05-21,2017-05-21,2017-05-27
4879,653597962,H,2017-05-21,,73,Online,10,6032,1318595.2,794203.28,524391.92,2017-05-21,2017-05-21,2017-06-11,91767c0b8b05d0670fe7c551fb5c3612,2017-05-21,2017-05-21,2017-06-11
4880,632659566,L,2017-05-21,,98,Offline,6,13760,1059932.8,625598.4,434334.4,2017-05-21,2017-05-21,2017-06-18,4dc72f223246ad2468d9e2eea33540fb,2017-05-21,2017-05-21,2017-06-18
4881,929812705,H,2017-05-22,,26,Online,9,2194,462813.33,400064.93,62748.4,2017-05-22,2017-05-22,2017-05-25,5f4b3370af69e236f73ff48ad0dc4f6c,2017-05-22,2017-05-22,2017-05-25
4882,243684327,H,2017-05-23,,138,Online,8,924,117939.36,73652.04,44287.32,2017-05-23,2017-05-23,2017-05-30,4b17225a379ad935f7cb605e15c6256d,2017-05-23,2017-05-23,2017-05-30
4885,837754571,C,2017-05-25,,59,Online,9,18098,3817682.61,3300079.81,517602.8,2017-05-25,2017-05-25,2017-06-02,3b48007e00aae37429ae365d6ca994a3,2017-05-25,2017-05-25,2017-06-02
4886,367898499,H,2017-05-25,,120,Online,10,16392,3583291.2,2158252.68,1425038.52,2017-05-25,2017-05-25,2017-06-09,4008086d70af138b0bb8b22aadcceeac,2017-05-25,2017-05-25,2017-06-09
4887,482115542,H,2017-05-26,,131,Offline,8,15116,1929406.24,1204896.36,724509.88,2017-05-26,2017-05-26,2017-05-28,23550b55be9f953c81352f593e4ebe66,2017-05-26,2017-05-26,2017-05-28
4888,479950892,C,2017-05-26,,82,Offline,8,13978,1784151.92,1114186.38,669965.54,2017-05-26,2017-05-26,2017-05-28,26571d1a570208e0469dfd99b3387ba7,2017-05-26,2017-05-26,2017-05-28
4889,858102881,M,2017-05-27,,95,Online,11,1132,368584.86,297127.36,71457.5,2017-05-27,2017-05-27,2017-06-23,729873c5d88d7343f58ae73e99cc33a9,2017-05-27,2017-05-27,2017-06-23
4891,826695287,L,2017-05-28,,1,Offline,4,12722,695130.08,227978.24,467151.84,2017-05-28,2017-05-28,2017-06-09,1b55112325752609dcb8bf422b4b23dd,2017-05-28,2017-05-28,2017-06-09
4892,820437371,H,2017-05-28,,88,Online,9,9010,1900614.45,1642928.45,257686,2017-05-28,2017-05-28,2017-06-11,4daa55a8203c366da98eae9e5d8cb451,2017-05-28,2017-05-28,2017-06-11
4893,543396508,C,2017-05-31,,4,Online,9,3914,825638.73,713698.33,111940.4,2017-05-31,2017-05-31,2017-06-05,15d3a4e327996cf298129c6edeb63c72,2017-05-31,2017-05-31,2017-06-05
4894,638957822,M,2017-05-31,,91,Online,2,1346,31933.85,21394.67,10539.18,2017-05-31,2017-05-31,2017-06-24,c670ac817d21d2425ef2e32141faac91,2017-05-31,2017-05-31,2017-06-24
4896,251911199,L,2017-06-02,,46,Offline,5,9954,759390.66,484958.88,274431.78,2017-06-02,2017-06-02,2017-06-04,7b39abdf5e4fc6e52d6f2edc904f743e,2017-06-02,2017-06-02,2017-06-04
4898,723577868,H,2017-06-03,,80,Online,8,3252,415085.28,259216.92,155868.36,2017-06-03,2017-06-03,2017-06-23,db97222f7f255bdb6ed157e9e976afdc,2017-06-03,2017-06-03,2017-06-23
4899,634156453,M,2017-06-03,,76,Offline,9,19684,4152241.38,3589278.98,562962.4,2017-06-03,2017-06-03,2017-06-28,9a7a4c0cb7dd24b2a219183f4e377b54,2017-06-03,2017-06-03,2017-06-28
4902,569530665,M,2017-06-04,,74,Online,1,11270,52574.55,38994.2,13580.35,2017-06-04,2017-06-04,2017-06-25,74242a9eaf2ada31071806ec1a1b3708,2017-06-04,2017-06-04,2017-06-25
4903,854285991,L,2017-06-04,,59,Online,1,2128,9927.12,7362.88,2564.24,2017-06-04,2017-06-04,2017-06-30,d707bc73ca14176b8035b461f6c9cfdf,2017-06-04,2017-06-04,2017-06-30
4904,617193305,M,2017-06-05,,17,Offline,3,138,5639.37,3910.23,1729.14,2017-06-05,2017-06-05,2017-06-10,e1c06a60fe088a3e4029e8ddc4f9703c,2017-06-05,2017-06-05,2017-06-10
4905,619121921,M,2017-06-06,,36,Offline,5,1578,120385.62,76880.16,43505.46,2017-06-06,2017-06-06,2017-06-10,85cdfb22ab4bdcdccc3a394fdf636fe8,2017-06-06,2017-06-06,2017-06-10
4906,899547946,M,2017-06-06,,13,Offline,5,10164,775411.56,495190.08,280221.48,2017-06-06,2017-06-06,2017-06-17,dff8f2abd0376a49205765fe0bfa9729,2017-06-06,2017-06-06,2017-06-17
4908,215584218,M,2017-06-07,,18,Offline,6,10032,772764.96,456104.88,316660.08,2017-06-07,2017-06-07,2017-06-21,d9b2d8d6d4109860b65647b7d77d55b6,2017-06-07,2017-06-07,2017-06-21
4917,722161662,L,2017-06-10,,82,Offline,9,5078,1071178.71,925947.91,145230.8,2017-06-10,2017-06-10,2017-06-29,02b1e2b203c61d4e4df76a5ab38aa263,2017-06-10,2017-06-10,2017-06-29
4920,669579637,H,2017-06-13,,39,Offline,6,4698,361886.94,213594.57,148292.37,2017-06-13,2017-06-13,2017-06-24,68c0045d15e432377a31e3c9cd6cdc84,2017-06-13,2017-06-13,2017-06-24
4925,529504811,C,2017-06-17,,29,Offline,2,2190,51957.75,34810.05,17147.7,2017-06-17,2017-06-17,2017-06-24,e8cc70ee860f7a0e0e25659e95f643a3,2017-06-17,2017-06-17,2017-06-24
4932,900808799,C,2017-06-20,,24,Online,10,16392,3583291.2,2158252.68,1425038.52,2017-06-20,2017-06-20,2017-06-28,4a6520af4abfdffc48ebf8f068e6773a,2017-06-20,2017-06-20,2017-06-28
4939,243569314,M,2017-06-23,,146,Online,1,12856,59973.24,44481.76,15491.48,2017-06-23,2017-06-23,2017-06-25,89def4babcd8d0b67eff522647ef6c9a,2017-06-23,2017-06-23,2017-06-25
1,279703605,C,2010-01-01,2010-01-10,5,Offline,8,9367,2391207.76,1493287.14,897920.62,2010-01-01,2010-01-10,2010-01-10,51269c0d9831ec80bfb5bc775721490d,2010-01-10,2010-01-10,
2,872081267,H,2010-01-01,2010-01-12,3,Online,2,7081,335993.45,225104.99,110888.46,2010-01-01,2010-01-12,2010-01-12,140c932a0d1c157b3bdd8e50724038e3,2010-01-12,2010-01-12,
3,570716845,L,2010-01-01,2010-01-13,1,Offline,10,6652,2908254.4,1751671.16,1156583.24,2010-01-01,2010-01-13,2010-01-13,6acecf85be53a1ebc51f43c90e35be3d,2010-01-13,2010-01-13,
4,770144021,L,2010-01-01,2010-01-21,2,Offline,2,1585,75208.25,50387.15,24821.1,2010-01-01,2010-01-21,2010-01-21,3defd931ff560ae3b58f7ee40e10255e,2010-01-21,2010-01-21,
5,940682303,L,2010-01-01,2010-02-09,4,Online,7,7652,1574016.4,896125.72,677890.68,2010-01-01,2010-02-09,2010-02-09,db882972516d2545fda3c9ac41882415,2010-02-09,2010-02-09,
6,100624740,M,2010-01-02,2010-01-20,6,Online,10,5951,2601777.2,1567076.83,1034700.37,2010-01-02,2010-01-20,2010-01-20,23d979ed470f422e97d065833b308c3c,2010-01-20,2010-01-20,
7,229640281,M,2010-01-02,2010-01-28,8,Offline,2,4517,214331.65,143595.43,70736.22,2010-01-02,2010-01-28,2010-01-28,eddad45360074228f0605b0866c838ef,2010-01-28,2010-01-28,
8,233851563,H,2010-01-02,2010-02-21,7,Offline,9,729,307557.81,265859.01,41698.8,2010-01-02,2010-02-21,2010-02-21,0bbb12ae2faa35e6f1e1866906878bfb,2010-02-21,2010-02-21,
9,295840632,L,2010-01-03,2010-01-06,12,Offline,1,4672,43589.76,32330.24,11259.52,2010-01-03,2010-01-06,2010-01-06,10d3971fb56f955ed80dade543c46c33,2010-01-06,2010-01-06,
10,761485421,L,2010-01-03,2010-01-26,10,Offline,2,9313,441901.85,296060.27,145841.58,2010-01-03,2010-01-26,2010-01-26,40f61ccf321b7b5fe66b9dc37db72f28,2010-01-26,2010-01-26,
11,836226356,H,2010-01-03,2010-01-26,9,Offline,2,6816,323419.2,216680.64,106738.56,2010-01-03,2010-01-26,2010-01-26,7f84e628d44c016267cb52c0a31ef315,2010-01-26,2010-01-26,
12,127467000,L,2010-01-03,2010-02-07,13,Online,7,9173,1886886.1,1074250.03,812636.07,2010-01-03,2010-02-07,2010-02-07,5b3a3ef869428d6a5acf9265cf456e0e,2010-02-07,2010-02-07,
13,231450879,L,2010-01-03,2010-02-22,11,Online,4,313,34204.64,11217.92,22986.72,2010-01-03,2010-02-22,2010-02-22,d5534a752144507279e16e225ac0d0bf,2010-02-22,2010-02-22,
14,684343802,L,2010-01-04,2010-01-28,14,Offline,10,1394,609456.8,367082.02,242374.78,2010-01-04,2010-01-28,2010-01-28,4a1f230272a2c41f5a74f04f8f8833bb,2010-01-28,2010-01-28,
15,517898786,C,2010-01-05,2010-01-09,12,Online,1,6614,61708.62,45768.88,15939.74,2010-01-05,2010-01-09,2010-01-09,acd6eb74e2123a8ff87932a1946771bd,2010-01-09,2010-01-09,
16,521874034,M,2010-01-06,2010-02-03,18,Offline,10,2979,1302418.8,784460.07,517958.73,2010-01-06,2010-02-03,2010-02-03,a61bef46565fad4dee1a3bd483d0b485,2010-02-03,2010-02-03,
17,868854463,M,2010-01-06,2010-02-12,15,Offline,3,2198,179642.54,124560.66,55081.88,2010-01-06,2010-02-12,2010-02-12,69cdfa6ab7f8d55c953263ae113a67f3,2010-02-12,2010-02-12,
18,264197003,M,2010-01-06,2010-02-14,16,Online,5,619,94447.02,60315.36,34131.66,2010-01-06,2010-02-14,2010-02-14,89fbecd93d735eb353549e819d87c244,2010-02-14,2010-02-14,
19,773411166,M,2010-01-06,2010-02-19,17,Offline,3,8406,687022.38,476368.02,210654.36,2010-01-06,2010-02-19,2010-02-19,2d3e24b9bb0b10af8491bf7f3a25c409,2010-02-19,2010-02-19,
20,280452048,L,2010-01-07,2010-01-14,19,Online,9,848,357762.72,309257.12,48505.6,2010-01-07,2010-01-14,2010-01-14,dd3fa7804030a409cb6b0e83064d8bc7,2010-01-14,2010-01-14,
21,193313300,C,2010-01-07,2010-02-13,20,Offline,6,4556,701897.36,414277.08,287620.28,2010-01-07,2010-02-13,2010-02-13,e0f7c52d64abfa18df4dcff7a88eda58,2010-02-13,2010-02-13,
22,876922976,H,2010-01-08,2010-01-17,21,Online,4,9851,1076517.28,353059.84,723457.44,2010-01-08,2010-01-17,2010-01-17,de472eaa3f7b3cbb320a31419e67a1be,2010-01-17,2010-01-17,
23,889084756,H,2010-01-09,2010-02-08,22,Offline,10,8792,3843862.4,2315197.36,1528665.04,2010-01-09,2010-02-08,2010-02-08,62e92c075bae95d4e9cbfd7b88d059a1,2010-02-08,2010-02-08,
24,689421546,H,2010-01-10,2010-01-31,23,Online,4,4011,438322.08,143754.24,294567.84,2010-01-10,2010-01-31,2010-01-31,2b1400e0c4137fbb7f531737a64b8bd4,2010-01-31,2010-01-31,
25,687374913,M,2010-01-10,2010-02-26,24,Online,7,8367,1721091.9,979859.37,741232.53,2010-01-10,2010-02-26,2010-02-26,2916b0d112406087c17e69c0e9fd8295,2010-02-26,2010-02-26,
26,653920686,C,2010-01-11,2010-01-18,26,Online,5,8517,1299523.86,829896.48,469627.38,2010-01-11,2010-01-18,2010-01-18,479f96873dc4ec2d53455374ed175bde,2010-01-18,2010-01-18,
27,479171121,C,2010-01-11,2010-01-27,28,Offline,8,6238,1592436.64,994461.96,597974.68,2010-01-11,2010-01-27,2010-01-27,850056a3c6104072c0b1285668a4234e,2010-01-27,2010-01-27,
28,525023162,L,2010-01-11,2010-02-06,25,Offline,9,4876,2057135.64,1778228.44,278907.2,2010-01-11,2010-02-06,2010-02-06,96155e4ba750eddaa9e50fb3376b5caa,2010-02-06,2010-02-06,
29,938557994,L,2010-01-11,2010-02-18,29,Offline,11,9022,5875216.62,4736189.12,1139027.5,2010-01-11,2010-02-18,2010-02-18,6718a4a0eb6ada35546acd5248a3084f,2010-02-18,2010-02-18,
30,612161910,M,2010-01-11,2010-02-27,27,Offline,3,1168,95460.64,66190.56,29270.08,2010-01-11,2010-02-27,2010-02-27,86187acf6c9827d1f6e41c976facf671,2010-02-27,2010-02-27,
31,356413495,L,2010-01-12,2010-01-18,32,Offline,3,9528,778723.44,539951.76,238771.68,2010-01-12,2010-01-18,2010-01-18,6f7b347b7b05723dac028249ee46f095,2010-01-18,2010-01-18,
32,393842971,L,2010-01-12,2010-01-31,30,Offline,4,5742,627485.76,205793.28,421692.48,2010-01-12,2010-01-31,2010-01-31,359679b90e7bfbf7441dde792a3283cd,2010-01-31,2010-01-31,
33,412498700,M,2010-01-12,2010-02-19,31,Online,10,6387,2792396.4,1681888.71,1110507.69,2010-01-12,2010-02-19,2010-02-19,1214710f4167e3a8a198c50b45367dc3,2010-02-19,2010-02-19,
34,805095136,L,2010-01-13,2010-01-20,33,Online,6,4396,677247.76,399728.28,277519.48,2010-01-13,2010-01-20,2010-01-20,bfae76fe73247a8c3837bc0d39afbd99,2010-01-20,2010-01-20,
35,730236184,L,2010-01-13,2010-02-14,35,Online,2,1969,93429.05,62594.51,30834.54,2010-01-13,2010-02-14,2010-02-14,cf552083ce1fef5ab539a08864ec6a0d,2010-02-14,2010-02-14,
36,861180341,L,2010-01-13,2010-02-20,34,Offline,2,1255,59549.75,39896.45,19653.3,2010-01-13,2010-02-20,2010-02-20,4c50f1e0e15676e9d9036980447ae5e7,2010-02-20,2010-02-20,
37,545135438,C,2010-01-14,2010-02-27,36,Online,12,6545,4373827.15,3289124.3,1084702.85,2010-01-14,2010-02-27,2010-02-27,8ccb59384e01fab4d0a7781626b76fb2,2010-02-27,2010-02-27,
38,129317939,H,2010-01-15,2010-01-22,36,Offline,6,6907,1064092.42,628053.51,436038.91,2010-01-15,2010-01-22,2010-01-22,4a8c46392431cda208c8ea1c7465ff8d,2010-01-22,2010-01-22,
39,761171710,H,2010-01-15,2010-03-03,3,Online,10,6479,2832618.8,1706115.07,1126503.73,2010-01-15,2010-03-03,2010-03-03,afce842ca57f5fbe31b3883613d64756,2010-03-03,2010-03-03,
40,667420995,C,2010-01-16,2010-01-18,11,Online,3,3559,290877.07,201688.53,89188.54,2010-01-16,2010-01-18,2010-01-18,5acaf1dddde99d397752eba0bd5a5f37,2010-01-18,2010-01-18,
41,646482598,M,2010-01-16,2010-01-25,38,Offline,5,7422,1132448.76,723199.68,409249.08,2010-01-16,2010-01-25,2010-01-25,faa1779e4f509353bfd28df35e154f0b,2010-01-25,2010-01-25,
42,916793477,C,2010-01-16,2010-02-04,39,Online,8,8418,2148947.04,1341997.56,806949.48,2010-01-16,2010-02-04,2010-02-04,1186d1234d6b63b38d5a9950f1407787,2010-02-04,2010-02-04,
43,336813628,C,2010-01-16,2010-02-23,37,Offline,10,9492,4149902.4,2499528.36,1650374.04,2010-01-16,2010-02-23,2010-02-23,8076c41805a83faa368286e9096ba0f2,2010-02-23,2010-02-23,
44,665138328,H,2010-01-17,2010-02-14,40,Online,1,8067,75265.11,55823.64,19441.47,2010-01-17,2010-02-14,2010-02-14,ec9441d1f5f9d2244bb2e91045c29046,2010-02-14,2010-02-14,
45,756252324,L,2010-01-18,2010-02-09,45,Online,1,723,6745.59,5003.16,1742.43,2010-01-18,2010-02-09,2010-02-09,61f7c8bec9887cfabe7e9ffa6a2cb252,2010-02-09,2010-02-09,
46,450794637,C,2010-01-18,2010-02-11,42,Offline,1,9006,84025.98,62321.52,21704.46,2010-01-18,2010-02-11,2010-02-11,de0750e156bf720284708593d57c19de,2010-02-11,2010-02-11,
47,806197631,M,2010-01-18,2010-02-18,43,Online,8,649,165676.72,103463.58,62213.14,2010-01-18,2010-02-18,2010-02-18,de387430b6ad35dc0a97b6686b5e7db5,2010-02-18,2010-02-18,
48,949657618,H,2010-01-18,2010-02-20,41,Online,9,3648,1539054.72,1330389.12,208665.6,2010-01-18,2010-02-20,2010-02-20,c43a3f55e08830cb3f7b1d13dd9c6bab,2010-02-20,2010-02-20,
49,423834359,H,2010-01-18,2010-02-20,44,Offline,8,860,219540.8,137101.2,82439.6,2010-01-18,2010-02-20,2010-02-20,ceed07500e9781b59c1d942454de4b6e,2010-02-20,2010-02-20,
50,993345010,L,2010-01-18,2010-03-03,41,Offline,2,1718,81519.1,54615.22,26903.88,2010-01-18,2010-03-03,2010-03-03,8a51710ac8126b80689a5be9aa5d3d31,2010-03-03,2010-03-03,
51,475590264,M,2010-01-19,2010-02-04,46,Online,3,6583,538028.59,373058.61,164969.98,2010-01-19,2010-02-04,2010-02-04,51156f0839bdbd248f3378c8308f7539,2010-02-04,2010-02-04,
52,477282845,H,2010-01-20,2010-02-04,11,Offline,7,7455,1533493.5,873055.05,660438.45,2010-01-20,2010-02-04,2010-02-04,c4fe0e52c1efa1af65acb1b485fe5147,2010-02-04,2010-02-04,
53,250777375,C,2010-01-20,2010-03-02,47,Offline,4,9453,1033023.84,338795.52,694228.32,2010-01-20,2010-03-02,2010-03-02,94eb2ec6e6d4aac1454de8c1d15ec642,2010-03-02,2010-03-02,
54,612320268,M,2010-01-21,2010-02-10,48,Offline,6,8029,1236947.74,730076.97,506870.77,2010-01-21,2010-02-10,2010-02-10,9b7054a0c2d4e3e6325704aad89f0edc,2010-02-10,2010-02-10,
55,310955846,C,2010-01-21,2010-02-10,49,Online,3,7600,621148,430692,190456,2010-01-21,2010-02-10,2010-02-10,67af7b4ac1e5c8a667ae5532bd54f22d,2010-02-10,2010-02-10,
56,715950095,L,2010-01-22,2010-02-01,50,Offline,2,4398,208685.1,139812.42,68872.68,2010-01-22,2010-02-01,2010-02-01,601b7fd2b30e527693f5247f95bb20f7,2010-02-01,2010-02-01,
57,368851649,H,2010-01-22,2010-02-17,51,Online,7,255,52453.5,29863.05,22590.45,2010-01-22,2010-02-17,2010-02-17,bdea9bda31f9013d64985cc0b7321ae4,2010-02-17,2010-02-17,
58,786361730,L,2010-01-23,2010-02-03,52,Online,2,765,36299.25,24319.35,11979.9,2010-01-23,2010-02-03,2010-02-03,08aa61d9423da60751ffbec128d375bd,2010-02-03,2010-02-03,
59,480904042,C,2010-01-23,2010-02-05,34,Offline,5,9048,1380543.84,881637.12,498906.72,2010-01-23,2010-02-05,2010-02-05,25c122ae0561c78719bdf146b8e05802,2010-02-05,2010-02-05,
60,657346189,C,2010-01-24,2010-01-28,19,Offline,10,2200,961840,579326,382514,2010-01-24,2010-01-28,2010-01-28,93bce4132b09d30606e0cb492ba57178,2010-01-28,2010-01-28,
61,410138356,H,2010-01-24,2010-03-02,53,Offline,4,7909,864295.52,283458.56,580836.96,2010-01-24,2010-03-02,2010-03-02,dcae0ab4f7055a31168fd816f091feee,2010-03-02,2010-03-02,
62,987835538,H,2010-01-24,2010-03-10,35,Offline,1,1342,12520.86,9286.64,3234.22,2010-01-24,2010-03-10,2010-03-10,f49d250e7e32b2efba7a340d4e1794a1,2010-03-10,2010-03-10,
63,817061221,C,2010-01-26,2010-02-21,54,Offline,6,5427,836083.62,493477.11,342606.51,2010-01-26,2010-02-21,2010-02-21,68868fe96b70e70d753c779c30bfe8a5,2010-02-21,2010-02-21,
64,714533889,H,2010-01-29,2010-02-07,56,Online,11,5311,3458576.31,2788062.56,670513.75,2010-01-29,2010-02-07,2010-02-07,2ead1ea8e8d71882e6df66d35620294d,2010-02-07,2010-02-07,
65,562887370,H,2010-01-29,2010-02-08,55,Online,11,9736,6340180.56,5111010.56,1229170,2010-01-29,2010-02-08,2010-02-08,250a932e4efe692c910c30a0699745c0,2010-02-08,2010-02-08,
66,627159106,M,2010-01-29,2010-03-09,56,Online,9,9171,3869153.19,3344571.99,524581.2,2010-01-29,2010-03-09,2010-03-09,e906b47300a088a4b79fcc3ace3719ff,2010-03-09,2010-03-09,
67,596105563,M,2010-01-29,2010-03-20,57,Online,8,9738,2485916.64,1552431.96,933484.68,2010-01-29,2010-03-20,2010-03-20,69cf6dfbbbea10f32e899b855b74ec05,2010-03-20,2010-03-20,
68,213506257,L,2010-01-30,2010-01-31,59,Offline,1,101,942.33,698.92,243.41,2010-01-30,2010-01-31,2010-01-31,e81c8f9733b7edc14ec58495f940dd30,2010-01-31,2010-01-31,
69,797461354,H,2010-01-30,2010-02-05,58,Online,2,5391,255802.95,171379.89,84423.06,2010-01-30,2010-02-05,2010-02-05,0499a952cd9d8066269a882c40a7fe10,2010-02-05,2010-02-05,
70,200636374,C,2010-01-31,2010-03-03,60,Offline,3,1617,132157.41,91635.39,40522.02,2010-01-31,2010-03-03,2010-03-03,30e8d70b8e1109088a68fb293f9c1d2c,2010-03-03,2010-03-03,
71,774122273,H,2010-02-01,2010-02-15,61,Offline,11,8838,5755393.98,4639596.48,1115797.5,2010-02-01,2010-02-15,2010-02-15,8bf2eaa07dbba1581da93338f661266e,2010-02-15,2010-02-15,
72,325322616,M,2010-02-01,2010-03-12,62,Online,6,9046,1393626.76,822552.78,571073.98,2010-02-01,2010-03-12,2010-03-12,77936505f87bb3b458de28ef7b21aa25,2010-03-12,2010-03-12,
73,285492455,C,2010-02-02,2010-03-01,64,Offline,11,2417,1573974.57,1268828.32,305146.25,2010-02-02,2010-03-01,2010-03-01,e4648ac9ec541d61bec2e616470ac3f3,2010-03-01,2010-03-01,
74,131681287,M,2010-02-02,2010-03-02,63,Online,6,6274,966572.44,570494.82,396077.62,2010-02-02,2010-03-02,2010-03-02,8dfaf148166f17f9ce3fb10e3a9e04f4,2010-03-02,2010-03-02,
75,114954173,C,2010-02-03,2010-02-11,66,Offline,1,6349,59236.17,43935.08,15301.09,2010-02-03,2010-02-11,2010-02-11,a0ec7f2f464aab5a7e22a56aef7105ae,2010-02-11,2010-02-11,
76,792541968,L,2010-02-03,2010-03-08,65,Offline,7,9635,1981919.5,1128354.85,853564.65,2010-02-03,2010-03-08,2010-03-08,b923c8f694bd8af906c78ee5d5438557,2010-03-08,2010-03-08,
77,320757281,L,2010-02-03,2010-03-15,19,Offline,3,8062,658907.26,456873.54,202033.72,2010-02-03,2010-03-15,2010-03-15,93a7154fc68382bf122f6aa95e1a5efe,2010-03-15,2010-03-15,
78,875351417,H,2010-02-04,2010-02-08,67,Online,1,4791,44700.03,33153.72,11546.31,2010-02-04,2010-02-08,2010-02-08,37f83e526ef283b7a30b7840fb4d4d28,2010-02-08,2010-02-08,
79,124833285,C,2010-02-05,2010-02-10,25,Offline,1,9798,91415.34,67802.16,23613.18,2010-02-05,2010-02-10,2010-02-10,b6e5ce6f24991db12ca9302d7cfe88af,2010-02-10,2010-02-10,
80,557141864,M,2010-02-05,2010-02-16,69,Offline,8,9513,2428478.64,1516562.46,911916.18,2010-02-05,2010-02-16,2010-02-16,35a20e5fe883d080e80b0c3e67703282,2010-02-16,2010-02-16,
81,611298453,H,2010-02-05,2010-03-20,68,Online,6,5652,870747.12,513936.36,356810.76,2010-02-05,2010-03-20,2010-03-20,72663aa385cb658c352b58f5b7f0d3ee,2010-03-20,2010-03-20,
82,251448142,M,2010-02-06,2010-02-18,22,Online,1,7948,74154.84,55000.16,19154.68,2010-02-06,2010-02-18,2010-02-18,1f26d65f542840684f63c0274bfa735c,2010-02-18,2010-02-18,
83,448946702,M,2010-02-06,2010-02-28,72,Offline,12,2161,1444131.47,1085988.94,358142.53,2010-02-06,2010-02-28,2010-02-28,e108fb6b8d6c98a16c909ff243b4ac69,2010-02-28,2010-02-28,
84,885348546,C,2010-02-06,2010-03-04,71,Online,12,3164,2114406.28,1590036.56,524369.72,2010-02-06,2010-03-04,2010-03-04,b22f2b8faa408b21c9e6d8d711ad1cbf,2010-03-04,2010-03-04,
85,877162015,M,2010-02-06,2010-03-07,70,Offline,10,588,257073.6,154838.04,102235.56,2010-02-06,2010-03-07,2010-03-07,83f9d15f3f0e25fb9c8a3691fbbbf565,2010-03-07,2010-03-07,
86,396718728,L,2010-02-07,2010-03-18,32,Offline,3,6742,551023.66,382069.14,168954.52,2010-02-07,2010-03-18,2010-03-18,b0709230e8a05d508a28e811e1ff709f,2010-03-18,2010-03-18,
87,748028457,C,2010-02-07,2010-03-26,6,Online,7,7098,1460058.6,831246.78,628811.82,2010-02-07,2010-03-26,2010-03-26,2aee940b98c45b294d46fb4466d49c54,2010-03-26,2010-03-26,
88,838788402,M,2010-02-10,2010-02-26,11,Offline,8,4983,1272060.24,794389.86,477670.38,2010-02-10,2010-02-26,2010-02-26,611968ad021842607775685ce88c7aee,2010-02-26,2010-02-26,
89,909436070,L,2010-02-10,2010-02-27,73,Offline,4,1198,130917.44,42936.32,87981.12,2010-02-10,2010-02-27,2010-02-27,09e8c4e81d771c1f16799b1d61bf9ced,2010-02-27,2010-02-27,
90,913529336,C,2010-02-11,2010-02-27,76,Offline,8,2486,634626.08,396318.12,238307.96,2010-02-11,2010-02-27,2010-02-27,659b9110f064e3cb08f4f151d43be9ac,2010-02-27,2010-02-27,
91,516485583,M,2010-02-11,2010-03-06,75,Offline,9,8416,3550626.24,3069231.04,481395.2,2010-02-11,2010-03-06,2010-03-06,9bb6791a4446c834cc422163919fd5bd,2010-03-06,2010-03-06,
92,979965722,M,2010-02-11,2010-03-27,74,Offline,7,2489,511987.3,291486.79,220500.51,2010-02-11,2010-03-27,2010-03-27,5b254a3ad9b5c0c7bd7d953274ea9f81,2010-03-27,2010-03-27,
93,562101590,C,2010-02-12,2010-03-17,16,Online,10,7207,3150900.4,1897819.31,1253081.09,2010-02-12,2010-03-17,2010-03-17,b5aa5211c1dee1049a35477a879a042b,2010-03-17,2010-03-17,
94,894637572,C,2010-02-12,2010-04-01,77,Offline,5,1993,304091.94,194197.92,109894.02,2010-02-12,2010-04-01,2010-04-01,bcaac70c97358f68cdb57889733b641d,2010-04-01,2010-04-01,
95,721816623,H,2010-02-13,2010-02-17,78,Online,6,434,66862.04,39463.62,27398.42,2010-02-13,2010-02-17,2010-02-17,44804539d7a20e9707b2f01034800e1b,2010-02-17,2010-02-17,
96,865276610,C,2010-02-13,2010-02-19,68,Online,5,3432,523654.56,334414.08,189240.48,2010-02-13,2010-02-19,2010-02-19,a17da44e4a19f53ddcadde3f9ffc3978,2010-02-19,2010-02-19,
97,719769990,M,2010-02-13,2010-03-15,49,Online,12,4790,3201013.3,2407166.6,793846.7,2010-02-13,2010-03-15,2010-03-15,7a378265327ab3cd2d3746eeb71c5f6c,2010-03-15,2010-03-15,
98,345593249,L,2010-02-13,2010-03-15,3,Offline,10,7577,3312664.4,1995251.41,1317412.99,2010-02-13,2010-03-15,2010-03-15,7b828b40be1fd9bade2ad035102232cd,2010-03-15,2010-03-15,
99,744683635,L,2010-02-13,2010-04-01,79,Offline,6,7291,1123251.46,662970.63,460280.83,2010-02-13,2010-04-01,2010-04-01,d8c1408d94af9bff18812a1ba8312da4,2010-04-01,2010-04-01,
100,416004884,L,2010-02-14,2010-03-17,80,Offline,10,3945,1724754,1038836.85,685917.15,2010-02-14,2010-03-17,2010-03-17,89ae25ba8823bbec86d1143836666cb1,2010-03-17,2010-03-17,
101,382668673,L,2010-02-15,2010-03-04,82,Online,1,9019,84147.27,62411.48,21735.79,2010-02-15,2010-03-04,2010-03-04,045a1f6df931a861701748001f1ce9f4,2010-03-04,2010-03-04,
102,636134421,C,2010-02-15,2010-03-20,83,Online,2,5166,245126.7,164227.14,80899.56,2010-02-15,2010-03-20,2010-03-20,373ab0ca671b9d347a6ca4d8a7c129aa,2010-03-20,2010-03-20,
103,893929469,M,2010-02-15,2010-04-03,81,Online,12,2450,1637261.5,1231223,406038.5,2010-02-15,2010-04-03,2010-04-03,9d9c32e31a944186a760486c240980c6,2010-04-03,2010-04-03,
104,135224807,C,2010-02-15,2010-04-06,1,Online,7,4880,1003816,571496.8,432319.2,2010-02-15,2010-04-06,2010-04-06,d605b72dbbcb687a6d78069df7015bb8,2010-04-06,2010-04-06,
105,197449910,M,2010-02-16,2010-02-20,85,Online,3,8671,708680.83,491385.57,217295.26,2010-02-16,2010-02-20,2010-02-20,f0983114a7e409ad85dcf95d32903fa5,2010-02-20,2010-02-20,
106,837608230,M,2010-02-16,2010-03-03,72,Online,6,5744,884920.64,522301.92,362618.72,2010-02-16,2010-03-03,2010-03-03,a637e791656a2985c4221e1d65bf9ebb,2010-03-03,2010-03-03,
107,521681344,M,2010-02-16,2010-04-03,84,Online,11,5957,3879257.97,3127186.72,752071.25,2010-02-16,2010-04-03,2010-04-03,997d8c594db0cf891da3137c26f02f34,2010-04-03,2010-04-03,
108,775147092,L,2010-02-17,2010-02-28,2,Online,7,2105,432998.5,246516.55,186481.95,2010-02-17,2010-02-28,2010-02-28,ec42265263f6231a175beaf70e05d832,2010-02-28,2010-02-28,
109,159902417,C,2010-02-17,2010-03-05,87,Online,8,7533,1923024.24,1200910.86,722113.38,2010-02-17,2010-03-05,2010-03-05,660f37cdbd84412c7f49e904808dbcd6,2010-03-05,2010-03-05,
110,515187394,C,2010-02-17,2010-04-06,86,Online,11,4253,2769596.13,2232654.88,536941.25,2010-02-17,2010-04-06,2010-04-06,bb086a0eec8c1e2e8bff9cc7d0cd9f23,2010-04-06,2010-04-06,
111,519280660,C,2010-02-18,2010-04-06,19,Offline,12,5542,3703552.34,2785076.68,918475.66,2010-02-18,2010-04-06,2010-04-06,369883e8276aaa968b62731cffad3564,2010-04-06,2010-04-06,
112,398333632,C,2010-02-19,2010-03-02,88,Offline,7,4629,952185.3,542102.19,410083.11,2010-02-19,2010-03-02,2010-03-02,afc79b098d2d9e26304af5b7d9f95378,2010-03-02,2010-03-02,
113,440092408,M,2010-02-19,2010-03-14,89,Offline,1,1978,18454.74,13687.76,4766.98,2010-02-19,2010-03-14,2010-03-14,35817f01a821e2442b2084a7cba0fb34,2010-03-14,2010-03-14,
114,627003753,M,2010-02-19,2010-03-26,26,Offline,9,3199,1349626.11,1166643.31,182982.8,2010-02-19,2010-03-26,2010-03-26,256658c4be3fbaa81550fd12e866c7e8,2010-03-26,2010-03-26,
115,795141351,H,2010-02-20,2010-02-24,24,Offline,2,8850,419932.5,281341.5,138591,2010-02-20,2010-02-24,2010-02-24,0072675596e2e33434fa2936083f16c3,2010-02-24,2010-02-24,
116,930296790,C,2010-02-20,2010-03-26,90,Offline,9,4348,1834377.72,1585672.12,248705.6,2010-02-20,2010-03-26,2010-03-26,541c626853e93ff347ed54840d0275c2,2010-03-26,2010-03-26,
117,585362994,L,2010-02-20,2010-04-11,91,Offline,12,773,516572.71,388463.42,128109.29,2010-02-20,2010-04-11,2010-04-11,9dd643364b46221f85b0d03011885909,2010-04-11,2010-04-11,
118,686946189,H,2010-02-21,2010-03-08,63,Online,3,1498,122431.54,84891.66,37539.88,2010-02-21,2010-03-08,2010-03-08,c89ed57ab082a1eb4b3b6c4249ba7bdd,2010-03-08,2010-03-08,
119,406402146,C,2010-02-21,2010-03-27,92,Online,1,2281,21281.73,15784.52,5497.21,2010-02-21,2010-03-27,2010-03-27,1f053f505d3fd706db6a036c20546b7b,2010-03-27,2010-03-27,
120,239721095,L,2010-02-23,2010-03-09,52,Offline,3,7654,625561.42,433752.18,191809.24,2010-02-23,2010-03-09,2010-03-09,ee77f186ae96633f11767511ac3b1b9e,2010-03-09,2010-03-09,
121,266445338,H,2010-02-24,2010-02-28,38,Online,10,5951,2601777.2,1567076.83,1034700.37,2010-02-24,2010-02-28,2010-02-28,914b87a965b7f7262f26658f779f788e,2010-02-28,2010-02-28,
122,453474700,C,2010-02-24,2010-04-08,93,Online,4,2096,229050.88,75120.64,153930.24,2010-02-24,2010-04-08,2010-04-08,bbb0b5e7d6ee25e064418d5b73903491,2010-04-08,2010-04-08,
123,268373954,H,2010-02-25,2010-02-28,94,Online,11,6672,4344873.12,3502533.12,842340,2010-02-25,2010-02-28,2010-02-28,76ca29fc98a7b682bb93855bc42e2669,2010-02-28,2010-02-28,
124,916718804,M,2010-02-25,2010-03-09,17,Online,12,6321,4224134.67,3176555.34,1047579.33,2010-02-25,2010-03-09,2010-03-09,62e3be1b133221d9d34b12ffc11f9a69,2010-03-09,2010-03-09,
125,363699233,M,2010-02-26,2010-03-20,96,Online,7,5540,1139578,648789.4,490788.6,2010-02-26,2010-03-20,2010-03-20,2c208e7428685349bc485325cfcca11b,2010-03-20,2010-03-20,
126,689977300,C,2010-02-26,2010-04-05,95,Online,9,8471,3573830.19,3089288.99,484541.2,2010-02-26,2010-04-05,2010-04-05,d19238f0610a6c18c5346ca993b79f55,2010-04-05,2010-04-05,
127,438558185,M,2010-02-26,2010-04-14,2,Online,9,7967,3361197.63,2905485.23,455712.4,2010-02-26,2010-04-14,2010-04-14,186b6ddda482221e04d97a47b8aefd1b,2010-04-14,2010-04-14,
128,380072295,M,2010-02-27,2010-03-15,12,Online,10,693,302979.6,182487.69,120491.91,2010-02-27,2010-03-15,2010-03-15,5cd7180a8eca15c1fe254f8a1555d5a0,2010-03-15,2010-03-15,
129,585757386,L,2010-02-28,2010-03-23,96,Offline,7,7482,1539047.4,876217.02,662830.38,2010-02-28,2010-03-23,2010-03-23,930cace001e9da109d21d3dcdefbad79,2010-03-23,2010-03-23,
130,718512141,C,2010-03-01,2010-03-04,98,Offline,2,2564,121661.8,81509.56,40152.24,2010-03-01,2010-03-04,2010-03-04,7eeb9e5826fcc2041a6f88fdb99d78f5,2010-03-04,2010-03-04,
131,161399304,L,2010-03-01,2010-03-15,91,Online,10,496,216851.2,130611.68,86239.52,2010-03-01,2010-03-15,2010-03-15,26d5a8f1ba18a66241ba185330ae4b4a,2010-03-15,2010-03-15,
132,221695792,H,2010-03-01,2010-03-20,14,Online,11,3566,2322214.86,1872007.36,450207.5,2010-03-01,2010-03-20,2010-03-20,cf24a5c2180d49366b31acda276c777f,2010-03-20,2010-03-20,
133,211344611,L,2010-03-01,2010-03-23,54,Offline,5,422,64388.76,41119.68,23269.08,2010-03-01,2010-03-23,2010-03-23,991c21d5afaefbc9a591100a81f4f6b5,2010-03-23,2010-03-23,
134,641724574,C,2010-03-01,2010-03-30,97,Offline,6,9417,1450783.02,856287.81,594495.21,2010-03-01,2010-03-30,2010-03-30,504f5d1b044953dc3b67e5ffc6e2d7c5,2010-03-30,2010-03-30,
135,601894414,M,2010-03-02,2010-03-19,91,Offline,11,2787,1814922.27,1463063.52,351858.75,2010-03-02,2010-03-19,2010-03-19,dbcbaf172d117b999aa7522a735d684d,2010-03-19,2010-03-19,
136,520777547,C,2010-03-02,2010-04-15,54,Offline,4,8504,929317.12,304783.36,624533.76,2010-03-02,2010-04-15,2010-04-15,539522762ecd448332018507cf85f527,2010-04-15,2010-04-15,
137,443871963,H,2010-03-02,2010-04-16,99,Online,4,432,47208.96,15482.88,31726.08,2010-03-02,2010-04-16,2010-04-16,a9b32ad1b9f3d9e1ac14ff3b3607d633,2010-04-16,2010-04-16,
138,930219113,M,2010-03-03,2010-03-10,100,Online,11,1362,886948.02,714995.52,171952.5,2010-03-03,2010-03-10,2010-03-10,49a65ef4b0627eee742a1e2b50477f5c,2010-03-10,2010-03-10,
139,601422345,C,2010-03-04,2010-03-20,101,Online,2,3092,146715.4,98294.68,48420.72,2010-03-04,2010-03-20,2010-03-20,7ce8b70ba32c3d1ea93faf092ce37cc2,2010-03-20,2010-03-20,
140,967294538,L,2010-03-04,2010-04-18,59,Online,9,2804,1182979.56,1022590.76,160388.8,2010-03-04,2010-04-18,2010-04-18,fe4a8085961aec3c81c6118fb429dbf8,2010-04-18,2010-04-18,
141,603114926,L,2010-03-06,2010-03-22,102,Offline,11,3964,2581396.44,2080941.44,500455,2010-03-06,2010-03-22,2010-03-22,e7c38486428a155d93a1e23c3f2fa6dc,2010-03-22,2010-03-22,
142,407544982,L,2010-03-07,2010-03-12,60,Offline,1,472,4403.76,3266.24,1137.52,2010-03-07,2010-03-12,2010-03-12,ad56da43cf64d320cca8d894c6261b75,2010-03-12,2010-03-12,
143,960446536,H,2010-03-07,2010-03-28,103,Offline,11,6328,4120856.88,3321946.88,798910,2010-03-07,2010-03-28,2010-03-28,f95616672795957c1cbf277e1cb66844,2010-03-28,2010-03-28,
144,845875442,H,2010-03-08,2010-03-17,17,Online,9,2195,926048.55,800494.55,125554,2010-03-08,2010-03-17,2010-03-17,36aeda6e2e34da1b5e52adf751efe958,2010-03-17,2010-03-17,
145,681713092,H,2010-03-08,2010-03-22,18,Online,2,2908,137984.6,92445.32,45539.28,2010-03-08,2010-03-22,2010-03-22,640e26dcc0cac9edc7ba59f59b2bd073,2010-03-22,2010-03-22,
146,170098245,L,2010-03-10,2010-03-19,104,Offline,9,4705,1984992.45,1715866.45,269126,2010-03-10,2010-03-19,2010-03-19,02c434cb4e3bcfc5daf8c4357fca9afb,2010-03-19,2010-03-19,
147,315014779,H,2010-03-12,2010-03-23,106,Online,4,8728,953795.84,312811.52,640984.32,2010-03-12,2010-03-23,2010-03-23,b5e345694011316a04017cca6ed01cb4,2010-03-23,2010-03-23,
148,863823068,M,2010-03-12,2010-04-09,105,Online,12,3297,2203286.19,1656874.38,546411.81,2010-03-12,2010-04-09,2010-04-09,1d3b43f819af3490724ba8f572fbe383,2010-04-09,2010-04-09,
149,418644607,M,2010-03-14,2010-03-15,2,Online,6,5097,785243.82,463470.21,321773.61,2010-03-14,2010-03-15,2010-03-15,599578dce9ac8a23a679cbb7ca45394a,2010-03-15,2010-03-15,
150,938209950,C,2010-03-14,2010-03-16,88,Offline,3,6028,492668.44,341606.76,151061.68,2010-03-14,2010-03-16,2010-03-16,95bce9bda2564549530c84a15052deb4,2010-03-16,2010-03-16,
152,222720611,L,2010-03-16,2010-04-01,66,Offline,8,6833,1744328.24,1089316.86,655011.38,2010-03-16,2010-04-01,2010-04-01,24e4a9a9fe0965832571fd2c1c62789f,2010-04-01,2010-04-01,
153,574148356,M,2010-03-16,2010-05-04,60,Online,5,2112,322248.96,205793.28,116455.68,2010-03-16,2010-05-04,2010-05-04,463f298074caf0f02d0e19da006fefda,2010-05-04,2010-05-04,
154,239329707,L,2010-03-17,2010-03-27,107,Online,4,1834,200419.52,65730.56,134688.96,2010-03-17,2010-03-27,2010-03-27,5b90fe25aa4de72e399f3ee4e58338e8,2010-03-27,2010-03-27,
155,844105184,H,2010-03-17,2010-04-20,45,Offline,2,8337,395590.65,265033.23,130557.42,2010-03-17,2010-04-20,2010-04-20,83624236a15b30acc443af70ef59e6b7,2010-04-20,2010-04-20,
156,696197879,H,2010-03-19,2010-03-26,34,Online,7,9278,1908484.6,1086546.58,821938.02,2010-03-19,2010-03-26,2010-03-26,552e63e58da376298f17dc735f945f9b,2010-03-26,2010-03-26,
157,908140885,H,2010-03-19,2010-03-31,99,Online,6,7924,1220771.44,720529.32,500242.12,2010-03-19,2010-03-31,2010-03-31,c2e5195fd69557919953d8d573fc282e,2010-03-31,2010-03-31,
158,612798345,C,2010-03-20,2010-03-30,21,Online,7,9503,1954767.1,1112896.33,841870.77,2010-03-20,2010-03-30,2010-03-30,215b898b49a725d6aee1a6f5cef3e8e3,2010-03-30,2010-03-30,
159,384128224,M,2010-03-20,2010-04-26,108,Offline,12,933,623495.91,468869.82,154626.09,2010-03-20,2010-04-26,2010-04-26,4644ac39010dbe85225c5162bb2aea5a,2010-04-26,2010-04-26,
160,340204799,L,2010-03-21,2010-04-16,109,Online,9,3015,1271998.35,1099540.35,172458,2010-03-21,2010-04-16,2010-04-16,9547fe160c4cdf95ede654fdec87b323,2010-04-16,2010-04-16,
161,215282523,C,2010-03-22,2010-04-08,103,Offline,7,5738,1180306.6,671977.18,508329.42,2010-03-22,2010-04-08,2010-04-08,6bf22bb1b849daebf84459ad62e19d77,2010-04-08,2010-04-08,
162,373186957,L,2010-03-23,2010-04-07,110,Online,6,3169,488216.14,288157.17,200058.97,2010-03-23,2010-04-07,2010-04-07,f9c042cc1834c67ff02bfaf0846bf117,2010-04-07,2010-04-07,
163,576707398,L,2010-03-23,2010-04-14,56,Online,1,9390,87608.7,64978.8,22629.9,2010-03-23,2010-04-14,2010-04-14,63c139d5a47d97b3c63569315698b239,2010-04-14,2010-04-14,
164,911290013,M,2010-03-24,2010-04-03,111,Online,3,9821,802670.33,556556.07,246114.26,2010-03-24,2010-04-03,2010-04-03,7b8a1dbc43a759d6a91bc6c0f6e19ece,2010-04-03,2010-04-03,
165,632320535,H,2010-03-26,2010-03-28,72,Online,11,6553,4267379.13,3440062.88,827316.25,2010-03-26,2010-03-28,2010-03-28,856947abfd16a90c8d44d114d8bacf24,2010-03-28,2010-03-28,
166,382594001,M,2010-03-27,2010-04-07,70,Offline,5,6922,1056158.76,674479.68,381679.08,2010-03-27,2010-04-07,2010-04-07,f0d88d10c2a72076590b870642afb7aa,2010-04-07,2010-04-07,
167,948129403,M,2010-03-27,2010-05-14,112,Online,2,1415,67141.75,44982.85,22158.9,2010-03-27,2010-05-14,2010-05-14,ce92e88c281778c453f0e4aff6afbe66,2010-05-14,2010-05-14,
169,267432820,M,2010-03-31,2010-04-24,72,Online,7,8169,1680363.3,956671.59,723691.71,2010-03-31,2010-04-24,2010-04-24,ec12078a0ea186031fc0731b639312d4,2010-04-24,2010-04-24,
170,230121362,C,2010-03-31,2010-05-06,114,Online,1,6880,64190.4,47609.6,16580.8,2010-03-31,2010-05-06,2010-05-06,c9e788396d711c626ebac573bd58776a,2010-05-06,2010-05-06,
171,258774220,M,2010-04-02,2010-04-28,46,Offline,7,5897,1213012.9,690597.67,522415.23,2010-04-02,2010-04-28,2010-04-28,7ed3d273d04339b21bc974806787acd4,2010-04-28,2010-04-28,
172,580841004,H,2010-04-03,2010-04-22,61,Offline,2,2616,124129.2,83162.64,40966.56,2010-04-03,2010-04-22,2010-04-22,b694f70960aa584e630e08f5adf7d7b0,2010-04-22,2010-04-22,
173,798805892,H,2010-04-04,2010-04-25,17,Offline,12,3270,2185242.9,1643305.8,541937.1,2010-04-04,2010-04-25,2010-04-25,c108d20175d227fe7468ddd01e59c00c,2010-04-25,2010-04-25,
174,553290641,M,2010-04-05,2010-04-07,7,Online,4,9851,1076517.28,353059.84,723457.44,2010-04-05,2010-04-07,2010-04-07,ce52acd6184de385a12dabd67a2c108e,2010-04-07,2010-04-07,
175,638618791,L,2010-04-05,2010-05-25,115,Offline,8,347,88582.16,55318.74,33263.42,2010-04-05,2010-05-25,2010-05-25,65b69c73ee8ae557eaf11900fd14601a,2010-05-25,2010-05-25,
176,937700545,M,2010-04-06,2010-04-30,116,Online,6,5284,814053.04,480474.12,333578.92,2010-04-06,2010-04-30,2010-04-30,f9c08bf9c91760808b5f909336bf373f,2010-04-30,2010-04-30,
177,802427089,C,2010-04-07,2010-04-26,78,Offline,11,4862,3166183.02,2552355.52,613827.5,2010-04-07,2010-04-26,2010-04-26,d7f47084b091f331898ccf89c1beda60,2010-04-26,2010-04-26,
178,781488692,M,2010-04-07,2010-05-03,117,Online,12,8725,5830655.75,4384661.5,1445994.25,2010-04-07,2010-05-03,2010-05-03,1b7dedc14439d25efe84c22af52d48b5,2010-05-03,2010-05-03,
179,821082818,L,2010-04-07,2010-05-15,16,Online,5,5507,840258.06,536602.08,303655.98,2010-04-07,2010-05-15,2010-05-15,51120e0ab304acb35edf978ae27c58f0,2010-05-15,2010-05-15,
180,580014884,C,2010-04-07,2010-05-21,64,Online,1,8148,76020.84,56384.16,19636.68,2010-04-07,2010-05-21,2010-05-21,cbbc211fbdc0753d6bdb8fa3da068313,2010-05-21,2010-05-21,
181,924594628,M,2010-04-09,2010-04-12,114,Offline,8,6952,1774706.56,1108287.84,666418.72,2010-04-09,2010-04-12,2010-04-12,a41bae976ecbac575d8837bccdcc55d2,2010-04-12,2010-04-12,
182,483981502,H,2010-04-09,2010-05-04,45,Online,11,9736,6340180.56,5111010.56,1229170,2010-04-09,2010-05-04,2010-05-04,06dd4e513102f04774a0cb48929edefb,2010-05-04,2010-05-04,
183,269637811,C,2010-04-10,2010-05-01,119,Offline,11,675,439566.75,354348,85218.75,2010-04-10,2010-05-01,2010-05-01,5bbcb028a42fd92b481e9ce38841e7c6,2010-05-01,2010-05-01,
184,889093768,M,2010-04-10,2010-05-20,118,Offline,7,1458,299910.6,170746.38,129164.22,2010-04-10,2010-05-20,2010-05-20,e1163f151553af334bc0ce7b5032504c,2010-05-20,2010-05-20,
185,273495042,C,2010-04-11,2010-05-01,105,Online,2,2115,100356.75,67235.85,33120.9,2010-04-11,2010-05-01,2010-05-01,ead4410aaf3158ad2f192ea6dbbac4d6,2010-05-01,2010-05-01,
186,204775989,L,2010-04-12,2010-04-29,120,Online,11,6620,4311010.2,3475235.2,835775,2010-04-12,2010-04-29,2010-04-29,3d276d9896790d5f198b6ba3117c0ed6,2010-04-29,2010-04-29,
187,447536504,H,2010-04-14,2010-04-25,30,Offline,9,4852,2047010.28,1769475.88,277534.4,2010-04-14,2010-04-25,2010-04-25,83fcc6d1b03c29e38f2fa0e0845fb7a9,2010-04-25,2010-04-25,
188,597254407,M,2010-04-14,2010-04-25,87,Offline,1,9706,90556.98,67165.52,23391.46,2010-04-14,2010-04-25,2010-04-25,ac227256005145c78c3b65339ae4e6cb,2010-04-25,2010-04-25,
189,879845082,M,2010-04-14,2010-05-01,90,Offline,1,4567,42610.11,31603.64,11006.47,2010-04-14,2010-05-01,2010-05-01,ab402885d2676f22620d9ecde1edc231,2010-05-01,2010-05-01,
190,144125449,H,2010-04-14,2010-05-22,8,Online,7,8778,1805634.6,1027991.58,777643.02,2010-04-14,2010-05-22,2010-05-22,4b51b85639ae34e82a238c59d5bbfa71,2010-05-22,2010-05-22,
191,590760457,L,2010-04-15,2010-04-28,96,Offline,1,8002,74658.66,55373.84,19284.82,2010-04-15,2010-04-28,2010-04-28,10c620d4069db29a28646daec5c5aa80,2010-04-28,2010-04-28,
192,786094367,M,2010-04-15,2010-05-08,121,Online,12,1647,1100640.69,827683.38,272957.31,2010-04-15,2010-05-08,2010-05-08,4419fb55b416648363f43118a5a3023a,2010-05-08,2010-05-08,
193,762991321,L,2010-04-16,2010-05-17,8,Offline,2,4942,234497.9,157106.18,77391.72,2010-04-16,2010-05-17,2010-05-17,bab94dd3af6926c736bffb3c999c42ec,2010-05-17,2010-05-17,
194,754804790,H,2010-04-16,2010-05-20,122,Online,11,2366,1540762.86,1242055.36,298707.5,2010-04-16,2010-05-20,2010-05-20,a9ac30a588e432402ce032b419cdd401,2010-05-20,2010-05-20,
195,301439797,L,2010-04-17,2010-04-26,123,Online,9,1590,670805.1,579857.1,90948,2010-04-17,2010-04-26,2010-04-26,ada61972f48a5eb394d0c91e671ea8b9,2010-04-26,2010-04-26,
196,619531333,C,2010-04-17,2010-05-16,80,Offline,11,1944,1265952.24,1020522.24,245430,2010-04-17,2010-05-16,2010-05-16,446e479a4f4d1475d4609994824e6bd0,2010-05-16,2010-05-16,
197,334539973,M,2010-04-18,2010-05-11,23,Online,4,6667,728569.76,238945.28,489624.48,2010-04-18,2010-05-11,2010-05-11,06088f2773a3cb4eea6cbd79f6964c86,2010-05-11,2010-05-11,
198,957617127,L,2010-04-20,2010-05-31,31,Online,10,9043,3953599.6,2381293.19,1572306.41,2010-04-20,2010-05-31,2010-05-31,69e5318962e5f19a85fd3e2cd7464038,2010-05-31,2010-05-31,
199,917904984,L,2010-04-21,2010-04-24,26,Online,3,7338,599734.74,415844.46,183890.28,2010-04-21,2010-04-24,2010-04-24,565cebf10a39a37b7512df56a6e42cc7,2010-04-24,2010-04-24,
200,421206653,L,2010-04-21,2010-06-04,121,Online,11,3264,2125549.44,1713469.44,412080,2010-04-21,2010-06-04,2010-06-04,3331d639192b5f58d16241f51b189966,2010-06-04,2010-06-04,
201,566241204,L,2010-04-23,2010-05-13,92,Offline,8,2210,564168.8,352318.2,211850.6,2010-04-23,2010-05-13,2010-05-13,f7f2a7d3746e74ee37513dc58794ce93,2010-05-13,2010-05-13,
202,829704082,M,2010-04-25,2010-05-02,65,Offline,7,6730,1384361,788150.3,596210.7,2010-04-25,2010-05-02,2010-05-02,f3163fed1cf96b775237c377967b0a8e,2010-05-02,2010-05-02,
203,817424285,C,2010-04-25,2010-05-06,12,Online,6,2866,441535.96,260605.38,180930.58,2010-04-25,2010-05-06,2010-05-06,e17c1ae8832f379c045f2041f0ff66fd,2010-05-06,2010-05-06,
204,281013810,C,2010-04-25,2010-05-10,83,Offline,3,7086,579138.78,401563.62,177575.16,2010-04-25,2010-05-10,2010-05-10,2a44387fe3210a86ae4046daf0a772f0,2010-05-10,2010-05-10,
205,559511220,L,2010-04-25,2010-05-17,124,Online,1,658,6139.14,4553.36,1585.78,2010-04-25,2010-05-17,2010-05-17,cce462c9bca4f4dd75792650f43e12f1,2010-05-17,2010-05-17,
206,690101325,L,2010-04-27,2010-04-30,123,Online,10,5173,2261635.6,1362206.09,899429.51,2010-04-27,2010-04-30,2010-04-30,056eb14e17fe1806bf36efbd7466e7f4,2010-04-30,2010-04-30,
207,523892343,C,2010-04-27,2010-05-31,85,Offline,8,241,61522.48,38420.22,23102.26,2010-04-27,2010-05-31,2010-05-31,035673e6c8bd7f224a35c04bd41c3be4,2010-05-31,2010-05-31,
208,692029941,L,2010-04-28,2010-04-30,38,Offline,11,5893,3837580.53,3093589.28,743991.25,2010-04-28,2010-04-30,2010-04-30,de26794deefda466280f3627e7ffb08d,2010-04-30,2010-04-30,
209,374056422,H,2010-04-28,2010-05-06,125,Offline,5,463,70644.54,45114.72,25529.82,2010-04-28,2010-05-06,2010-05-06,d3518faa8cc8aa30327e7e5895d44c41,2010-05-06,2010-05-06,
210,307265985,C,2010-04-29,2010-05-04,74,Online,12,5688,3801119.76,2858447.52,942672.24,2010-04-29,2010-05-04,2010-05-04,5ce337de5fd0131d82db888f5351962d,2010-05-04,2010-05-04,
211,589856660,C,2010-04-29,2010-05-10,73,Online,3,548,44788.04,31055.16,13732.88,2010-04-29,2010-05-10,2010-05-10,e4de77398f28a92c930ed3620e18be75,2010-05-10,2010-05-10,
212,666880261,M,2010-04-29,2010-06-04,97,Online,8,3544,904712.32,564984.48,339727.84,2010-04-29,2010-06-04,2010-06-04,6954a335ad52b3db83fd43009e3da8ef,2010-06-04,2010-06-04,
213,793731153,C,2010-04-29,2010-06-12,14,Offline,12,1541,1029804.07,774414.14,255389.93,2010-04-29,2010-06-12,2010-06-12,3d9ebdc73cb4030761e5d6127a94dc25,2010-06-12,2010-06-12,
214,914088094,C,2010-04-30,2010-05-03,38,Online,11,7835,5102230.35,4113061.6,989168.75,2010-04-30,2010-05-03,2010-05-03,b9d51972fac20eba53b1b69093e72940,2010-05-03,2010-05-03,
215,751854360,C,2010-04-30,2010-05-07,72,Offline,10,9268,4051969.6,2440542.44,1611427.16,2010-04-30,2010-05-07,2010-05-07,7160398d9ef6cf2905f7f4c37923c8d2,2010-05-07,2010-05-07,
216,999298226,L,2010-04-30,2010-05-25,126,Online,6,3407,524882.42,309798.51,215083.91,2010-04-30,2010-05-25,2010-05-25,6d3d8a02079e69522bd0a3e763a16927,2010-05-25,2010-05-25,
217,292349469,L,2010-05-01,2010-05-11,92,Online,11,1559,1015236.39,818412.64,196823.75,2010-05-01,2010-05-11,2010-05-11,a424c1dc6cefcc6d70cac4f631baa42f,2010-05-11,2010-05-11,
218,489848029,M,2010-05-01,2010-05-20,127,Offline,5,5772,880691.76,562423.68,318268.08,2010-05-01,2010-05-20,2010-05-20,6cca9abae32ba92d533972bfee1d3b0b,2010-05-20,2010-05-20,
219,242168128,M,2010-05-02,2010-05-03,84,Online,2,1785,84698.25,56745.15,27953.1,2010-05-02,2010-05-03,2010-05-03,4df0f5f6718cb9f515edaf8eae3cec78,2010-05-03,2010-05-03,
220,152746713,C,2010-05-02,2010-05-08,32,Offline,11,2,1302.42,1049.92,252.5,2010-05-02,2010-05-08,2010-05-08,25c58d1c880bb5f4c511e1884cf49c1a,2010-05-08,2010-05-08,
221,795069682,C,2010-05-02,2010-05-19,74,Online,7,7642,1571959.4,894954.62,677004.78,2010-05-02,2010-05-19,2010-05-19,a9cf6b570dc8875de4f4c0918ac600c6,2010-05-19,2010-05-19,
222,624649417,M,2010-05-02,2010-05-26,1,Offline,6,6498,1001081.88,590863.14,410218.74,2010-05-02,2010-05-26,2010-05-26,ddf2a5c4ab73601e7720799e56855b34,2010-05-26,2010-05-26,
223,443877971,H,2010-05-02,2010-06-06,49,Offline,8,2210,564168.8,352318.2,211850.6,2010-05-02,2010-06-06,2010-06-06,658200adb3df3351dbd828dcefe744bc,2010-06-06,2010-06-06,
224,291995418,L,2010-05-02,2010-06-06,33,Online,1,6788,63332.04,46972.96,16359.08,2010-05-02,2010-06-06,2010-06-06,c90abf096332290b59480ea50e0224ac,2010-06-06,2010-06-06,
225,348080623,M,2010-05-03,2010-05-19,34,Online,5,3646,556306.68,355266.24,201040.44,2010-05-03,2010-05-19,2010-05-19,a0ac3430ea4392c5f636839b9f307e40,2010-05-19,2010-05-19,
226,505867040,L,2010-05-04,2010-06-12,54,Offline,4,6153,672399.84,220523.52,451876.32,2010-05-04,2010-06-12,2010-06-12,68b53c7af0f3c9108feb8ccbfe11e1af,2010-06-12,2010-06-12,
227,260469806,M,2010-05-04,2010-06-19,120,Online,1,7659,71458.47,53000.28,18458.19,2010-05-04,2010-06-19,2010-06-19,46b1a9be8fdf3213d826839039dc2d88,2010-06-19,2010-06-19,
228,931563651,L,2010-05-05,2010-05-26,128,Offline,7,9241,1900873.7,1082213.51,818660.19,2010-05-05,2010-05-26,2010-05-26,76d87e2459ddc633b2b0da8dc33b8b8c,2010-05-26,2010-05-26,
229,578089272,C,2010-05-06,2010-05-20,73,Online,12,8317,5558001.59,4179625.18,1378376.41,2010-05-06,2010-05-20,2010-05-20,bfa4a1d4f80dfa6df2ee1e868fd7c87d,2010-05-20,2010-05-20,
230,646572291,H,2010-05-07,2010-05-23,129,Online,11,3964,2581396.44,2080941.44,500455,2010-05-07,2010-05-23,2010-05-23,58beac25cddb1dc172470c6ab40aad7c,2010-05-23,2010-05-23,
231,515510118,L,2010-05-07,2010-06-11,129,Offline,7,9754,2006397.8,1142290.94,864106.86,2010-05-07,2010-06-11,2010-06-11,73d9979268b45f5144e26087a8c86a7d,2010-06-11,2010-06-11,
232,392752492,H,2010-05-08,2010-06-03,101,Offline,3,3045,248867.85,172560.15,76307.7,2010-05-08,2010-06-03,2010-06-03,202d3ba7e431c037e4977e47dbf97337,2010-06-03,2010-06-03,
233,535740411,M,2010-05-10,2010-06-07,94,Offline,3,6348,518822.04,359741.16,159080.88,2010-05-10,2010-06-07,2010-06-07,4dc90cb895997024b4f191c1abd8a075,2010-06-07,2010-06-07,
234,970213639,C,2010-05-10,2010-06-12,130,Offline,6,6631,1021571.86,602956.83,418615.03,2010-05-10,2010-06-12,2010-06-12,e465f43e72408d06e08216851de13882,2010-06-12,2010-06-12,
235,905469834,M,2010-05-11,2010-05-15,86,Offline,4,7500,819600,268800,550800,2010-05-11,2010-05-15,2010-05-15,7d27dcdf393dbcfa2fc2141d18f6cb6a,2010-05-15,2010-05-15,
236,890789353,H,2010-05-12,2010-05-21,70,Online,1,3220,30042.6,22282.4,7760.2,2010-05-12,2010-05-21,2010-05-21,a3ab016b666ccae96df7d4f8f774b33e,2010-05-21,2010-05-21,
237,803414571,H,2010-05-12,2010-06-19,131,Offline,6,7080,1090744.8,643784.4,446960.4,2010-05-12,2010-06-19,2010-06-19,be438b4540bffd1fc96716a75367da4b,2010-06-19,2010-06-19,
238,892599952,L,2010-05-13,2010-06-15,105,Offline,7,9016,1854591.2,1055863.76,798727.44,2010-05-13,2010-06-15,2010-06-15,dfd2976442449d8f013e126ea7ee08bc,2010-06-15,2010-06-15,
239,123544108,M,2010-05-13,2010-06-22,94,Online,7,8302,1707721.4,972247.22,735474.18,2010-05-13,2010-06-22,2010-06-22,db8f7c1fc885a0d650baea3fbc37147b,2010-06-22,2010-06-22,
240,115121543,L,2010-05-13,2010-06-25,132,Online,5,5878,896865.24,572752.32,324112.92,2010-05-13,2010-06-25,2010-06-25,0a5b4d1cac4d299997653f59436e0996,2010-06-25,2010-06-25,
241,131612622,H,2010-05-14,2010-05-25,16,Offline,1,5954,55550.82,41201.68,14349.14,2010-05-14,2010-05-25,2010-05-25,a9bb24b28d8dd0ba4b3825d7ded8d89d,2010-05-25,2010-05-25,
242,702815854,L,2010-05-16,2010-06-06,134,Online,12,7684,5134986.68,3861517.36,1273469.32,2010-05-16,2010-06-06,2010-06-06,c952f9b53a83a6ec810be9ccbcbf2135,2010-06-06,2010-06-06,
243,590527427,M,2010-05-16,2010-06-19,133,Offline,10,9043,3953599.6,2381293.19,1572306.41,2010-05-16,2010-06-19,2010-06-19,c423651f69a0df6d4e7a2ced49417ff0,2010-06-19,2010-06-19,
244,527948272,H,2010-05-17,2010-05-21,136,Offline,3,481,39312.13,27258.27,12053.86,2010-05-17,2010-05-21,2010-05-21,c776d9bfbede11093a6ebca441002f89,2010-05-21,2010-05-21,
245,151724898,L,2010-05-17,2010-06-16,119,Online,11,7624,4964825.04,4002295.04,962530,2010-05-17,2010-06-16,2010-06-16,dd10d72f2ae0e5a603c1a741bdd4522d,2010-06-16,2010-06-16,
246,804399049,M,2010-05-17,2010-06-23,135,Online,12,8409,5619482.43,4225858.86,1393623.57,2010-05-17,2010-06-23,2010-06-23,02182528fb7f6914feecf268379f7509,2010-06-23,2010-06-23,
247,908264911,L,2010-05-18,2010-06-14,77,Online,2,4626,219503.7,147060.54,72443.16,2010-05-18,2010-06-14,2010-06-14,9171174fd78a0cd4d5edd47aa465174f,2010-06-14,2010-06-14,
248,966396749,H,2010-05-18,2010-06-20,70,Offline,10,7128,3116361.6,1877016.24,1239345.36,2010-05-18,2010-06-20,2010-06-20,9b104ee4f9dc8cdce20f88a307feda07,2010-06-20,2010-06-20,
249,679358756,C,2010-05-19,2010-05-22,19,Online,5,6208,947216.64,604907.52,342309.12,2010-05-19,2010-05-22,2010-05-22,e788b7b4272564c19d2da8a3fdc27b86,2010-05-22,2010-05-22,
250,791411149,C,2010-05-20,2010-06-30,38,Online,12,5001,3342018.27,2513202.54,828815.73,2010-05-20,2010-06-30,2010-06-30,26efaef92870ddc74faa389261601df3,2010-06-30,2010-06-30,
251,157274711,M,2010-05-21,2010-06-17,68,Offline,11,9937,6471073.77,5216527.52,1254546.25,2010-05-21,2010-06-17,2010-06-17,9700af1ff6f2c96528630607c17b4b81,2010-06-17,2010-06-17,
252,965688645,M,2010-05-21,2010-06-23,103,Offline,2,7585,359908.25,241127.15,118781.1,2010-05-21,2010-06-23,2010-06-23,1aec5890027d35f5a2ad90c292106650,2010-06-23,2010-06-23,
253,918026006,M,2010-05-21,2010-07-09,122,Online,3,3151,257531.23,178567.17,78964.06,2010-05-21,2010-07-09,2010-07-09,82738d6a38fc7b722952b3073ceb6505,2010-07-09,2010-07-09,
254,194350135,L,2010-05-22,2010-06-05,132,Online,9,1379,581786.31,502907.51,78878.8,2010-05-22,2010-06-05,2010-06-05,7fd52d8f4e817dccb210f22932f7663c,2010-06-05,2010-06-05,
255,583089339,C,2010-05-22,2010-06-26,24,Online,10,7948,3474865.6,2092946.84,1381918.76,2010-05-22,2010-06-26,2010-06-26,f83ec82b7bd026334d6374048eddd4f9,2010-06-26,2010-06-26,
256,335763490,L,2010-05-22,2010-07-04,131,Online,11,8733,5687016.93,4584475.68,1102541.25,2010-05-22,2010-07-04,2010-07-04,78491a44c019e8c93472332033357eb6,2010-07-04,2010-07-04,
257,857139432,L,2010-05-24,2010-06-11,41,Online,9,5460,2303519.4,1991207.4,312312,2010-05-24,2010-06-11,2010-06-11,bb1822dafe2c4c87569b535b639c2840,2010-06-11,2010-06-11,
258,469974792,M,2010-05-26,2010-06-17,37,Offline,8,4840,1235555.2,771592.8,463962.4,2010-05-26,2010-06-17,2010-06-17,cbdf5ca3519ce95294e66264b7959b39,2010-06-17,2010-06-17,
259,815026605,M,2010-05-26,2010-06-27,1,Offline,1,3339,31152.87,23105.88,8046.99,2010-05-26,2010-06-27,2010-06-27,bbb75b162653d657a4bf92d10cfd2fe4,2010-06-27,2010-06-27,
260,293178594,C,2010-05-27,2010-06-01,137,Online,3,6916,565244.68,391929.72,173314.96,2010-05-27,2010-06-01,2010-06-01,9316b3a359f22b501818541183564d44,2010-06-01,2010-06-01,
261,197499263,C,2010-05-27,2010-06-08,71,Offline,5,3276,499852.08,319213.44,180638.64,2010-05-27,2010-06-08,2010-06-08,ccc10d9ab03a02d6930afd798f1ded6e,2010-06-08,2010-06-08,
262,910233867,C,2010-05-28,2010-06-22,103,Offline,9,7283,3072624.87,2656037.27,416587.6,2010-05-28,2010-06-22,2010-06-22,9bc77d4034888309fe7dbcd80e513755,2010-06-22,2010-06-22,
263,579744517,L,2010-05-28,2010-07-02,50,Online,9,8141,3434606.49,2968941.29,465665.2,2010-05-28,2010-07-02,2010-07-02,4e166a8c1d1a80b2b7f5499250b10f93,2010-07-02,2010-07-02,
264,354931628,H,2010-05-30,2010-06-08,138,Offline,3,1011,82629.03,57293.37,25335.66,2010-05-30,2010-06-08,2010-06-08,ed071b760fe7e64b14aa0c2dec0133a7,2010-06-08,2010-06-08,
265,223869454,L,2010-05-30,2010-06-27,138,Online,1,6801,63453.33,47062.92,16390.41,2010-05-30,2010-06-27,2010-06-27,a0716d7670bc612a44cf8bed29b73e50,2010-06-27,2010-06-27,
266,947073256,C,2010-05-31,2010-06-12,75,Online,5,8878,1354605.24,865072.32,489532.92,2010-05-31,2010-06-12,2010-06-12,768c68a4e206ff6925e410e61ed99f8b,2010-06-12,2010-06-12,
267,768230426,C,2010-05-31,2010-06-22,54,Online,5,5310,810199.8,517406.4,292793.4,2010-05-31,2010-06-22,2010-06-22,3fcfd4615e93dc51f5a635b2c35ee904,2010-06-22,2010-06-22,
268,182228696,L,2010-05-31,2010-07-12,139,Online,11,4375,2849043.75,2296700,552343.75,2010-05-31,2010-07-12,2010-07-12,45309085222832ac20ed5f464c6889c3,2010-07-12,2010-07-12,
270,360481441,C,2010-06-02,2010-06-09,71,Offline,12,3324,2221329.48,1670442.96,550886.52,2010-06-02,2010-06-09,2010-06-09,45ac4274efa23f6748e77809710251b8,2010-06-09,2010-06-09,
271,850567805,L,2010-06-04,2010-07-18,102,Offline,9,770,324855.3,280811.3,44044,2010-06-04,2010-07-18,2010-07-18,367a80fad8265b662a8056853f9f0180,2010-07-18,2010-07-18,
272,245556294,C,2010-06-05,2010-06-25,34,Online,3,4419,361164.87,250424.73,110740.14,2010-06-05,2010-06-25,2010-06-25,ad0c2fd90a526c51775d6abe2e2aa0d5,2010-06-25,2010-06-25,
273,228947198,C,2010-06-05,2010-07-01,7,Offline,5,9418,1436998.44,917689.92,519308.52,2010-06-05,2010-07-01,2010-07-01,f15e3268b559fb3ddacab3511e82c19c,2010-07-01,2010-07-01,
274,919050824,L,2010-06-05,2010-07-21,61,Offline,1,6417,59870.61,44405.64,15464.97,2010-06-05,2010-07-21,2010-07-21,5344deae1c61ec5a036d7d32570e6d84,2010-07-21,2010-07-21,
275,243391644,C,2010-06-06,2010-06-27,45,Online,3,3851,314742.23,218236.17,96506.06,2010-06-06,2010-06-27,2010-06-27,3b43a2025a3ce47b3c0c66a8ee43eeeb,2010-06-27,2010-06-27,
276,305616748,M,2010-06-06,2010-07-01,140,Offline,7,7642,1571959.4,894954.62,677004.78,2010-06-06,2010-07-01,2010-07-01,3bb0b5cb864072b6b1a3d65d882dfd43,2010-07-01,2010-07-01,
277,467732465,C,2010-06-06,2010-07-22,141,Online,8,1285,328034.8,204854.7,123180.1,2010-06-06,2010-07-22,2010-07-22,43f70a085f33acbada21f53f43d14e1d,2010-07-22,2010-07-22,
278,534286868,C,2010-06-06,2010-07-25,131,Online,9,6212,2620780.68,2265454.28,355326.4,2010-06-06,2010-07-25,2010-07-25,a849291aa80d4f851129bb80a85267bc,2010-07-25,2010-07-25,
279,692073285,C,2010-06-07,2010-06-28,142,Offline,6,8719,1343249.14,792818.67,550430.47,2010-06-07,2010-06-28,2010-06-28,92119de0b1cc0b4aa129b906ba38216a,2010-06-28,2010-06-28,
280,317660510,C,2010-06-08,2010-06-29,143,Offline,10,1659,725314.8,436864.47,288450.33,2010-06-08,2010-06-29,2010-06-29,2f258bd763cec9ef2b64c9d6c53dcc85,2010-06-29,2010-06-29,
281,650078475,H,2010-06-09,2010-06-18,144,Online,11,1522,991141.62,798989.12,192152.5,2010-06-09,2010-06-18,2010-06-18,f34ff812a66e2629110e1b98a584c808,2010-06-18,2010-06-18,
282,381578195,H,2010-06-11,2010-07-05,27,Online,10,6322,2763978.4,1664772.26,1099206.14,2010-06-11,2010-07-05,2010-07-05,8442faf9837cec414ab87360209ab3b6,2010-07-05,2010-07-05,
283,986117637,M,2010-06-12,2010-07-30,98,Online,9,2977,1255966.53,1085682.13,170284.4,2010-06-12,2010-07-30,2010-07-30,5ec45282bf90c0f62e8c6ff707556efc,2010-07-30,2010-07-30,
284,803063523,M,2010-06-13,2010-07-16,40,Online,5,3197,487798.26,311515.68,176282.58,2010-06-13,2010-07-16,2010-07-16,3f95774d2d197de18e179ead78b6c1f7,2010-07-16,2010-07-16,
285,907047402,M,2010-06-13,2010-08-01,127,Online,9,4338,1830158.82,1582025.22,248133.6,2010-06-13,2010-08-01,2010-08-01,e9795422caa347f3df1952fbefdce680,2010-08-01,2010-08-01,
286,578368651,M,2010-06-14,2010-07-17,17,Online,6,991,152673.46,90111.63,62561.83,2010-06-14,2010-07-17,2010-07-17,3f8a69bf0753452e5e0366637252f796,2010-07-17,2010-07-17,
287,921255815,H,2010-06-14,2010-07-28,124,Offline,3,8923,729276.79,505666.41,223610.38,2010-06-14,2010-07-28,2010-07-28,15cdb6c6e93f7ccc2aa552f57617829d,2010-07-28,2010-07-28,
288,229105556,L,2010-06-14,2010-08-03,127,Offline,9,6280,2649469.2,2290253.2,359216,2010-06-14,2010-08-03,2010-08-03,f9e9ff792dd82c0f7dad34ca37fcf73b,2010-08-03,2010-08-03,
289,247761285,M,2010-06-15,2010-07-03,65,Online,2,6925,328591.25,220145.75,108445.5,2010-06-15,2010-07-03,2010-07-03,a0c3f139520bb61e7c04243e3aa2c8e5,2010-07-03,2010-07-03,
290,998043382,H,2010-06-15,2010-07-03,66,Online,10,2070,905004,545093.1,359910.9,2010-06-15,2010-07-03,2010-07-03,84d5b59c2a3d27d3215c1475f1f82157,2010-07-03,2010-07-03,
291,203955876,M,2010-06-15,2010-07-18,145,Online,7,3931,808606.7,460359.41,348247.29,2010-06-15,2010-07-18,2010-07-18,4d8c7952266fc61081550fbdd28b89b8,2010-07-18,2010-07-18,
292,332617366,M,2010-06-16,2010-06-30,10,Online,4,7725,844188,276864,567324,2010-06-16,2010-06-30,2010-06-30,af5eaad85b99202ad20e0ba75582afe4,2010-06-30,2010-06-30,
293,465726172,M,2010-06-16,2010-07-06,146,Offline,12,7579,5064818.33,3808750.66,1256067.67,2010-06-16,2010-07-06,2010-07-06,8b0c6f63ac0ecc3d9eb81c318561ede3,2010-07-06,2010-07-06,
294,806684720,H,2010-06-16,2010-07-18,40,Online,12,4790,3201013.3,2407166.6,793846.7,2010-06-16,2010-07-18,2010-07-18,74fc4d77151bdb966e6dd85c4826b013,2010-07-18,2010-07-18,
295,151373851,L,2010-06-18,2010-07-12,100,Online,2,3741,177510.45,118926.39,58584.06,2010-06-18,2010-07-12,2010-07-12,3cf11a5f3c3cf8de63649917d74b726a,2010-07-12,2010-07-12,
296,899727332,L,2010-06-18,2010-07-13,120,Online,2,8166,387476.7,259597.14,127879.56,2010-06-18,2010-07-13,2010-07-13,18ec357d4b85ab2c8dca6a5db26ec692,2010-07-13,2010-07-13,
297,799954736,M,2010-06-18,2010-07-21,3,Online,2,3238,153643.1,102936.02,50707.08,2010-06-18,2010-07-21,2010-07-21,e59af8645c222b25d260bbe473456b90,2010-07-21,2010-07-21,
298,643860900,C,2010-06-19,2010-06-29,136,Online,9,1603,676289.67,584598.07,91691.6,2010-06-19,2010-06-29,2010-06-29,46f8d1a0a011e05ddf4b3ae274f46d52,2010-06-29,2010-06-29,
299,402792966,H,2010-06-19,2010-07-04,142,Offline,8,4244,1083408.32,676578.48,406829.84,2010-06-19,2010-07-04,2010-07-04,6ad482a1f7b9f1cdbd1bee6e801ea3ca,2010-07-04,2010-07-04,
300,885046851,M,2010-06-19,2010-07-19,84,Offline,11,3886,2530602.06,2039994.56,490607.5,2010-06-19,2010-07-19,2010-07-19,563c2dd26a483e2919e86656661961c3,2010-07-19,2010-07-19,
301,895043981,H,2010-06-20,2010-06-21,78,Offline,5,2259,344678.22,220116.96,124561.26,2010-06-20,2010-06-21,2010-06-21,e2b77410e63b93eb8a809eb216ed525d,2010-06-21,2010-06-21,
302,340213811,C,2010-06-20,2010-07-26,147,Online,11,5682,3700175.22,2982822.72,717352.5,2010-06-20,2010-07-26,2010-07-26,07fd0a29cde9ad5e1c68208f6dd4e85e,2010-07-26,2010-07-26,
303,616546571,M,2010-06-20,2010-08-03,40,Offline,7,8686,1786710.2,1017217.46,769492.74,2010-06-20,2010-08-03,2010-08-03,852b18b3bd280f526a8692a65501fff2,2010-08-03,2010-08-03,
304,890478646,L,2010-06-22,2010-06-24,121,Offline,7,1275,262267.5,149315.25,112952.25,2010-06-22,2010-06-24,2010-06-24,27e52b6379a95aa8a3b2449a30a1287b,2010-06-24,2010-06-24,
305,181719291,H,2010-06-22,2010-07-05,148,Online,1,3631,33877.23,25126.52,8750.71,2010-06-22,2010-07-05,2010-07-05,05fc80ce1955c824585d66003676efc1,2010-07-05,2010-07-05,
306,940305936,C,2010-06-23,2010-07-29,49,Online,11,6277,4087645.17,3295173.92,792471.25,2010-06-23,2010-07-29,2010-07-29,33c5c91f5043741162fda07838f35f19,2010-07-29,2010-07-29,
307,688650786,H,2010-06-23,2010-08-07,37,Offline,12,5926,3960168.02,2978052.04,982115.98,2010-06-23,2010-08-07,2010-08-07,ab0791518815969657b1e023d8cf09f1,2010-08-07,2010-08-07,
308,272361218,C,2010-06-26,2010-07-03,28,Offline,5,6592,1005807.36,642324.48,363482.88,2010-06-26,2010-07-03,2010-07-03,9281e2322e358ecc18358479f4590202,2010-07-03,2010-07-03,
309,172588622,L,2010-06-26,2010-07-12,115,Offline,4,1663,181732.64,59601.92,122130.72,2010-06-26,2010-07-12,2010-07-12,62fb100748c67015f60434624ca3cbbc,2010-07-12,2010-07-12,
310,979073941,C,2010-06-26,2010-07-18,58,Online,8,8591,2193110.48,1369577.22,823533.26,2010-06-26,2010-07-18,2010-07-18,d26d9cde046b15fe15fa512e5c3df89c,2010-07-18,2010-07-18,
311,748357188,C,2010-06-26,2010-07-20,23,Offline,8,4377,1117360.56,697781.34,419579.22,2010-06-26,2010-07-20,2010-07-20,fa30fbe7c24ebca54db29817a38a8b90,2010-07-20,2010-07-20,
312,444828116,H,2010-06-26,2010-07-21,22,Offline,1,3380,31535.4,23389.6,8145.8,2010-06-26,2010-07-21,2010-07-21,ce479d40c9b6f51480e0662a71873a7d,2010-07-21,2010-07-21,
313,145628345,C,2010-06-26,2010-07-21,149,Online,9,3518,1484209.02,1282979.42,201229.6,2010-06-26,2010-07-21,2010-07-21,9634b3b42efae77f1d920d79ec3cb0ba,2010-07-21,2010-07-21,
314,189315736,M,2010-06-26,2010-08-01,149,Online,2,1588,75350.6,50482.52,24868.08,2010-06-26,2010-08-01,2010-08-01,81d9f2554adcce9b69bca468b838c2a8,2010-08-01,2010-08-01,
316,324235141,C,2010-06-27,2010-07-12,131,Online,5,7238,1104374.04,705270.72,399103.32,2010-06-27,2010-07-12,2010-07-12,0db87106b7a55542c0681190e448382d,2010-07-12,2010-07-12,
317,494537389,C,2010-06-27,2010-07-31,44,Online,1,3458,32263.14,23929.36,8333.78,2010-06-27,2010-07-31,2010-07-31,6a0d6a6b4e34a93d53dd90bcc2312ad1,2010-07-31,2010-07-31,
318,400904691,M,2010-06-28,2010-07-12,139,Offline,7,5462,1123533.4,639654.82,483878.58,2010-06-28,2010-07-12,2010-07-12,fe17fcbae210b3a3906c74dc6b1f927f,2010-07-12,2010-07-12,
319,323881089,H,2010-06-28,2010-08-08,112,Offline,12,2467,1648622.09,1239766.18,408855.91,2010-06-28,2010-08-08,2010-08-08,104f2809ff581e21357d37a75f159123,2010-08-08,2010-08-08,
320,151532208,L,2010-06-28,2010-08-15,48,Offline,12,603,402966.81,303031.62,99935.19,2010-06-28,2010-08-15,2010-08-15,e4bd963a6bf951745b7f3b5b7f69c48c,2010-08-15,2010-08-15,
321,984741771,M,2010-06-29,2010-08-13,119,Online,11,5828,3795251.88,3059466.88,735785,2010-06-29,2010-08-13,2010-08-13,7c0597c1811290903c5f67486de05dcd,2010-08-13,2010-08-13,
322,888826406,H,2010-06-30,2010-07-01,150,Offline,2,2340,111033,74388.6,36644.4,2010-06-30,2010-07-01,2010-07-01,2f502c429f8b35772ff223527aaffc26,2010-07-01,2010-07-01,
323,768351447,M,2010-06-30,2010-07-17,131,Online,5,1123,171347.34,109425.12,61922.22,2010-06-30,2010-07-17,2010-07-17,7321091ab0dd46873ec9d5884cc2fa4a,2010-07-17,2010-07-17,
324,803616273,M,2010-06-30,2010-07-30,152,Online,8,6768,1727735.04,1078954.56,648780.48,2010-06-30,2010-07-30,2010-07-30,00b9d9021420122ed9e98f295ab6ed53,2010-07-30,2010-07-30,
325,990763652,L,2010-06-30,2010-08-12,151,Offline,2,7836,371818.2,249106.44,122711.76,2010-06-30,2010-08-12,2010-08-12,d7fe32b395119f665bcf6830f6725ece,2010-08-12,2010-08-12,
326,934206378,M,2010-07-02,2010-07-13,80,Online,5,1282,195607.56,124918.08,70689.48,2010-07-02,2010-07-13,2010-07-13,7878978c99c9615945b53fd348d3c91e,2010-07-13,2010-07-13,
327,422709548,M,2010-07-03,2010-08-04,67,Online,4,8004,874677.12,286863.36,587813.76,2010-07-03,2010-08-04,2010-08-04,c7fd1f503d478a58703b2b4e425dffe7,2010-08-04,2010-08-04,
328,447505176,H,2010-07-04,2010-07-27,151,Online,7,5581,1148011.7,653590.91,494420.79,2010-07-04,2010-07-27,2010-07-27,c85f4eac9b12bbf11fa137d8c2246c6d,2010-07-27,2010-07-27,
329,873555839,C,2010-07-04,2010-08-04,109,Online,9,3440,1451301.6,1254533.6,196768,2010-07-04,2010-08-04,2010-08-04,63cde3d0dea7630932e20308ac5ce84c,2010-08-04,2010-08-04,
330,646814334,M,2010-07-05,2010-07-11,81,Online,11,5590,3640263.9,2934526.4,705737.5,2010-07-05,2010-07-11,2010-07-11,7afa433555895bcc2d90ead4a19d9709,2010-07-11,2010-07-11,
331,301644504,C,2010-07-05,2010-07-26,71,Offline,5,2167,330640.86,211152.48,119488.38,2010-07-05,2010-07-26,2010-07-26,b659b2116b5d5e24f41cc6948156b97e,2010-07-26,2010-07-26,
332,983207547,M,2010-07-06,2010-07-25,71,Offline,3,1817,148503.41,102969.39,45534.02,2010-07-06,2010-07-25,2010-07-25,ded413e624bafc32563cc2109400991e,2010-07-25,2010-07-25,
334,864071118,L,2010-07-10,2010-07-18,26,Online,2,6700,317915,212993,104922,2010-07-10,2010-07-18,2010-07-18,6d4d7bbee0c63576a07f592d6969f681,2010-07-18,2010-07-18,
336,730490243,H,2010-07-12,2010-07-14,4,Online,9,7151,3016935.39,2607898.19,409037.2,2010-07-12,2010-07-14,2010-07-14,70aca63b64a60a343335cd217e9b6186,2010-07-14,2010-07-14,
337,578725707,M,2010-07-12,2010-08-09,72,Offline,7,6652,1368316.4,779015.72,589300.68,2010-07-12,2010-08-09,2010-08-09,37b55976e917b819fcdee4a8434c110c,2010-08-09,2010-08-09,
338,950619781,M,2010-07-13,2010-07-17,154,Online,1,8373,78120.09,57941.16,20178.93,2010-07-13,2010-07-17,2010-07-17,a0eab1c17a15fafe2ab813d9c4d2235e,2010-07-17,2010-07-17,
339,892487943,H,2010-07-13,2010-08-31,15,Offline,8,5870,1498493.6,935795.4,562698.2,2010-07-13,2010-08-31,2010-08-31,88f842c321104eba2145d5f82c528760,2010-08-31,2010-08-31,
340,983719956,H,2010-07-14,2010-08-01,120,Offline,11,3450,2246674.5,1811112,435562.5,2010-07-14,2010-08-01,2010-08-01,b465da9a45a4e536c4e165c021c366f7,2010-08-01,2010-08-01,
341,183374536,L,2010-07-14,2010-08-18,49,Online,7,3455,710693.5,404615.05,306078.45,2010-07-14,2010-08-18,2010-08-18,3c5c14f325fb4677dd17d2ff5e74c34b,2010-08-18,2010-08-18,
342,399292790,H,2010-07-16,2010-07-28,121,Offline,10,8465,3700898,2229088.45,1471809.55,2010-07-16,2010-07-28,2010-07-28,9c7310f1698e70f87f3eded4b627c694,2010-07-28,2010-07-28,
343,987459170,M,2010-07-16,2010-08-27,155,Online,3,9967,814602.91,564829.89,249773.02,2010-07-16,2010-08-27,2010-08-27,8c17600f90182fb238a19127f2a23380,2010-08-27,2010-08-27,
344,673578917,H,2010-07-16,2010-08-31,1,Online,6,5825,897399.5,529667.25,367732.25,2010-07-16,2010-08-31,2010-08-31,91ac7d4f2ca915386d240a27cd36a589,2010-08-31,2010-08-31,
345,955815541,M,2010-07-18,2010-08-13,39,Offline,10,5914,2585600.8,1557333.62,1028267.18,2010-07-18,2010-08-13,2010-08-13,ae9d906933bdf3d78dad27c2965a43c8,2010-08-13,2010-08-13,
346,629301440,L,2010-07-19,2010-07-29,138,Offline,8,3135,800302.8,499781.7,300521.1,2010-07-19,2010-07-29,2010-07-29,aeaddd07a008137016b3abfa44b159bc,2010-07-29,2010-07-29,
347,772643411,L,2010-07-19,2010-08-25,37,Online,7,1210,248897,141703.1,107193.9,2010-07-19,2010-08-25,2010-08-25,bc117793f675f2fdd9b06d8fdd4ed240,2010-08-25,2010-08-25,
348,273662412,C,2010-07-20,2010-07-23,54,Online,9,1644,693587.16,599550.36,94036.8,2010-07-20,2010-07-23,2010-07-23,1352d9d99eaa8812a670322c25afcb0f,2010-07-23,2010-07-23,
349,535668742,H,2010-07-20,2010-08-31,70,Online,5,5139,784108.62,500744.16,283364.46,2010-07-20,2010-08-31,2010-08-31,75b35eef0d798fb578ee38c5ad5fd765,2010-08-31,2010-08-31,
350,541100537,M,2010-07-23,2010-08-06,105,Offline,9,2528,1066537.92,921936.32,144601.6,2010-07-23,2010-08-06,2010-08-06,42692378be8afde98022ff685e0ac9ac,2010-08-06,2010-08-06,
351,678302609,L,2010-07-23,2010-08-10,107,Online,4,3670,401057.6,131532.8,269524.8,2010-07-23,2010-08-10,2010-08-10,bb0c3e5156b9c0b13cfaecdac33056d4,2010-08-10,2010-08-10,
352,665786778,L,2010-07-24,2010-08-15,26,Offline,1,9958,92908.14,68909.36,23998.78,2010-07-24,2010-08-15,2010-08-15,ac84e5b371a08b00c82533ae13a62b09,2010-08-15,2010-08-15,
353,540982520,L,2010-07-24,2010-09-01,94,Offline,10,7604,3324468.8,2002361.32,1322107.48,2010-07-24,2010-09-01,2010-09-01,466b1e3438f30588db7a68f491e44643,2010-09-01,2010-09-01,
354,750760877,M,2010-07-25,2010-09-07,69,Offline,6,5682,875368.92,516664.26,358704.66,2010-07-25,2010-09-07,2010-09-07,1c26433018dc5569d6e3e1c08b3df5c3,2010-09-07,2010-09-07,
355,336635959,H,2010-07-27,2010-08-02,78,Offline,3,6916,565244.68,391929.72,173314.96,2010-07-27,2010-08-02,2010-08-02,ba6bf3b7dc0b6988b9bcad8f380e7a5b,2010-08-02,2010-08-02,
356,608875453,L,2010-07-27,2010-08-11,126,Online,8,8632,2203576.96,1376113.44,827463.52,2010-07-27,2010-08-11,2010-08-11,a2a5e7d26c41325e1b89e17591090a37,2010-08-11,2010-08-11,
357,741866242,H,2010-07-28,2010-09-13,155,Online,12,3562,2380377.74,1790047.48,590330.26,2010-07-28,2010-09-13,2010-09-13,44bc4caf2788eff7593c0ffc8a63fa43,2010-09-13,2010-09-13,
358,230251395,L,2010-07-29,2010-09-09,17,Online,10,5359,2342954.8,1411185.47,931769.33,2010-07-29,2010-09-09,2010-09-09,9f242f96649da52b9b560dd67ac9deaa,2010-09-09,2010-09-09,
359,564715993,L,2010-07-30,2010-08-03,41,Offline,7,866,178136.2,101417.26,76718.94,2010-07-30,2010-08-03,2010-08-03,a5f23a1fc6b0dbe1241f5679834bc376,2010-08-03,2010-08-03,
360,344468438,C,2010-07-30,2010-08-27,122,Online,8,4721,1205176.88,752621.82,452555.06,2010-07-30,2010-08-27,2010-08-27,ee1e471d863b8395f145fe49aefe8022,2010-08-27,2010-08-27,
361,475176560,L,2010-07-31,2010-09-04,66,Online,1,4159,38803.47,28780.28,10023.19,2010-07-31,2010-09-04,2010-09-04,a8307071d68630be18b5b1eb1e4b12eb,2010-09-04,2010-09-04,
362,466517961,L,2010-08-01,2010-09-07,18,Online,1,1886,17596.38,13051.12,4545.26,2010-08-01,2010-09-07,2010-09-07,cc1b4a737ed37a5ddf69eb6838e67008,2010-09-07,2010-09-07,
363,171293437,H,2010-08-02,2010-08-12,92,Online,6,8389,1292409.34,762811.77,529597.57,2010-08-02,2010-08-12,2010-08-12,38c3a6590bbcc4cc51fea4bb0f355458,2010-08-12,2010-08-12,
364,675824248,C,2010-08-04,2010-09-15,156,Online,8,268,68415.04,42724.56,25690.48,2010-08-04,2010-09-15,2010-09-15,3a284293ce25642faed10e63eba38b8a,2010-09-15,2010-09-15,
365,563417804,C,2010-08-05,2010-09-03,151,Online,8,6703,1711141.84,1068592.26,642549.58,2010-08-05,2010-09-03,2010-09-03,3f59aad02b713bc245ffedfddee8b988,2010-09-03,2010-09-03,
366,652721202,C,2010-08-06,2010-09-25,146,Offline,10,3563,1557743.6,938244.79,619498.81,2010-08-06,2010-09-25,2010-09-25,6cf3bcb33465b15befd895964cbcc895,2010-09-25,2010-09-25,
367,554641187,M,2010-08-07,2010-08-13,152,Online,12,9507,6353242.89,4777647.78,1575595.11,2010-08-07,2010-08-13,2010-08-13,144ee41ce6cda1088b8822c1049aeb8a,2010-08-13,2010-08-13,
368,184085643,M,2010-08-10,2010-08-14,22,Offline,2,3887,184438.15,123567.73,60870.42,2010-08-10,2010-08-14,2010-08-14,e015e6f9e28dfc61667a96f9cba4e676,2010-08-14,2010-08-14,
369,223561751,H,2010-08-10,2010-09-21,128,Offline,4,5745,627813.6,205900.8,421912.8,2010-08-10,2010-09-21,2010-09-21,b0f9fa9a2e82fb7388fcec56f1a758d2,2010-09-21,2010-09-21,
370,711837518,M,2010-08-11,2010-08-14,36,Offline,12,7395,4941856.65,3716283.3,1225573.35,2010-08-11,2010-08-14,2010-08-14,ea4daffcd708851c98dbdcf74e028b8f,2010-08-14,2010-08-14,
371,296138036,M,2010-08-11,2010-09-23,157,Online,4,2680,292870.4,96051.2,196819.2,2010-08-11,2010-09-23,2010-09-23,915b61ece5f2439209fe21fb9315b3bf,2010-09-23,2010-09-23,
372,200458705,M,2010-08-11,2010-09-30,158,Online,8,9040,2307731.2,1441156.8,866574.4,2010-08-11,2010-09-30,2010-09-30,54fb1880c2c971906e051597ed5ba650,2010-09-30,2010-09-30,
374,135832917,H,2010-08-12,2010-09-27,56,Offline,4,4834,528259.52,173250.56,355008.96,2010-08-12,2010-09-27,2010-09-27,bec028421e21cef0ae2781f54d03cc25,2010-09-27,2010-09-27,
375,599313056,H,2010-08-13,2010-08-29,107,Offline,11,8906,5799676.26,4675293.76,1124382.5,2010-08-13,2010-08-29,2010-08-29,69b641f9e5936a2543a49a4f643181a2,2010-08-29,2010-08-29,
376,676100623,H,2010-08-13,2010-09-23,27,Online,8,2054,524345.12,327448.68,196896.44,2010-08-13,2010-09-23,2010-09-23,bd36ab9af8629e025b2caf1051077497,2010-09-23,2010-09-23,
377,443101203,H,2010-08-14,2010-09-01,67,Offline,12,2347,1568429.69,1179461.38,388968.31,2010-08-14,2010-09-01,2010-09-01,5fde92af6349b41f36898def007ce138,2010-09-01,2010-09-01,
378,114776504,H,2010-08-14,2010-09-10,159,Offline,3,3773,308367.29,213815.91,94551.38,2010-08-14,2010-09-10,2010-09-10,75659bcd22166df88bc11539ae5c7b79,2010-09-10,2010-09-10,
379,609310185,C,2010-08-14,2010-09-21,104,Offline,5,7279,1110629.82,709265.76,401364.06,2010-08-14,2010-09-21,2010-09-21,32cedd3cb38db6428a7325e4ea953108,2010-09-21,2010-09-21,
380,744583642,H,2010-08-14,2010-09-26,160,Online,4,7701,841565.28,276003.84,565561.44,2010-08-14,2010-09-26,2010-09-26,aba517b735c4150d938ad7f6c478e256,2010-09-26,2010-09-26,
381,123081052,H,2010-08-14,2010-10-03,9,Offline,9,1273,537065.97,464250.37,72815.6,2010-08-14,2010-10-03,2010-10-03,2f486c112061e16ad665daa6dc557c2f,2010-10-03,2010-10-03,
382,995884740,H,2010-08-15,2010-08-23,7,Online,11,3280,2135968.8,1721868.8,414100,2010-08-15,2010-08-23,2010-08-23,26a0f2f6e58abeec9cb387628e296fdd,2010-08-23,2010-08-23,
383,311921012,H,2010-08-15,2010-08-26,18,Online,2,3214,152504.3,102173.06,50331.24,2010-08-15,2010-08-26,2010-08-26,fe0d24560547dbba7b3aac5245521233,2010-08-26,2010-08-26,
384,403153026,H,2010-08-16,2010-09-16,124,Online,6,794,122323.64,72198.42,50125.22,2010-08-16,2010-09-16,2010-09-16,484ca75167cc8d6ace2c64af540b6ef1,2010-09-16,2010-09-16,
385,457191598,M,2010-08-16,2010-09-23,92,Offline,6,2008,309352.48,182587.44,126765.04,2010-08-16,2010-09-23,2010-09-23,db06050832f27b259a7c27cc4e7ec915,2010-09-23,2010-09-23,
387,822591722,L,2010-08-18,2010-09-03,133,Online,11,2025,1318700.25,1063044,255656.25,2010-08-18,2010-09-03,2010-09-03,c97684f95a623c2db71ef0cca1551cf0,2010-09-03,2010-09-03,
388,483915841,C,2010-08-18,2010-09-16,122,Offline,2,306,14519.7,9727.74,4791.96,2010-08-18,2010-09-16,2010-09-16,27933a8401fb8262628006a369464fb0,2010-09-16,2010-09-16,
389,903590571,L,2010-08-19,2010-09-01,113,Offline,4,1385,151352.8,49638.4,101714.4,2010-08-19,2010-09-01,2010-09-01,148b5bf3b6b81868299d2ae784fb14a1,2010-09-01,2010-09-01,
390,433734500,L,2010-08-19,2010-09-08,88,Offline,11,532,346443.72,279278.72,67165,2010-08-19,2010-09-08,2010-09-08,76fd3ab1fc40cfdc1be3bdf268f93c3b,2010-09-08,2010-09-08,
391,425547969,H,2010-08-19,2010-09-11,34,Online,2,7955,377464.75,252889.45,124575.3,2010-08-19,2010-09-11,2010-09-11,a54792b2aeb4df36e12a2b47cfc7cef0,2010-09-11,2010-09-11,
392,514851367,H,2010-08-19,2010-10-02,20,Offline,7,4815,990445.5,563884.65,426560.85,2010-08-19,2010-10-02,2010-10-02,9b98df669c28da334a98ecada2f31df6,2010-10-02,2010-10-02,
393,863760411,H,2010-08-20,2010-08-21,40,Offline,4,4755,519626.4,170419.2,349207.2,2010-08-20,2010-08-21,2010-08-21,656162eb650c853643dd7cf632ae613d,2010-08-21,2010-08-21,
394,901189887,H,2010-08-20,2010-09-03,161,Offline,8,969,247366.32,154477.98,92888.34,2010-08-20,2010-09-03,2010-09-03,97a1e959b7859c7509adcc54c8aebc39,2010-09-03,2010-09-03,
395,678777682,H,2010-08-20,2010-09-28,74,Offline,5,4255,649227.9,414607.2,234620.7,2010-08-20,2010-09-28,2010-09-28,daa4c91080c59fea6c9e0af99c3a8478,2010-09-28,2010-09-28,
396,227695357,M,2010-08-20,2010-09-28,57,Online,6,8971,1382072.26,815733.03,566339.23,2010-08-20,2010-09-28,2010-09-28,d3f25da338396525f520bf981a35c7be,2010-09-28,2010-09-28,
397,123711478,M,2010-08-21,2010-09-13,70,Online,12,7830,5232554.1,3934888.2,1297665.9,2010-08-21,2010-09-13,2010-09-13,bb78821d0fb275115df4bd5355cd8dc8,2010-09-13,2010-09-13,
398,138273942,C,2010-08-21,2010-10-04,113,Offline,5,7187,1096592.46,700301.28,396291.18,2010-08-21,2010-10-04,2010-10-04,7ce281a475eefa940cea899bdf5311d2,2010-10-04,2010-10-04,
399,884462773,M,2010-08-21,2010-10-05,26,Offline,5,1044,159293.52,101727.36,57566.16,2010-08-21,2010-10-05,2010-10-05,9fa4524c804654f852961a21ff2d69a1,2010-10-05,2010-10-05,
400,557948672,L,2010-08-22,2010-09-19,162,Offline,12,8266,5523919.82,4153995.64,1369924.18,2010-08-22,2010-09-19,2010-09-19,5ec874a27c4198128da67baf9bd5afa9,2010-09-19,2010-09-19,
401,456011426,H,2010-08-22,2010-09-29,95,Online,3,2769,226310.37,156919.23,69391.14,2010-08-22,2010-09-29,2010-09-29,d9bb6598f7505ff0cbe400555cb020c9,2010-09-29,2010-09-29,
402,248043668,C,2010-08-23,2010-08-29,132,Online,1,488,4553.04,3376.96,1176.08,2010-08-23,2010-08-29,2010-08-29,76d41964693567329ae55e968382b76a,2010-08-29,2010-08-29,
403,225176656,M,2010-08-23,2010-09-06,14,Offline,1,3631,33877.23,25126.52,8750.71,2010-08-23,2010-09-06,2010-09-06,6ffaa6f3a7497adec23df2804c2ed91b,2010-09-06,2010-09-06,
404,694914710,C,2010-08-23,2010-09-25,163,Offline,10,9560,4179632,2517434.8,1662197.2,2010-08-23,2010-09-25,2010-09-25,d8111adbc7321c75db699c7669bfc94b,2010-09-25,2010-09-25,
405,148153054,H,2010-08-23,2010-10-02,141,Offline,5,636,97040.88,61971.84,35069.04,2010-08-23,2010-10-02,2010-10-02,f78eb2776edde221b24f5fafc1f48b6b,2010-10-02,2010-10-02,
407,123003375,L,2010-08-24,2010-09-16,103,Online,11,8287,5396577.27,4350343.52,1046233.75,2010-08-24,2010-09-16,2010-09-16,b4ef10d400bb08a625e93b55f581d63c,2010-09-16,2010-09-16,
408,176923930,M,2010-08-25,2010-08-30,158,Offline,7,4577,941488.9,536012.47,405476.43,2010-08-25,2010-08-30,2010-08-30,cf6a3ca905361100279c4ebcba3ba0ef,2010-08-30,2010-08-30,
409,966800153,M,2010-08-25,2010-09-10,164,Offline,9,6505,2744394.45,2372308.45,372086,2010-08-25,2010-09-10,2010-09-10,061cf3aa3d444b3884e5cbe8568e0eba,2010-09-10,2010-09-10,
410,584200847,C,2010-08-25,2010-09-13,135,Online,4,6868,750535.04,246149.12,504385.92,2010-08-25,2010-09-13,2010-09-13,ae84ee695f746480d7cfd70e76cff74b,2010-09-13,2010-09-13,
411,345061528,C,2010-08-26,2010-09-19,103,Offline,9,229,96612.81,83514.01,13098.8,2010-08-26,2010-09-19,2010-09-19,cd902851ad4bd637c8604b35b8221d0b,2010-09-19,2010-09-19,
412,831408679,M,2010-08-26,2010-10-02,123,Online,10,1159,506714.8,305199.47,201515.33,2010-08-26,2010-10-02,2010-10-02,2d797fe701b64559b431d1aef8c6a358,2010-10-02,2010-10-02,
413,835265910,M,2010-08-27,2010-10-01,94,Offline,12,2599,1736833.73,1306101.46,430732.27,2010-08-27,2010-10-01,2010-10-01,8198cb73606aa90715aea25490fd5ba6,2010-10-01,2010-10-01,
414,355294692,H,2010-08-27,2010-10-12,158,Online,3,8450,690618.5,478861.5,211757,2010-08-27,2010-10-12,2010-10-12,56f7db47d3247a06483f2f269f00793d,2010-10-12,2010-10-12,
415,496590030,L,2010-08-27,2010-10-14,31,Online,7,880,181016,103056.8,77959.2,2010-08-27,2010-10-14,2010-10-14,051a4a3e54d64c93c89f2b4361fc27a6,2010-10-14,2010-10-14,
416,658469712,C,2010-08-28,2010-09-16,51,Online,1,4675,43617.75,32351,11266.75,2010-08-28,2010-09-16,2010-09-16,579bd514f27f8024eb67ab103ecf6a51,2010-09-16,2010-09-16,
417,662680995,L,2010-08-28,2010-10-10,165,Online,2,888,42135.6,28229.52,13906.08,2010-08-28,2010-10-10,2010-10-10,71f90018bca52ff5f8d647afaa58be4a,2010-10-10,2010-10-10,
418,797718417,L,2010-08-28,2010-10-15,147,Offline,7,1462,300733.4,171214.82,129518.58,2010-08-28,2010-10-15,2010-10-15,f60deb007c29908810f2acd16f7b9fc1,2010-10-15,2010-10-15,
419,911699426,L,2010-08-30,2010-10-03,59,Online,10,975,426270,256746.75,169523.25,2010-08-30,2010-10-03,2010-10-03,18acbfdca76432d4496353512a5a6204,2010-10-03,2010-10-03,
420,755605590,M,2010-08-31,2010-09-11,84,Online,5,9340,1425097.2,910089.6,515007.6,2010-08-31,2010-09-11,2010-09-11,544b35d4e575a37dee65e95763be26d0,2010-09-11,2010-09-11,
421,468803632,L,2010-08-31,2010-10-02,54,Online,1,8267,77131.11,57207.64,19923.47,2010-08-31,2010-10-02,2010-10-02,58d6c345a2106ba38d14ca5e8d695857,2010-10-02,2010-10-02,
422,749229657,M,2010-08-31,2010-10-08,166,Online,10,2560,1119232,674124.8,445107.2,2010-08-31,2010-10-08,2010-10-08,dba79a270e6426e61c53261626f7d601,2010-10-08,2010-10-08,
423,963219296,C,2010-09-01,2010-09-18,167,Online,7,6850,1409045,802203.5,606841.5,2010-09-01,2010-09-18,2010-09-18,15aa4775c49041e02ecb2967a04547aa,2010-09-18,2010-09-18,
424,917485272,L,2010-09-01,2010-10-03,139,Online,8,3136,800558.08,499941.12,300616.96,2010-09-01,2010-10-03,2010-10-03,03afd0efdc38c3ecb1a337be9d61eba3,2010-10-03,2010-10-03,
425,630447280,L,2010-09-02,2010-09-04,55,Online,12,2215,1480218.05,1113126.1,367091.95,2010-09-02,2010-09-04,2010-09-04,068b0f34f837ba90831d4dd4fa664c4d,2010-09-04,2010-09-04,
426,973334443,H,2010-09-02,2010-09-15,168,Offline,5,146,22276.68,14226.24,8050.44,2010-09-02,2010-09-15,2010-09-15,1c508af2c19e184f2d27a5b2a91f09ff,2010-09-15,2010-09-15,
427,721797311,H,2010-09-02,2010-10-19,154,Online,11,4719,3073059.99,2477286.24,595773.75,2010-09-02,2010-10-19,2010-10-19,2e5c6e889f39d8833ef2c2ec60b21f19,2010-10-19,2010-10-19,
428,251823222,L,2010-09-03,2010-10-01,169,Online,4,8942,977181.76,320481.28,656700.48,2010-09-03,2010-10-01,2010-10-01,2455afb84c3ee7ae9f438af34c05646f,2010-10-01,2010-10-01,
429,538389146,M,2010-09-05,2010-09-12,12,Offline,3,167,13648.91,9463.89,4185.02,2010-09-05,2010-09-12,2010-09-12,e628bb071acea94c1c7cd4b8212e52ea,2010-09-12,2010-09-12,
430,108127200,L,2010-09-05,2010-10-01,107,Offline,9,6096,2571841.44,2223150.24,348691.2,2010-09-05,2010-10-01,2010-10-01,24e31ce1c87d063e08e5e224649ef63b,2010-10-01,2010-10-01,
431,710620009,H,2010-09-06,2010-10-01,170,Offline,6,7107,1094904.42,646239.51,448664.91,2010-09-06,2010-10-01,2010-10-01,fac28547f753917461725ceda053eb13,2010-10-01,2010-10-01,
432,440309131,C,2010-09-07,2010-09-22,55,Online,7,6111,1257032.7,715659.21,541373.49,2010-09-07,2010-09-22,2010-09-22,9caf18dc403ed0fac6eb0de361e3c374,2010-09-22,2010-09-22,
433,510956799,H,2010-09-07,2010-09-23,79,Online,5,2326,354901.08,226645.44,128255.64,2010-09-07,2010-09-23,2010-09-23,e098c70471d55310515899e990bd53fe,2010-09-23,2010-09-23,
434,652252137,L,2010-09-07,2010-09-26,169,Online,6,4757,732863.42,432554.01,300309.41,2010-09-07,2010-09-26,2010-09-26,0fd59c890ce5bb599b6458f5bb5f52b8,2010-09-26,2010-09-26,
435,984788119,L,2010-09-07,2010-10-11,70,Online,8,9544,2436392.32,1521504.48,914887.84,2010-09-07,2010-10-11,2010-10-11,572afe64e6ffa1c4bc472bfbfc2af083,2010-10-11,2010-10-11,
436,845067346,H,2010-09-09,2010-09-13,66,Online,12,3062,2046242.74,1538777.48,507465.26,2010-09-09,2010-09-13,2010-09-13,95a4348b52c9514df541de4fa774dd36,2010-09-13,2010-09-13,
437,128003442,L,2010-09-09,2010-10-23,58,Online,8,7918,2021307.04,1262287.56,759019.48,2010-09-09,2010-10-23,2010-10-23,80491c7fb3a5019458589c6bdfc48782,2010-10-23,2010-10-23,
438,338017833,M,2010-09-09,2010-10-28,17,Offline,2,5843,277250.35,185748.97,91501.38,2010-09-09,2010-10-28,2010-10-28,6315fb59a757d47a779248c695cebb39,2010-10-28,2010-10-28,
439,217188823,H,2010-09-10,2010-10-19,12,Offline,4,9854,1076845.12,353167.36,723677.76,2010-09-10,2010-10-19,2010-10-19,fbc50d038f19e52d1dd90519eb13816f,2010-10-19,2010-10-19,
440,853017842,M,2010-09-11,2010-09-12,103,Offline,11,5790,3770505.9,3039518.4,730987.5,2010-09-11,2010-09-12,2010-09-12,11a6234641ac17ec0a6219a761156d3e,2010-09-12,2010-09-12,
441,913078296,C,2010-09-12,2010-09-18,93,Offline,2,9013,427666.85,286523.27,141143.58,2010-09-12,2010-09-18,2010-09-18,f6286d2f8b3e448606cca28836f6e61d,2010-09-18,2010-09-18,
442,607620608,H,2010-09-12,2010-09-20,127,Online,2,7296,346195.2,231939.84,114255.36,2010-09-12,2010-09-20,2010-09-20,954208781c6101d892331467c7eadb7e,2010-09-20,2010-09-20,
443,588846862,C,2010-09-12,2010-09-26,47,Offline,10,1727,755044.4,454770.91,300273.49,2010-09-12,2010-09-26,2010-09-26,bce4355610ad30e159950a49c9d0188a,2010-09-26,2010-09-26,
444,675867593,H,2010-09-13,2010-09-23,92,Online,2,3095,146857.75,98390.05,48467.7,2010-09-13,2010-09-23,2010-09-23,2c1468b2b4868dc2bdc446dd3a8942e0,2010-09-23,2010-09-23,
445,212505471,C,2010-09-13,2010-09-28,69,Online,12,3946,2636993.42,1983022.84,653970.58,2010-09-13,2010-09-28,2010-09-28,c2e872db79ee4f85796cd7e3b2484673,2010-09-28,2010-09-28,
446,326840531,L,2010-09-13,2010-10-10,135,Online,5,8231,1255885.98,802028.64,453857.34,2010-09-13,2010-10-10,2010-10-10,486db6669396abe2e768427f3eecfd09,2010-10-10,2010-10-10,
447,418308579,L,2010-09-13,2010-10-30,168,Offline,8,5659,1444629.52,902157.78,542471.74,2010-09-13,2010-10-30,2010-10-30,364f1be9cc93e33ae1060d80da880a43,2010-10-30,2010-10-30,
448,154019582,L,2010-09-14,2010-10-18,97,Offline,6,6672,1027888.32,606684.96,421203.36,2010-09-14,2010-10-18,2010-10-18,55b62835b91aae07df37c36d7c8b2c2f,2010-10-18,2010-10-18,
449,542286717,M,2010-09-16,2010-09-20,129,Online,9,3545,1495600.05,1292826.05,202774,2010-09-16,2010-09-20,2010-09-20,fa57b4a14fcf54896253f3b58390529b,2010-09-20,2010-09-20,
450,452629268,L,2010-09-17,2010-09-26,165,Online,1,1914,17857.62,13244.88,4612.74,2010-09-17,2010-09-26,2010-09-26,2785cd722be8c691c257447c4f376724,2010-09-26,2010-09-26,
451,891313779,H,2010-09-17,2010-10-25,136,Online,3,8409,687267.57,476538.03,210729.54,2010-09-17,2010-10-25,2010-10-25,08b3c7edcbfbbf55e68c49f2b191735f,2010-10-25,2010-10-25,
452,980381143,C,2010-09-18,2010-09-26,54,Offline,8,5421,1383872.88,864215.82,519657.06,2010-09-18,2010-09-26,2010-09-26,4e0374db60b700d9899fcd5e6181f238,2010-09-26,2010-09-26,
453,822240674,C,2010-09-19,2010-09-29,130,Offline,8,8142,2078489.76,1297997.64,780492.12,2010-09-19,2010-09-29,2010-09-29,c08da47dca981f6306274b483993ee43,2010-09-29,2010-09-29,
454,739195191,M,2010-09-19,2010-10-28,70,Online,7,3139,645692.3,367608.29,278084.01,2010-09-19,2010-10-28,2010-10-28,b142ebce5e7411d49df62484d46cde5c,2010-10-28,2010-10-28,
455,570703542,C,2010-09-19,2010-11-03,145,Offline,3,2715,221896.95,153859.05,68037.9,2010-09-19,2010-11-03,2010-11-03,339a1565220fd7372a0bb6c8d94d99ff,2010-11-03,2010-11-03,
456,996754205,L,2010-09-20,2010-09-22,153,Offline,8,574,146530.72,91507.08,55023.64,2010-09-20,2010-09-22,2010-09-22,77fcff3c8a09978a2a765123ddd2d001,2010-09-22,2010-09-22,
457,591287887,L,2010-09-20,2010-10-02,118,Offline,1,4080,38066.4,28233.6,9832.8,2010-09-20,2010-10-02,2010-10-02,43c8f411f64421f30ca5e769c6fb55e3,2010-10-02,2010-10-02,
458,298228013,H,2010-09-20,2010-10-25,37,Online,6,1151,177323.06,104660.43,72662.63,2010-09-20,2010-10-25,2010-10-25,7412def94bac8f5cb7289f4044812200,2010-10-25,2010-10-25,
459,530755364,L,2010-09-22,2010-09-29,85,Online,1,1162,10841.46,8041.04,2800.42,2010-09-22,2010-09-29,2010-09-29,12d865453f2a1d5ebcf29235ac057095,2010-09-29,2010-09-29,
460,653040921,L,2010-09-23,2010-10-09,25,Offline,1,8175,76272.75,56571,19701.75,2010-09-23,2010-10-09,2010-10-09,01731109d54bcc862e4d95d7a84956e7,2010-10-09,2010-10-09,
461,881593024,L,2010-09-24,2010-10-09,7,Online,1,1822,16999.26,12608.24,4391.02,2010-09-24,2010-10-09,2010-10-09,c7e8cb9f043a3b4a8684fa64e39f0f25,2010-10-09,2010-10-09,
462,490689170,C,2010-09-24,2010-11-09,156,Offline,3,4684,382823.32,265442.28,117381.04,2010-09-24,2010-11-09,2010-11-09,2c67f07fedfa787448a686c617bb49e5,2010-11-09,2010-11-09,
463,559054172,M,2010-09-25,2010-10-17,65,Offline,8,5408,1380554.24,862143.36,518410.88,2010-09-25,2010-10-17,2010-10-17,5c0e76a35f400cef3bbecd8796f14630,2010-10-17,2010-10-17,
464,137214791,M,2010-09-25,2010-11-02,73,Online,10,3761,1644309.2,990384.13,653925.07,2010-09-25,2010-11-02,2010-11-02,783aec493acb5ea3be80e6526034b911,2010-11-02,2010-11-02,
465,434485948,L,2010-09-25,2010-11-03,137,Online,3,2902,237180.46,164456.34,72724.12,2010-09-25,2010-11-03,2010-11-03,736fa43c28dfb082910f7c92ccd91fd0,2010-11-03,2010-11-03,
466,172243583,H,2010-09-26,2010-09-27,135,Online,3,9559,781257.07,541708.53,239548.54,2010-09-26,2010-09-27,2010-09-27,5c63910149e217a2927d99db52343323,2010-09-27,2010-09-27,
467,845738112,L,2010-09-26,2010-10-23,33,Online,10,1557,680720.4,410004.81,270715.59,2010-09-26,2010-10-23,2010-10-23,7fc2202bc89fa86dc8b987943d53e2c9,2010-10-23,2010-10-23,
468,511155498,H,2010-09-26,2010-11-04,134,Offline,2,1126,53428.7,35795.54,17633.16,2010-09-26,2010-11-04,2010-11-04,a19329618d9ad8e398ea526f51cb59ec,2010-11-04,2010-11-04,
469,178501498,M,2010-09-26,2010-11-15,20,Offline,5,1415,215900.7,137877.6,78023.1,2010-09-26,2010-11-15,2010-11-15,7ffa0c688de8972b2d163afe0e420665,2010-11-15,2010-11-15,
470,907845199,L,2010-09-27,2010-10-02,115,Online,6,423,65167.38,38463.39,26703.99,2010-09-27,2010-10-02,2010-10-02,55f798c2552f08a7c257b995701c3e73,2010-10-02,2010-10-02,
471,442318427,H,2010-09-27,2010-10-08,34,Online,8,707,180482.96,112709.94,67773.02,2010-09-27,2010-10-08,2010-10-08,bf1e5938e0e91c2f1a95205e50feb418,2010-10-08,2010-10-08,
472,614785325,M,2010-09-27,2010-10-26,40,Offline,11,7494,4880167.74,3934050.24,946117.5,2010-09-27,2010-10-26,2010-10-26,3a5e274e39d1b1fb95cbc53a55010cf2,2010-10-26,2010-10-26,
473,434013879,H,2010-09-27,2010-11-05,171,Offline,10,3206,1401663.2,844235.98,557427.22,2010-09-27,2010-11-05,2010-11-05,64aaa7655bbd9c2352ad233bc9751fa8,2010-11-05,2010-11-05,
474,483959186,H,2010-09-27,2010-11-14,114,Online,5,3133,478033.14,305279.52,172753.62,2010-09-27,2010-11-14,2010-11-14,f95579f13f69c8eb39e5133c450b499e,2010-11-14,2010-11-14,
475,533314406,C,2010-09-29,2010-10-29,34,Online,12,8439,5639530.53,4240935.06,1398595.47,2010-09-29,2010-10-29,2010-10-29,b370f5629baffabb1208c4a0c0711bb7,2010-10-29,2010-10-29,
476,132177388,M,2010-09-29,2010-11-07,116,Offline,2,3081,146193.45,97944.99,48248.46,2010-09-29,2010-11-07,2010-11-07,e13f6c4c743bc9371903ae67d907fff6,2010-11-07,2010-11-07,
477,778593623,L,2010-09-29,2010-11-17,10,Offline,5,2010,306685.8,195854.4,110831.4,2010-09-29,2010-11-17,2010-11-17,3786706d0ebb73004a1f0561c791f880,2010-11-17,2010-11-17,
478,822044980,C,2010-09-30,2010-10-09,131,Online,3,232,18961.36,13147.44,5813.92,2010-09-30,2010-10-09,2010-10-09,db34f914e22cdfeacaa654b0ba89a0c2,2010-10-09,2010-10-09,
479,784733521,M,2010-09-30,2010-10-21,85,Online,4,8942,977181.76,320481.28,656700.48,2010-09-30,2010-10-21,2010-10-21,2a2d2748e6d3c96a6110baebd5dd4f61,2010-10-21,2010-10-21,
480,880176818,M,2010-10-01,2010-10-15,172,Online,4,2735,298880.8,98022.4,200858.4,2010-10-01,2010-10-15,2010-10-15,aa77b820059d65e59d7508766ba699ad,2010-10-15,2010-10-15,
481,457629334,L,2010-10-03,2010-11-02,7,Offline,4,1544,168728.32,55336.96,113391.36,2010-10-03,2010-11-02,2010-11-02,e5d9aea509dfdf76b352752c1d76480c,2010-11-02,2010-11-02,
482,935789954,L,2010-10-03,2010-11-18,18,Online,2,9898,469660.1,314657.42,155002.68,2010-10-03,2010-11-18,2010-11-18,452149007babb23d8be04332a9a7f1ee,2010-11-18,2010-11-18,
483,582197558,M,2010-10-04,2010-10-17,126,Offline,7,4050,833085,474295.5,358789.5,2010-10-04,2010-10-17,2010-10-17,bd7e66579633da328968c09c40e08373,2010-10-17,2010-10-17,
484,765015637,H,2010-10-05,2010-11-01,115,Offline,8,3982,1016524.96,634810.44,381714.52,2010-10-05,2010-11-01,2010-11-01,f08dffdf2be5a3bd639a795353e9acb1,2010-11-01,2010-11-01,
485,234863078,L,2010-10-05,2010-11-03,149,Online,9,59,24891.51,21516.71,3374.8,2010-10-05,2010-11-03,2010-11-03,e8ac0031f9be2c049891157d7929bc0a,2010-11-03,2010-11-03,
486,835663306,L,2010-10-05,2010-11-03,156,Offline,4,197,21528.16,7060.48,14467.68,2010-10-05,2010-11-03,2010-11-03,fc2ab192bd8289b93e6b7c59b5d3543a,2010-11-03,2010-11-03,
487,384462964,M,2010-10-06,2010-10-10,97,Online,2,9990,474025.5,317582.1,156443.4,2010-10-06,2010-10-10,2010-10-10,27620445bcd02da4dc9be04056585f1a,2010-10-10,2010-10-10,
488,332353007,H,2010-10-06,2010-11-22,5,Online,10,9495,4151214,2500318.35,1650895.65,2010-10-06,2010-11-22,2010-11-22,23dd86637b1dd0500c140d1fc0f8af19,2010-11-22,2010-11-22,
489,704365098,C,2010-10-06,2010-11-23,173,Online,12,6140,4103177.8,3085595.6,1017582.2,2010-10-06,2010-11-23,2010-11-23,372c61939e0d1eeb2439ad3bb54e5c2b,2010-11-23,2010-11-23,
490,583654105,C,2010-10-07,2010-10-19,28,Online,5,5075,774343.5,494508,279835.5,2010-10-07,2010-10-19,2010-10-19,5d3002d17c18643bf14fa7424f8b4e78,2010-10-19,2010-10-19,
491,704247081,H,2010-10-07,2010-10-29,73,Offline,6,1216,187336.96,110570.88,76766.08,2010-10-07,2010-10-29,2010-10-29,94e184baa14e6eb9b5cf96d160d3a9d7,2010-10-29,2010-10-29,
492,899580991,C,2010-10-07,2010-11-08,6,Online,4,4861,531210.08,174218.24,356991.84,2010-10-07,2010-11-08,2010-11-08,1e3fd5b0839ecd4f19a028d89d1cc212,2010-11-08,2010-11-08,
493,367381799,L,2010-10-08,2010-10-17,57,Online,3,5293,432596.89,299954.31,132642.58,2010-10-08,2010-10-17,2010-10-17,cc1b8b2b80fb284ff09c0261acf2650f,2010-10-17,2010-10-17,
494,282171666,C,2010-10-08,2010-11-15,19,Online,4,9721,1062310.88,348400.64,713910.24,2010-10-08,2010-11-15,2010-11-15,f11498c320c79d39b284ecc0ceafbfb2,2010-11-15,2010-11-15,
495,336210238,H,2010-10-08,2010-11-22,49,Offline,12,936,625500.72,470377.44,155123.28,2010-10-08,2010-11-22,2010-11-22,96477b4ff00e7dcafbcb152dd254694e,2010-11-22,2010-11-22,
496,766118133,C,2010-10-09,2010-10-10,37,Offline,12,235,157043.45,118096.9,38946.55,2010-10-09,2010-10-10,2010-10-10,e4866bec03fae75433b3ad8f17fd156b,2010-10-10,2010-10-10,
497,689212548,H,2010-10-09,2010-10-10,156,Offline,12,2164,1446136.28,1087496.56,358639.72,2010-10-09,2010-10-10,2010-10-10,910725da3fea8e43605084c23c314b78,2010-10-10,2010-10-10,
498,344160735,M,2010-10-09,2010-11-20,101,Online,9,3664,1545804.96,1336224.16,209580.8,2010-10-09,2010-11-20,2010-11-20,8823eda80e649524964317b1349eac6d,2010-11-20,2010-11-20,
499,595461833,H,2010-10-10,2010-10-17,46,Online,10,9244,4041476.8,2434222.52,1607254.28,2010-10-10,2010-10-17,2010-10-17,f3bef78284d40656311b7b4bbf47be49,2010-10-17,2010-10-17,
500,726287972,M,2010-10-11,2010-11-19,19,Online,4,3606,394063.68,129239.04,264824.64,2010-10-11,2010-11-19,2010-11-19,1e50bc4940c1db942d5c5ded9b867b4a,2010-11-19,2010-11-19,
501,220931041,M,2010-10-12,2010-11-13,57,Online,9,7259,3062499.51,2647284.71,415214.8,2010-10-12,2010-11-13,2010-11-13,189087dc6b865a01d30c0639433a64db,2010-11-13,2010-11-13,
502,395562589,C,2010-10-12,2010-12-01,30,Online,2,4615,218981.75,146710.85,72270.9,2010-10-12,2010-12-01,2010-12-01,10ef442c861eec55c37c8aacde1b9969,2010-12-01,2010-12-01,
503,580309283,L,2010-10-13,2010-10-25,165,Offline,10,5268,2303169.6,1387222.44,915947.16,2010-10-13,2010-10-25,2010-10-25,1821f4ea99afa37883dc92dddb2b3172,2010-10-25,2010-10-25,
504,646981704,M,2010-10-13,2010-11-23,118,Online,8,5118,1306523.04,815911.56,490611.48,2010-10-13,2010-11-23,2010-11-23,bab08323fb0cfbf180719144b1d1ea65,2010-11-23,2010-11-23,
505,933429610,M,2010-10-14,2010-11-28,10,Offline,9,1419,598661.91,517495.11,81166.8,2010-10-14,2010-11-28,2010-11-28,6ddeff3f75115d983e17776897a45301,2010-11-28,2010-11-28,
506,762655293,H,2010-10-16,2010-11-11,147,Online,3,5504,449841.92,311911.68,137930.24,2010-10-16,2010-11-11,2010-11-11,a66cbafbb27c56517f2ed1e5fa4c999b,2010-11-11,2010-11-11,
507,835467612,L,2010-10-16,2010-11-12,132,Online,6,2287,352335.22,207956.91,144378.31,2010-10-16,2010-11-12,2010-11-12,19ee9bbfbbc70a2f64998937048525ae,2010-11-12,2010-11-12,
508,959445750,M,2010-10-19,2010-11-23,119,Offline,5,173,26396.34,16857.12,9539.22,2010-10-19,2010-11-23,2010-11-23,3a12eef30c52b47be76ab511e3123756,2010-11-23,2010-11-23,
509,417013394,H,2010-10-19,2010-11-29,174,Online,3,2385,194926.05,135157.95,59768.1,2010-10-19,2010-11-29,2010-11-29,5faa0c829890795ed2d329f37d74473e,2010-11-29,2010-11-29,
510,165594279,L,2010-10-19,2010-12-08,175,Online,9,1882,793996.98,686346.58,107650.4,2010-10-19,2010-12-08,2010-12-08,7cca84d1f42b6e23330a3a1907cab711,2010-12-08,2010-12-08,
511,840781390,H,2010-10-20,2010-11-13,79,Online,12,4752,3175619.04,2388070.08,787548.96,2010-10-20,2010-11-13,2010-11-13,92166f21cda6e1415fabc0959dd873a8,2010-11-13,2010-11-13,
512,882304131,M,2010-10-20,2010-11-25,71,Offline,7,2254,463647.8,263965.94,199681.86,2010-10-20,2010-11-25,2010-11-25,48ab9ef513c67cd9139d0831c16cafea,2010-11-25,2010-11-25,
513,343847024,L,2010-10-21,2010-11-05,57,Offline,12,830,554664.1,417108.2,137555.9,2010-10-21,2010-11-05,2010-11-05,1735d18e4c5dcc86e3951b27756158b5,2010-11-05,2010-11-05,
514,601642072,H,2010-10-21,2010-11-19,132,Offline,6,8114,1250042.84,737806.02,512236.82,2010-10-21,2010-11-19,2010-11-19,7c65adcbd212876dcf493eb64c00bc06,2010-11-19,2010-11-19,
515,516195905,M,2010-10-22,2010-10-29,99,Offline,4,2694,294400.32,96552.96,197847.36,2010-10-22,2010-10-29,2010-10-29,21c53f56ca522c7245b433d04d66b09d,2010-10-29,2010-10-29,
516,647140061,H,2010-10-22,2010-11-05,102,Online,12,1980,1323174.6,995029.2,328145.4,2010-10-22,2010-11-05,2010-11-05,163bac8b69af387b2831daff032d85cd,2010-11-05,2010-11-05,
517,823700225,M,2010-10-22,2010-11-21,132,Offline,11,56,36467.76,29397.76,7070,2010-10-22,2010-11-21,2010-11-21,7e13d1cdf957c43555d54a84dbb55f0e,2010-11-21,2010-11-21,
518,168979442,H,2010-10-22,2010-12-10,137,Online,9,3627,1530195.03,1322730.63,207464.4,2010-10-22,2010-12-10,2010-12-10,97210073018dfa1597a81ce61ea1c888,2010-12-10,2010-12-10,
520,289100348,C,2010-10-24,2010-10-31,6,Online,9,72,30376.08,26257.68,4118.4,2010-10-24,2010-10-31,2010-10-31,e34af9231998cbe40837106a39e7144c,2010-10-31,2010-10-31,
521,873291480,L,2010-10-24,2010-11-06,44,Online,8,5210,1330008.8,830578.2,499430.6,2010-10-24,2010-11-06,2010-11-06,aa39be618adea2e97dab7842097443bf,2010-11-06,2010-11-06,
522,278513133,H,2010-10-25,2010-11-05,167,Online,1,7080,66056.4,48993.6,17062.8,2010-10-25,2010-11-05,2010-11-05,4711adaae6b512a8213cca22214c8c4e,2010-11-05,2010-11-05,
523,875220096,L,2010-10-25,2010-11-06,137,Online,1,5930,55326.9,41035.6,14291.3,2010-10-25,2010-11-06,2010-11-06,a6d4f3cd159cec2a72392d1f72325c1f,2010-11-06,2010-11-06,
524,856328332,L,2010-10-25,2010-12-08,126,Online,7,5438,1118596.6,636844.18,481752.42,2010-10-25,2010-12-08,2010-12-08,e46a99f7d01a809482d52de4e92e0657,2010-12-08,2010-12-08,
525,970427358,H,2010-10-26,2010-10-31,11,Offline,9,9875,4166163.75,3601313.75,564850,2010-10-26,2010-10-31,2010-10-31,3b61f8020123fc7268fce0ba0ada4b73,2010-10-31,2010-10-31,
526,662805020,M,2010-10-26,2010-11-02,42,Online,9,7589,3201723.21,2767632.41,434090.8,2010-10-26,2010-11-02,2010-11-02,04d567b520854b604e81942c4b2fc7e8,2010-11-02,2010-11-02,
527,694094598,L,2010-10-26,2010-12-13,176,Offline,5,6871,1048377.18,669510.24,378866.94,2010-10-26,2010-12-13,2010-12-13,05b3e3926830e2663496f631d10cc46b,2010-12-13,2010-12-13,
528,512851083,C,2010-10-28,2010-11-04,46,Online,8,2887,736993.36,460245.54,276747.82,2010-10-28,2010-11-04,2010-11-04,4a3a31897ed69de79fac5e18eecfbb42,2010-11-04,2010-11-04,
529,408985221,M,2010-10-28,2010-11-14,59,Online,4,6670,728897.6,239052.8,489844.8,2010-10-28,2010-11-14,2010-11-14,a288642674710f57a92e0a1401a76bf4,2010-11-14,2010-11-14,
530,687482631,M,2010-10-28,2010-11-21,8,Offline,11,243,158244.03,127565.28,30678.75,2010-10-28,2010-11-21,2010-11-21,d809319681ecf28894a7cf77c29b0408,2010-11-21,2010-11-21,
531,880651891,C,2010-10-28,2010-12-02,97,Offline,2,3319,157486.55,105511.01,51975.54,2010-10-28,2010-12-02,2010-12-02,15fa051ac7780af25478c82848c65b52,2010-12-02,2010-12-02,
532,113524663,L,2010-10-29,2010-12-09,153,Online,10,3325,1453690,875572.25,578117.75,2010-10-29,2010-12-09,2010-12-09,5f57efbe15429bf99b49364281f5d5ab,2010-12-09,2010-12-09,
533,680870664,H,2010-10-30,2010-10-31,92,Online,7,3615,743605.5,423352.65,320252.85,2010-10-30,2010-10-31,2010-10-31,0953cb02773003952af638b549eb8113,2010-10-31,2010-10-31,
534,716135489,C,2010-10-30,2010-11-13,10,Online,1,9260,86395.8,64079.2,22316.6,2010-10-30,2010-11-13,2010-11-13,a85967a45723740cf3b43940887c25d8,2010-11-13,2010-11-13,
535,836610448,M,2010-10-30,2010-12-19,60,Offline,6,478,73640.68,43464.54,30176.14,2010-10-30,2010-12-19,2010-12-19,bc3dd0644f409fdb599e547595a17c54,2010-12-19,2010-12-19,
536,672330081,L,2010-10-31,2010-11-29,54,Online,11,6266,4080481.86,3289399.36,791082.5,2010-10-31,2010-11-29,2010-11-29,e21e05be0d558a88e762286f737194d3,2010-11-29,2010-11-29,
537,121475160,C,2010-10-31,2010-12-08,35,Offline,2,6054,287262.3,192456.66,94805.64,2010-10-31,2010-12-08,2010-12-08,0126d4af82fc3068e5a40d24d50ce67d,2010-12-08,2010-12-08,
538,567756116,L,2010-11-03,2010-12-12,121,Online,2,506,24009.7,16085.74,7923.96,2010-11-03,2010-12-12,2010-12-12,57be181e6edce2dee5069fd8efe7622a,2010-12-12,2010-12-12,
539,910643279,M,2010-11-03,2010-12-22,135,Offline,7,8438,1735696.6,988174.18,747522.42,2010-11-03,2010-12-22,2010-12-22,0df3d59c7df0accf2659cc9bca29507e,2010-12-22,2010-12-22,
540,257851111,C,2010-11-04,2010-11-20,123,Offline,9,2729,1151337.81,995239.01,156098.8,2010-11-04,2010-11-20,2010-11-20,0c27d4e64f4d07802db5bf87a8a3c110,2010-11-20,2010-11-20,
541,349319159,H,2010-11-04,2010-12-10,124,Online,12,157,104918.39,78898.78,26019.61,2010-11-04,2010-12-10,2010-12-10,139514c925cd241ec11abed52fd1d055,2010-12-10,2010-12-10,
542,789696252,H,2010-11-05,2010-11-19,67,Offline,3,7525,615018.25,426441.75,188576.5,2010-11-05,2010-11-19,2010-11-19,45926ab96294693911b2a12afad8d2b8,2010-11-19,2010-11-19,
543,864437186,L,2010-11-05,2010-11-19,177,Offline,3,5028,410938.44,284936.76,126001.68,2010-11-05,2010-11-19,2010-11-19,6483083870ab1d497422f6498bd85691,2010-11-19,2010-11-19,
544,743962228,H,2010-11-05,2010-12-04,35,Online,9,3811,1607822.79,1389833.59,217989.2,2010-11-05,2010-12-04,2010-12-04,dc0f5e750079ba9cb210fd9da5441852,2010-12-04,2010-12-04,
545,802094066,M,2010-11-05,2010-12-10,152,Online,4,6313,689884.64,226257.92,463626.72,2010-11-05,2010-12-10,2010-12-10,438aac8ac1c1cc66e43c289e7e4ee4bf,2010-12-10,2010-12-10,
546,330191361,C,2010-11-06,2010-11-23,95,Online,5,9816,1497725.28,956471.04,541254.24,2010-11-06,2010-11-23,2010-11-23,5f0e99461d7ce6773976ee973696ec34,2010-11-23,2010-11-23,
547,379900634,L,2010-11-07,2010-12-02,88,Offline,4,9895,1081325.6,354636.8,726688.8,2010-11-07,2010-12-02,2010-12-02,55ff37d044d11b369acb5a130efcc120,2010-12-02,2010-12-02,
548,412882792,L,2010-11-08,2010-11-22,178,Offline,3,48,3923.04,2720.16,1202.88,2010-11-08,2010-11-22,2010-11-22,9b6b29ad670c50004a16e663088b9d12,2010-11-22,2010-11-22,
549,300594365,L,2010-11-08,2010-12-04,92,Offline,8,1407,359178.96,224303.94,134875.02,2010-11-08,2010-12-04,2010-12-04,53b6d99e33f79ecbf592a6d2b98981da,2010-12-04,2010-12-04,
550,709681880,M,2010-11-10,2010-11-25,6,Offline,3,9494,775944.62,538024.98,237919.64,2010-11-10,2010-11-25,2010-11-25,8cf716a2e9339c283c633dec073e061c,2010-11-25,2010-11-25,
551,516394603,M,2010-11-10,2010-12-09,174,Online,4,1493,163155.04,53509.12,109645.92,2010-11-10,2010-12-09,2010-12-09,dfd858b09dcd9c9e046eef68b062ee34,2010-12-09,2010-12-09,
552,563939225,C,2010-11-11,2010-12-19,145,Offline,4,1004,109717.12,35983.36,73733.76,2010-11-11,2010-12-19,2010-12-19,f0209f1fff430bb534d85f65cca92287,2010-12-19,2010-12-19,
553,299886262,C,2010-11-12,2010-12-08,107,Offline,5,1864,284409.12,181628.16,102780.96,2010-11-12,2010-12-08,2010-12-08,d71bc756f8f5b7380223a84897ead222,2010-12-08,2010-12-08,
554,863138997,C,2010-11-12,2010-12-21,163,Online,9,865,364934.85,315456.85,49478,2010-11-12,2010-12-21,2010-12-21,a837db8f00c860d1ac122d89b4db8a2c,2010-12-21,2010-12-21,
555,563585174,C,2010-11-13,2010-11-26,146,Online,12,6232,4164658.64,3131829.28,1032829.36,2010-11-13,2010-11-26,2010-11-26,9fe558be584b29803301afb290482ebd,2010-11-26,2010-11-26,
556,806463706,H,2010-11-14,2010-12-16,142,Online,7,9387,1930905.9,1099311.57,831594.33,2010-11-14,2010-12-16,2010-12-16,3f0a1e0e3f66c1bc8647d5ae259ae74a,2010-12-16,2010-12-16,
557,112384831,L,2010-11-14,2010-12-23,152,Offline,4,6024,658302.72,215900.16,442402.56,2010-11-14,2010-12-23,2010-12-23,3e77f7436b7cb54d3dc122c62601596f,2010-12-23,2010-12-23,
558,465505158,M,2010-11-15,2010-12-05,152,Online,7,2176,447603.2,254831.36,192771.84,2010-11-15,2010-12-05,2010-12-05,4e5a6c848cb88d1e9ac801f13c488e34,2010-12-05,2010-12-05,
559,203380811,L,2010-11-16,2010-11-23,99,Online,11,3756,2445944.76,1971749.76,474195,2010-11-16,2010-11-23,2010-11-23,330358c73636660ddac0143fdd1bfd46,2010-11-23,2010-11-23,
560,872664058,M,2010-11-16,2010-11-25,6,Offline,11,9542,6213845.82,5009168.32,1204677.5,2010-11-16,2010-11-25,2010-11-25,a37038fcd36fb58d822eb3b0e9dd7500,2010-11-25,2010-11-25,
561,901670968,C,2010-11-16,2010-12-11,138,Offline,6,3331,513173.86,302887.83,210286.03,2010-11-16,2010-12-11,2010-12-11,4378ba62e0265883d4c3497fd89121d3,2010-12-11,2010-12-11,
562,781077992,L,2010-11-17,2010-12-02,179,Online,2,7190,341165.5,228570.1,112595.4,2010-11-17,2010-12-02,2010-12-02,5913cd842efedd9a4f59384d42226318,2010-12-02,2010-12-02,
563,843421113,C,2010-11-17,2010-12-31,135,Offline,4,5905,645298.4,211635.2,433663.2,2010-11-17,2010-12-31,2010-12-31,d31c164146e562da3cf535606a91b415,2010-12-31,2010-12-31,
564,649543750,L,2010-11-19,2010-12-22,47,Online,7,3285,675724.5,384706.35,291018.15,2010-11-19,2010-12-22,2010-12-22,cdce5404b01bd2dce13e52e7f9110ddc,2010-12-22,2010-12-22,
565,915761363,C,2010-11-19,2011-01-03,175,Online,8,2992,763797.76,476984.64,286813.12,2010-11-19,2011-01-03,2011-01-03,d84c57fa1208abc8b63b6e1f79b96ed8,2011-01-03,2011-01-03,
566,564097583,L,2010-11-21,2010-12-02,113,Online,11,7865,5121766.65,4128810.4,992956.25,2010-11-21,2010-12-02,2010-12-02,1af8ccabda72cbd2f671b8221b42fec7,2010-12-02,2010-12-02,
567,881717050,M,2010-11-22,2010-12-23,180,Online,5,8524,1300591.92,830578.56,470013.36,2010-11-22,2010-12-23,2010-12-23,d17f2c9faacc397daa886e51fe1f59b9,2010-12-23,2010-12-23,
568,432681357,M,2010-11-23,2010-11-28,157,Offline,8,8884,2267907.52,1416287.28,851620.24,2010-11-23,2010-11-28,2010-11-28,a0053496d122488c0de14ba0875f3dba,2010-11-28,2010-11-28,
569,962715899,M,2010-11-23,2010-12-21,135,Offline,10,7883,3446447.6,2075830.39,1370617.21,2010-11-23,2010-12-21,2010-12-21,f5c1070ce3685273b8277c415a71d5c8,2010-12-21,2010-12-21,
570,378642785,H,2010-11-23,2011-01-10,165,Online,8,7669,1957742.32,1222591.98,735150.34,2010-11-23,2011-01-10,2011-01-10,960600ca9c3d78511d944b94a4695fdc,2011-01-10,2011-01-10,
571,754630124,M,2010-11-24,2010-12-16,115,Online,11,678,441520.38,355922.88,85597.5,2010-11-24,2010-12-16,2010-12-16,e0d2912266b09493e48ac978048a3e30,2010-12-16,2010-12-16,
572,546544349,L,2010-11-25,2010-12-12,140,Offline,12,3473,2320901.71,1745321.42,575580.29,2010-11-25,2010-12-12,2010-12-12,b68f0ef6e3dd1c636945fcd2d2d5c486,2010-12-12,2010-12-12,
573,504313504,L,2010-11-28,2010-12-03,177,Online,8,6428,1640939.84,1024751.76,616188.08,2010-11-28,2010-12-03,2010-12-03,c65d33d91e9f362636f8d3aa85111b48,2010-12-03,2010-12-03,
574,984402740,L,2010-11-28,2010-12-18,16,Offline,9,5501,2320816.89,2006159.69,314657.2,2010-11-28,2010-12-18,2010-12-18,635e249f809bda4bf5e5af62d97badc0,2010-12-18,2010-12-18,
575,938668715,L,2010-11-28,2011-01-03,7,Online,11,1787,1163712.27,938103.52,225608.75,2010-11-28,2011-01-03,2011-01-03,939d1c747a4d50461d616c4c56e2a29c,2011-01-03,2011-01-03,
576,988614022,L,2010-11-28,2011-01-11,167,Offline,7,1713,352364.1,200609.43,151754.67,2010-11-28,2011-01-11,2011-01-11,ae31e96228fa65bfb6069ee7f3910cf7,2011-01-11,2011-01-11,
577,539696347,H,2010-11-28,2011-01-11,6,Online,3,6997,571864.81,396519.99,175344.82,2010-11-28,2011-01-11,2011-01-11,871b0651317951ca9ec831ee213f0537,2011-01-11,2011-01-11,
578,660053288,H,2010-11-29,2010-12-02,125,Offline,6,3291,507011.46,299250.63,207760.83,2010-11-29,2010-12-02,2010-12-02,d9991651deadaa84af6dbb4da969960b,2010-12-02,2010-12-02,
579,672215068,H,2010-11-30,2010-12-24,149,Online,12,2232,1491578.64,1121669.28,369909.36,2010-11-30,2010-12-24,2010-12-24,da73231a1ea523f4bc208677ed99f2a6,2010-12-24,2010-12-24,
580,963228309,C,2010-11-30,2010-12-27,73,Online,2,9516,451534.2,302513.64,149020.56,2010-11-30,2010-12-27,2010-12-27,d49224c31c53e3f2f80d252e4a0a3f80,2010-12-27,2010-12-27,
581,838660085,H,2010-11-30,2011-01-13,1,Offline,3,7011,573009.03,397313.37,175695.66,2010-11-30,2011-01-13,2011-01-13,4a156223927a52f324067d0ecf72f0b2,2011-01-13,2011-01-13,
582,653087270,H,2010-12-02,2010-12-07,163,Online,5,1891,288528.78,184259.04,104269.74,2010-12-02,2010-12-07,2010-12-07,a61df2df829916c78819720b52535f0a,2010-12-07,2010-12-07,
583,312010705,L,2010-12-03,2010-12-21,63,Online,9,9756,4115958.84,3557915.64,558043.2,2010-12-03,2010-12-21,2010-12-21,ebf1b05f188e29d6550332720c18ea92,2010-12-21,2010-12-21,
584,948075759,M,2010-12-03,2011-01-04,5,Offline,2,5540,262873,176116.6,86756.4,2010-12-03,2011-01-04,2011-01-04,cd8374ddc979919c82ba1d3f6951fb46,2011-01-04,2011-01-04,
585,806662404,H,2010-12-04,2010-12-07,160,Offline,7,8186,1683860.2,958662.46,725197.74,2010-12-04,2010-12-07,2010-12-07,831f68732a2ca924ee7d86556d922525,2010-12-07,2010-12-07,
586,353415429,M,2010-12-04,2010-12-08,84,Online,3,2334,190757.82,132267.78,58490.04,2010-12-04,2010-12-08,2010-12-08,54826b8d861269ebef06c2e18849c2d4,2010-12-08,2010-12-08,
587,898130452,M,2010-12-04,2010-12-27,46,Online,1,5614,52378.62,38848.88,13529.74,2010-12-04,2010-12-27,2010-12-27,2cba907306e86ae0325fe1e0e9d6b7c0,2010-12-27,2010-12-27,
588,328383767,L,2010-12-05,2010-12-18,35,Offline,3,4909,401212.57,278193.03,123019.54,2010-12-05,2010-12-18,2010-12-18,e8b0338b29c79850ed0c864c37ef1ea9,2010-12-18,2010-12-18,
589,313821303,H,2010-12-05,2011-01-17,5,Online,11,5552,3615517.92,2914577.92,700940,2010-12-05,2011-01-17,2011-01-17,ad34c64d6d8cf64fbe96d9aabe163b02,2011-01-17,2011-01-17,
590,396748769,H,2010-12-06,2011-01-15,143,Offline,2,5632,267238.4,179041.28,88197.12,2010-12-06,2011-01-15,2011-01-15,d04491ed656469a433a0b3ed18619702,2011-01-15,2011-01-15,
591,579094779,M,2010-12-08,2010-12-11,43,Offline,6,5869,904178.14,533668.17,370509.97,2010-12-08,2010-12-11,2010-12-11,f362a50f530e7c6899ba6c30ee2f4347,2010-12-11,2010-12-11,
592,566342914,M,2010-12-10,2010-12-17,93,Offline,7,2308,474755.6,270289.88,204465.72,2010-12-10,2010-12-17,2010-12-17,3ef517fa153c9bcad293a3165f40edc7,2010-12-17,2010-12-17,
593,840747058,C,2010-12-10,2010-12-26,11,Online,3,4593,375385.89,260285.31,115100.58,2010-12-10,2010-12-26,2010-12-26,ab1836a957223f3580d2f8740445517f,2010-12-26,2010-12-26,
594,881915748,M,2010-12-12,2010-12-14,113,Offline,2,7323,347476.35,232798.17,114678.18,2010-12-12,2010-12-14,2010-12-14,0fe77696bea8f302c4984bb73f719176,2010-12-14,2010-12-14,
595,663596808,L,2010-12-12,2011-01-06,97,Offline,8,1897,484266.16,302419.74,181846.42,2010-12-12,2011-01-06,2011-01-06,b6c3945a18b0a8b00a367798e68ca55c,2011-01-06,2011-01-06,
596,208421218,L,2010-12-12,2011-01-08,46,Online,1,5325,49682.25,36849,12833.25,2010-12-12,2011-01-08,2011-01-08,afe6d6275914709e037129dfe2a5fb3b,2011-01-08,2011-01-08,
597,254037225,H,2010-12-12,2011-01-18,133,Offline,8,4115,1050477.2,656013.3,394463.9,2010-12-12,2011-01-18,2011-01-18,cb9720a36e5299bbd63718df91a73b00,2011-01-18,2011-01-18,
598,856648051,M,2010-12-13,2010-12-23,4,Online,7,50,10285,5855.5,4429.5,2010-12-13,2010-12-23,2010-12-23,e4204da0adeb678bda4e2f489048d76a,2010-12-23,2010-12-23,
599,307721745,M,2010-12-14,2011-01-01,23,Online,5,558,85139.64,54371.52,30768.12,2010-12-14,2011-01-01,2011-01-01,9158e81f459b6b60a98ca5f9bc449b18,2011-01-01,2011-01-01,
600,962560546,M,2010-12-14,2011-01-08,75,Offline,7,1911,393092.7,223797.21,169295.49,2010-12-14,2011-01-08,2011-01-08,5e00687df670d79e35049ca62525a63a,2011-01-08,2011-01-08,
601,585983121,H,2010-12-15,2011-01-09,38,Online,5,4282,653347.56,417238.08,236109.48,2010-12-15,2011-01-09,2011-01-09,9dec2baa0fbcbcfc262899e1f840964c,2011-01-09,2011-01-09,
602,118291699,M,2010-12-15,2011-01-15,61,Offline,9,3997,1686294.33,1457665.93,228628.4,2010-12-15,2011-01-15,2011-01-15,610236fd2ba23e4fa4a9b013aa2e326a,2011-01-15,2011-01-15,
603,203501832,H,2010-12-16,2010-12-18,14,Offline,11,9569,6231428.49,5023342.24,1208086.25,2010-12-16,2010-12-18,2010-12-18,7b9d88553223a573eaaf1a5ee4fa43b9,2010-12-18,2010-12-18,
604,253211104,C,2010-12-16,2010-12-27,153,Online,11,9648,6282874.08,5064814.08,1218060,2010-12-16,2010-12-27,2010-12-27,ecac28a949d7804021aeacf8d053c220,2010-12-27,2010-12-27,
605,386319911,C,2010-12-16,2011-01-02,160,Online,6,9501,1463724.06,863925.93,599798.13,2010-12-16,2011-01-02,2011-01-02,c578a210cbf555439d7efa7815c7ea8b,2011-01-02,2011-01-02,
606,816463840,H,2010-12-17,2011-01-09,71,Online,7,8649,1779099.3,1012884.39,766214.91,2010-12-17,2011-01-09,2011-01-09,ec1df877b120f782d77f7d512d49a72c,2011-01-09,2011-01-09,
607,111797749,L,2010-12-17,2011-01-19,129,Offline,9,2293,967393.77,836234.17,131159.6,2010-12-17,2011-01-19,2011-01-19,423f6be0a5bf923f57cacd4509a70272,2011-01-19,2011-01-19,
608,681308400,M,2010-12-17,2011-01-30,7,Online,9,3151,1329375.39,1149138.19,180237.2,2010-12-17,2011-01-30,2011-01-30,d8dca34c3d69b78eb6b5fd4c53925943,2011-01-30,2011-01-30,
609,863890445,C,2010-12-18,2010-12-25,139,Offline,12,3235,2161853.45,1625716.9,536136.55,2010-12-18,2010-12-25,2010-12-25,e41e2fa9168d4678134fdd4d3bf70d15,2010-12-25,2010-12-25,
610,741250836,H,2010-12-18,2011-01-10,52,Online,3,1450,118508.5,82171.5,36337,2010-12-18,2011-01-10,2011-01-10,e672c78349cf0cf0d9de76a7bce3e591,2011-01-10,2011-01-10,
611,346371734,C,2010-12-18,2011-01-17,114,Online,7,7948,1634903.6,930790.28,704113.32,2010-12-18,2011-01-17,2011-01-17,c947d39835f905f3ed48a07ea3a5d96a,2011-01-17,2011-01-17,
612,263208234,L,2010-12-18,2011-01-20,67,Online,5,8020,1223691.6,781468.8,442222.8,2010-12-18,2011-01-20,2011-01-20,903947827083697226db3a335d81a06b,2011-01-20,2011-01-20,
613,469129359,M,2010-12-18,2011-01-26,79,Offline,9,4657,1964741.73,1698361.33,266380.4,2010-12-18,2011-01-26,2011-01-26,819e57cca18f91cc81f49ee8e4309f99,2011-01-26,2011-01-26,
614,570476520,L,2010-12-20,2010-12-24,163,Online,12,5534,3698206.18,2781056.36,917149.82,2010-12-20,2010-12-24,2010-12-24,1b78b77bc6b85eac88967c0ddf713447,2010-12-24,2010-12-24,
615,905177152,C,2010-12-20,2011-01-07,158,Online,11,889,578925.69,466689.44,112236.25,2010-12-20,2011-01-07,2011-01-07,b5cd06af40f7051a850d79dd83b037ac,2011-01-07,2011-01-07,
616,996645200,H,2010-12-20,2011-01-27,85,Offline,9,8317,3508859.13,3033126.73,475732.4,2010-12-20,2011-01-27,2011-01-27,375875c39c9726f1e02eb5fda6b9b6fc,2011-01-27,2011-01-27,
617,609952628,M,2010-12-20,2011-01-31,153,Online,9,7392,3118610.88,2695788.48,422822.4,2010-12-20,2011-01-31,2011-01-31,8fe2d3b8f4787f40570112778439ce9e,2011-01-31,2011-01-31,
618,800957238,L,2010-12-21,2010-12-23,76,Offline,8,9901,2527527.28,1578417.42,949109.86,2010-12-21,2010-12-23,2010-12-23,47deb6b2158e730471fb8232db39d678,2010-12-23,2010-12-23,
619,724169671,L,2010-12-21,2011-01-18,51,Offline,6,6753,1040367.18,614050.29,426316.89,2010-12-21,2011-01-18,2011-01-18,7b6059b4baae1e6cfc0f20960286f13d,2011-01-18,2011-01-18,
620,530882394,M,2010-12-21,2011-02-02,144,Online,9,8753,3692803.17,3192131.57,500671.6,2010-12-21,2011-02-02,2011-02-02,2ef7022c241ecfe39793aa9e3269e07e,2011-02-02,2011-02-02,
621,164774167,M,2010-12-22,2011-01-05,59,Online,10,9193,4019179.6,2420792.69,1598386.91,2010-12-22,2011-01-05,2011-01-05,2e3060da0c94177b3ea732fa6968811d,2011-01-05,2011-01-05,
622,461691272,C,2010-12-23,2011-02-02,97,Offline,3,3562,291122.26,201858.54,89263.72,2010-12-23,2011-02-02,2011-02-02,5cff2b66fa4dff3df1fda3a05f84b795,2011-02-02,2011-02-02,
623,708899104,M,2010-12-24,2011-01-01,38,Offline,8,7853,2004713.84,1251925.26,752788.58,2010-12-24,2011-01-01,2011-01-01,5b369a4d37451dccec5cf38f3798e0ff,2011-01-01,2011-01-01,
624,350977408,C,2010-12-26,2011-01-22,167,Online,10,869,379926.8,228833.77,151093.03,2010-12-26,2011-01-22,2011-01-22,222c5ce7903375aa4470d502959ed017,2011-01-22,2011-01-22,
625,959728133,C,2010-12-27,2011-01-20,81,Offline,10,3737,1633816.4,984064.21,649752.19,2010-12-27,2011-01-20,2011-01-20,02aef71201f96ca8cd38b72e6731c073,2011-01-20,2011-01-20,
626,340390193,C,2010-12-27,2011-01-26,38,Online,2,7877,373763.65,250409.83,123353.82,2010-12-27,2011-01-26,2011-01-26,2c127113c48ea7b60dc1ba9e3c7774be,2011-01-26,2011-01-26,
627,249040162,M,2010-12-27,2011-02-01,148,Offline,7,5373,1105226.1,629232.03,475994.07,2010-12-27,2011-02-01,2011-02-01,8cdc23c507a1df07596ef2a446a3ba1a,2011-02-01,2011-02-01,
628,296820819,C,2010-12-27,2011-02-10,68,Online,5,4731,721855.98,460988.64,260867.34,2010-12-27,2011-02-10,2011-02-10,7517ea727a4ad5fbf0b107e31e37ff3b,2011-02-10,2011-02-10,
629,903406894,C,2010-12-28,2011-02-09,72,Online,5,7030,1072637.4,685003.2,387634.2,2010-12-28,2011-02-09,2011-02-09,12cc3b711386f5ac81a8737cdf1fa065,2011-02-09,2011-02-09,
630,707718932,M,2010-12-30,2011-01-06,167,Online,1,8614,80368.62,59608.88,20759.74,2010-12-30,2011-01-06,2011-01-06,5d3afa39a40e28ffae212676aee85cf5,2011-01-06,2011-01-06,
631,624555432,H,2010-12-30,2011-01-09,113,Offline,8,8686,2217362.08,1384722.12,832639.96,2010-12-30,2011-01-09,2011-01-09,14208ada5b5a852db2750b1ceddf5919,2011-01-09,2011-01-09,
632,661866891,L,2010-12-30,2011-02-16,71,Online,5,9976,1522138.08,972061.44,550076.64,2010-12-30,2011-02-16,2011-02-16,617f45f18aa6dc82d93f5dd817a08ec6,2011-02-16,2011-02-16,
633,279149568,M,2011-01-01,2011-01-26,126,Offline,12,5415,3618682.05,2721254.1,897427.95,2011-01-01,2011-01-26,2011-01-26,820b03f74097efe48013e2fba5da453c,2011-01-26,2011-01-26,
634,318507659,M,2011-01-01,2011-02-07,60,Online,10,2349,1026982.8,618562.17,408420.63,2011-01-01,2011-02-07,2011-02-07,5ffae7aa3e2b59913b19fd7fd9614539,2011-02-07,2011-02-07,
635,626011979,L,2011-01-02,2011-01-11,171,Offline,4,9711,1061218.08,348042.24,713175.84,2011-01-02,2011-01-11,2011-01-11,abe955c514af0cfdded305ae120b5dae,2011-01-11,2011-01-11,
636,180479466,C,2011-01-05,2011-01-12,18,Online,6,6740,1038364.4,612868.2,425496.2,2011-01-05,2011-01-12,2011-01-12,4efbde33064d614596524b20a8be470e,2011-01-12,2011-01-12,
637,768527829,L,2011-01-06,2011-01-17,181,Offline,6,3318,511171.08,301705.74,209465.34,2011-01-06,2011-01-17,2011-01-17,26ebc961a2ad59c257425c97a111c90f,2011-01-17,2011-01-17,
638,144978606,C,2011-01-06,2011-02-19,138,Online,11,1246,811407.66,654100.16,157307.5,2011-01-06,2011-02-19,2011-02-19,ebe0248cd16753dd1289d5cbd8b5dcc1,2011-02-19,2011-02-19,
639,290603244,C,2011-01-06,2011-02-21,143,Online,2,4813,228376.85,153005.27,75371.58,2011-01-06,2011-02-21,2011-02-21,80853f68d25f898d1d9509841a7adaec,2011-02-21,2011-02-21,
640,610387361,L,2011-01-07,2011-01-20,161,Online,6,6039,930368.34,549126.27,381242.07,2011-01-07,2011-01-20,2011-01-20,4d5b31a5e3db92a9e4d6e6b20cb19f26,2011-01-20,2011-01-20,
641,292413842,H,2011-01-07,2011-01-26,131,Offline,4,609,66551.52,21826.56,44724.96,2011-01-07,2011-01-26,2011-01-26,3045c78dd78f7139c1cfeb2b29569503,2011-01-26,2011-01-26,
642,936547410,L,2011-01-08,2011-01-12,24,Offline,6,4046,623326.76,367902.78,255423.98,2011-01-08,2011-01-12,2011-01-12,868f700912e7695ed64d6baa7b6e5666,2011-01-12,2011-01-12,
643,618455874,L,2011-01-08,2011-02-13,15,Offline,11,3692,2404267.32,1938152.32,466115,2011-01-08,2011-02-13,2011-02-13,39b332e394168dede606ffd8497e7887,2011-02-13,2011-02-13,
644,818119084,L,2011-01-08,2011-02-21,123,Online,2,8472,401996.4,269324.88,132671.52,2011-01-08,2011-02-21,2011-02-21,e80c28a5d2575758982f18beb020427f,2011-02-21,2011-02-21,
645,167255532,M,2011-01-09,2011-01-20,182,Offline,3,3484,284747.32,197438.28,87309.04,2011-01-09,2011-01-20,2011-01-20,e431f6a3a6cc0f1354ed96a290cd1868,2011-01-20,2011-01-20,
646,971576201,H,2011-01-09,2011-01-26,15,Online,5,9843,1501844.94,959101.92,542743.02,2011-01-09,2011-01-26,2011-01-26,c0b24be496fa725f8771c0e1cf83a3f0,2011-01-26,2011-01-26,
647,356449544,H,2011-01-09,2011-02-26,130,Offline,10,196,85691.2,51612.68,34078.52,2011-01-09,2011-02-26,2011-02-26,669b65769ec36f95f01a96b7441d6173,2011-02-26,2011-02-26,
648,854958474,L,2011-01-10,2011-02-10,154,Online,1,66,615.78,456.72,159.06,2011-01-10,2011-02-10,2011-02-10,8455d9e80c799f420ca6015a208fb941,2011-02-10,2011-02-10,
649,484520947,H,2011-01-13,2011-01-17,49,Online,2,9370,444606.5,297872.3,146734.2,2011-01-13,2011-01-17,2011-01-17,de10f2a4464db0956b6705780e2c02a7,2011-01-17,2011-01-17,
650,469840466,H,2011-01-13,2011-01-22,172,Offline,6,5090,784165.4,462833.7,321331.7,2011-01-13,2011-01-22,2011-01-22,c9a4ee930db02f41642e902d6fe7bb77,2011-01-22,2011-01-22,
651,733893430,C,2011-01-13,2011-02-03,135,Online,6,4229,651519.74,384542.97,266976.77,2011-01-13,2011-02-03,2011-02-03,adc535930035ca53062d5e0b59b8e68c,2011-02-03,2011-02-03,
652,417848527,M,2011-01-13,2011-02-09,129,Offline,8,9519,2430010.32,1517518.98,912491.34,2011-01-13,2011-02-09,2011-02-09,04489ae45e2fc4970a164e984479cdd8,2011-02-09,2011-02-09,
653,941625154,C,2011-01-14,2011-01-15,115,Online,2,6663,316159.35,211816.77,104342.58,2011-01-14,2011-01-15,2011-01-15,86e6cd3f3ad717b04af7bab984a0f5c9,2011-01-15,2011-01-15,
654,330355727,C,2011-01-14,2011-02-14,183,Online,4,8456,924071.68,303063.04,621008.64,2011-01-14,2011-02-14,2011-02-14,926841e9590b234b35527448a0a04af9,2011-02-14,2011-02-14,
655,926826655,H,2011-01-15,2011-02-16,23,Online,8,7458,1903878.24,1188954.36,714923.88,2011-01-15,2011-02-16,2011-02-16,f40abf722a770c8796e0e3c3e74a5f9c,2011-02-16,2011-02-16,
656,329529607,L,2011-01-18,2011-01-23,155,Online,10,3988,1743553.6,1050160.04,693393.56,2011-01-18,2011-01-23,2011-01-23,48500d5e61e0ef761eae7c13ac1da768,2011-01-23,2011-01-23,
657,529192817,L,2011-01-18,2011-02-01,105,Offline,12,8769,5860059.63,4406773.26,1453286.37,2011-01-18,2011-02-01,2011-02-01,60cee453deb407727c1cef1e11890dbd,2011-02-01,2011-02-01,
658,522934901,M,2011-01-18,2011-02-03,181,Offline,6,6913,1065016.78,628599.09,436417.69,2011-01-18,2011-02-03,2011-02-03,02300a417dba0b9ce69cebdecb7a5b16,2011-02-03,2011-02-03,
659,401751840,H,2011-01-21,2011-02-21,143,Offline,7,6152,1265466.4,720460.72,545005.68,2011-01-21,2011-02-21,2011-02-21,bd7d8c201e92cf8b8b46c89e004166d5,2011-02-21,2011-02-21,
660,611766231,C,2011-01-21,2011-02-26,101,Offline,8,4077,1040776.56,649955.34,390821.22,2011-01-21,2011-02-26,2011-02-26,aad5c96e16887ac9a8a57e0f36b5483c,2011-02-26,2011-02-26,
661,736452472,M,2011-01-21,2011-03-07,55,Online,4,1507,164684.96,54010.88,110674.08,2011-01-21,2011-03-07,2011-03-07,e47a9746be938aaf767f7fbdbf1ca2c1,2011-03-07,2011-03-07,
662,773645913,H,2011-01-22,2011-01-28,155,Online,10,7873,3442075.6,2073197.09,1368878.51,2011-01-22,2011-01-28,2011-01-28,2180080213ade236c3a03aa69a6b16df,2011-01-28,2011-01-28,
663,276829564,M,2011-01-22,2011-02-13,62,Offline,3,8875,725353.75,502946.25,222407.5,2011-01-22,2011-02-13,2011-02-13,a2fdb5e02fe9554fd32e52437f048c2e,2011-02-13,2011-02-13,
664,104008615,M,2011-01-23,2011-02-22,88,Online,7,7315,1504695.5,856659.65,648035.85,2011-01-23,2011-02-22,2011-02-22,817f416fee418666a3f134615d9b6fd4,2011-02-22,2011-02-22,
665,368061578,M,2011-01-23,2011-03-06,64,Online,8,6455,1647832.4,1029056.1,618776.3,2011-01-23,2011-03-06,2011-03-06,dc0e8faf7a39be755989d14b1e68fa44,2011-03-06,2011-03-06,
666,815050637,C,2011-01-23,2011-03-07,97,Offline,1,451,4207.83,3120.92,1086.91,2011-01-23,2011-03-07,2011-03-07,91ed39d6c799b6f0c42471cbd683dfa3,2011-03-07,2011-03-07,
667,130850875,L,2011-01-24,2011-03-11,93,Online,8,537,137085.36,85608.54,51476.82,2011-01-24,2011-03-11,2011-03-11,7bc03aa8f8712c10483487f95b2082e3,2011-03-11,2011-03-11,
668,854054677,C,2011-01-25,2011-02-23,156,Online,3,2613,213560.49,148078.71,65481.78,2011-01-25,2011-02-23,2011-02-23,dd8d1895dac5deb91ab4b89d74c553ea,2011-02-23,2011-02-23,
669,128686225,M,2011-01-25,2011-03-13,5,Online,8,9968,2544631.04,1589098.56,955532.48,2011-01-25,2011-03-13,2011-03-13,6fe59b987043dbea505a1145ada9add3,2011-03-13,2011-03-13,
670,739601600,L,2011-01-26,2011-03-10,124,Online,7,3404,700202.8,398642.44,301560.36,2011-01-26,2011-03-10,2011-03-10,78d69017ba58a93733eddd1132d3cac8,2011-03-10,2011-03-10,
671,286354625,C,2011-01-26,2011-03-11,83,Offline,3,7552,617224.96,427971.84,189253.12,2011-01-26,2011-03-11,2011-03-11,cec3165244cacfa8f7b2441d13e35ee8,2011-03-11,2011-03-11,
672,878614270,M,2011-01-27,2011-02-17,145,Online,10,342,149522.4,90058.86,59463.54,2011-01-27,2011-02-17,2011-02-17,a1679a915029ce147f7ab2e0d6f51533,2011-02-17,2011-02-17,
673,815917098,M,2011-01-28,2011-02-13,138,Online,10,6856,2997443.2,1805390.48,1192052.72,2011-01-28,2011-02-13,2011-02-13,a2b1665ae9d1f5482b9306d3a2d7e1bc,2011-02-13,2011-02-13,
674,373021304,H,2011-01-29,2011-02-12,10,Online,1,4148,38700.84,28704.16,9996.68,2011-01-29,2011-02-12,2011-02-12,f311a22a421397a73b7c55bb7327131f,2011-02-12,2011-02-12,
675,784627521,H,2011-01-29,2011-02-25,51,Online,2,7574,359386.3,240777.46,118608.84,2011-01-29,2011-02-25,2011-02-25,700dfcf81f1b4aeb2a22291c153159dd,2011-02-25,2011-02-25,
676,291904437,L,2011-01-29,2011-03-11,176,Offline,3,9865,806266.45,559049.55,247216.9,2011-01-29,2011-03-11,2011-03-11,6abf9efef4bbe2b4052c9ff7bb7c31b3,2011-03-11,2011-03-11,
677,298044335,M,2011-01-30,2011-02-13,47,Online,9,6797,2867586.33,2478797.93,388788.4,2011-01-30,2011-02-13,2011-02-13,814599ae92a77376d0a6dce9a82f0039,2011-02-13,2011-02-13,
678,582563626,M,2011-01-31,2011-02-19,127,Online,12,2378,1589146.06,1195040.12,394105.94,2011-01-31,2011-02-19,2011-02-19,16d728294d634ccc97c3f2f336cd109d,2011-02-19,2011-02-19,
679,391440999,L,2011-01-31,2011-03-05,112,Offline,2,4945,234640.25,157201.55,77438.7,2011-01-31,2011-03-05,2011-03-05,f897ee18f3eb563ba4eb242e5dabfda7,2011-03-05,2011-03-05,
680,515773189,H,2011-02-01,2011-02-17,33,Offline,9,7603,3207629.67,2772738.07,434891.6,2011-02-01,2011-02-17,2011-02-17,98787b6c0dfa54ad15a177869132e2c6,2011-02-17,2011-02-17,
681,977324712,H,2011-02-01,2011-03-10,79,Online,5,955,145713.9,93055.2,52658.7,2011-02-01,2011-03-10,2011-03-10,e236518739e2c16f16df46328d7344e5,2011-03-10,2011-03-10,
682,719293630,M,2011-02-02,2011-02-25,101,Offline,11,3824,2490227.04,2007447.04,482780,2011-02-02,2011-02-25,2011-02-25,0f67250f962bf8ff400fd9cdd994999a,2011-02-25,2011-02-25,
683,263882005,M,2011-02-03,2011-02-27,45,Online,2,7404,351319.8,235373.16,115946.64,2011-02-03,2011-02-27,2011-02-27,3ea405abf288722e027f28ecd27b7773,2011-02-27,2011-02-27,
685,833274638,M,2011-02-04,2011-02-13,135,Online,9,3337,1407846.93,1216970.53,190876.4,2011-02-04,2011-02-13,2011-02-13,57857394dc4e8f1f64c391f44c476e6c,2011-02-13,2011-02-13,
686,733502042,C,2011-02-04,2011-02-22,151,Online,9,8409,3547673.01,3066678.21,480994.8,2011-02-04,2011-02-22,2011-02-22,21b5c0493453cf56210dd7252f50bdad,2011-02-22,2011-02-22,
687,985039174,H,2011-02-04,2011-03-10,101,Online,2,3836,182018.2,121946.44,60071.76,2011-02-04,2011-03-10,2011-03-10,0e5f78d1e97d16d36c43f76aad290e6c,2011-03-10,2011-03-10,
688,575479590,L,2011-02-04,2011-03-22,34,Online,5,6054,923719.32,589901.76,333817.56,2011-02-04,2011-03-22,2011-03-22,465a065925b5151e7180efb88b4b780f,2011-03-22,2011-03-22,
689,344762837,L,2011-02-04,2011-03-24,184,Offline,5,1840,280747.2,179289.6,101457.6,2011-02-04,2011-03-24,2011-03-24,077a0b2e41ef00262271ac9278587003,2011-03-24,2011-03-24,
690,473542344,H,2011-02-05,2011-02-09,129,Online,5,558,85139.64,54371.52,30768.12,2011-02-05,2011-02-09,2011-02-09,aaefd2602fe59edae60b1b4ad0761323,2011-02-09,2011-02-09,
691,521086966,L,2011-02-06,2011-02-19,156,Offline,4,68,7431.04,2437.12,4993.92,2011-02-06,2011-02-19,2011-02-19,e78a2521cdfabf2c6229409a8ef1a075,2011-02-19,2011-02-19,
692,716184842,H,2011-02-07,2011-03-02,115,Offline,9,3865,1630604.85,1409526.85,221078,2011-02-07,2011-03-02,2011-03-02,35401e26bbc33c87ef52345fc940219b,2011-03-02,2011-03-02,
693,898884904,M,2011-02-08,2011-02-20,65,Offline,7,8873,1825176.1,1039117.03,786059.07,2011-02-08,2011-02-20,2011-02-20,3669728c463dd1f3704006eccd8da8ff,2011-02-20,2011-02-20,
694,348029983,L,2011-02-09,2011-03-02,55,Offline,9,8661,3653989.29,3158580.09,495409.2,2011-02-09,2011-03-02,2011-03-02,3d681ea4daf68b4142924e1a06628cf2,2011-03-02,2011-03-02,
695,863502061,C,2011-02-09,2011-03-05,86,Online,9,8304,3503374.56,3028385.76,474988.8,2011-02-09,2011-03-05,2011-03-05,5ac9a29425fac2770bf34ddd70403d0d,2011-03-05,2011-03-05,
696,206616628,M,2011-02-09,2011-03-24,130,Offline,12,1306,872760.62,656317.24,216443.38,2011-02-09,2011-03-24,2011-03-24,4824f3c780d50e85f8f966c29c70a26c,2011-03-24,2011-03-24,
697,649276387,M,2011-02-09,2011-03-26,110,Online,2,4166,197676.7,132437.14,65239.56,2011-02-09,2011-03-26,2011-03-26,78b1a9d4e23933c935d7056c89855603,2011-03-26,2011-03-26,
698,942454278,M,2011-02-09,2011-03-29,145,Online,10,2019,882706.8,531663.27,351043.53,2011-02-09,2011-03-29,2011-03-29,95698a1337bf5aba324faf05c2fad9df,2011-03-29,2011-03-29,
699,175209033,L,2011-02-10,2011-03-10,39,Online,8,7101,1812743.28,1132041.42,680701.86,2011-02-10,2011-03-10,2011-03-10,447888b38a68db318ea0e31f68c62888,2011-03-10,2011-03-10,
700,771561944,M,2011-02-11,2011-02-15,176,Online,5,1180,180044.4,114979.2,65065.2,2011-02-11,2011-02-15,2011-02-15,d2a0a1366e326ae8c0053f50d824eaeb,2011-02-15,2011-02-15,
701,754952847,H,2011-02-11,2011-02-20,41,Offline,7,6179,1271020.3,723622.69,547397.61,2011-02-11,2011-02-20,2011-02-20,da7608faabab04487e87b98efb68e747,2011-02-20,2011-02-20,
702,627629888,H,2011-02-13,2011-02-14,47,Offline,2,8486,402660.7,269769.94,132890.76,2011-02-13,2011-02-14,2011-02-14,7dfef5ad7cf15511f1c6f682dff13d3d,2011-02-14,2011-02-14,
703,151751935,C,2011-02-13,2011-02-23,106,Online,7,5625,1157062.5,658743.75,498318.75,2011-02-13,2011-02-23,2011-02-23,cfa9a93823323ae72175508d46561f27,2011-02-23,2011-02-23,
704,295211923,L,2011-02-13,2011-02-25,60,Online,3,8623,704757.79,488665.41,216092.38,2011-02-13,2011-02-25,2011-02-25,e88b8a175f818383c589dc1024f5489b,2011-02-25,2011-02-25,
705,741964948,C,2011-02-13,2011-02-26,155,Offline,7,2771,569994.7,324511.81,245482.89,2011-02-13,2011-02-26,2011-02-26,16f2122e493e54b26524e140f1590357,2011-02-26,2011-02-26,
706,203625857,C,2011-02-13,2011-03-03,49,Offline,7,6271,1289944.7,734396.81,555547.89,2011-02-13,2011-03-03,2011-03-03,4379b78e7b2abe6a186f1c2c61c7b240,2011-03-03,2011-03-03,
707,912503230,H,2011-02-13,2011-03-17,135,Online,1,8838,82458.54,61158.96,21299.58,2011-02-13,2011-03-17,2011-03-17,cfbccf0da695f55909748bf40b959033,2011-03-17,2011-03-17,
708,128766906,C,2011-02-13,2011-03-28,185,Offline,12,3844,2568829.88,1931763.76,637066.12,2011-02-13,2011-03-28,2011-03-28,0b6296d27abf054e3586111ec8d23d13,2011-03-28,2011-03-28,
709,675056493,C,2011-02-15,2011-03-23,135,Online,9,3072,1296046.08,1120327.68,175718.4,2011-02-15,2011-03-23,2011-03-23,2d0dcbe7ffcf5649ad7f17fa0f543c79,2011-03-23,2011-03-23,
710,587799727,L,2011-02-15,2011-03-27,137,Offline,8,1856,473799.68,295883.52,177916.16,2011-02-15,2011-03-27,2011-03-27,8d8860dd3f980c30add87cda18a0c7de,2011-03-27,2011-03-27,
711,980396163,H,2011-02-16,2011-02-24,92,Online,10,9866,4313415.2,2598013.78,1715401.42,2011-02-16,2011-02-24,2011-02-24,263fc5acb522f9ae33554535819f5ba7,2011-02-24,2011-02-24,
712,481533181,L,2011-02-16,2011-04-07,25,Online,2,5224,247878.8,166070.96,81807.84,2011-02-16,2011-04-07,2011-04-07,d1ab42ae66296a281fdad7929f3b6d81,2011-04-07,2011-04-07,
713,381524550,H,2011-02-17,2011-02-25,56,Offline,10,448,195865.6,117971.84,77893.76,2011-02-17,2011-02-25,2011-02-25,78147533de21b9c3d50565f386ff97a2,2011-02-25,2011-02-25,
714,261049592,L,2011-02-17,2011-03-12,113,Online,7,9230,1898611,1080925.3,817685.7,2011-02-17,2011-03-12,2011-03-12,7065852563d20d8d4ab32d2f05c04c1e,2011-03-12,2011-03-12,
715,928168189,H,2011-02-17,2011-03-15,54,Offline,7,4448,914953.6,520905.28,394048.32,2011-02-17,2011-03-15,2011-03-15,749ed320fa641ce2ddd7e60adbcc2e33,2011-03-15,2011-03-15,
716,134316718,L,2011-02-17,2011-03-30,110,Offline,4,6157,672836.96,220666.88,452170.08,2011-02-17,2011-03-30,2011-03-30,075c9065e8a6c2c560d7e3e3812c87d4,2011-03-30,2011-03-30,
717,100744473,L,2011-02-18,2011-03-16,128,Online,7,1383,284483.1,161963.13,122519.97,2011-02-18,2011-03-16,2011-03-16,2ca1a663a2693bf177bf1b97b34309cf,2011-03-16,2011-03-16,
718,495269525,C,2011-02-20,2011-04-06,142,Offline,9,113,47673.57,41209.97,6463.6,2011-02-20,2011-04-06,2011-04-06,8ef936a71cba8ffaff300ce39a582683,2011-04-06,2011-04-06,
719,759086453,L,2011-02-21,2011-02-27,84,Online,12,9405,6285079.35,4726388.7,1558690.65,2011-02-21,2011-02-27,2011-02-27,e6ea44107caf28c15b7d3ceefda51a3c,2011-02-27,2011-02-27,
720,677851569,M,2011-02-22,2011-03-02,23,Offline,12,198,132317.46,99502.92,32814.54,2011-02-22,2011-03-02,2011-03-02,8d3b61263a4050a7f36ef970e8e81062,2011-03-02,2011-03-02,
721,912543570,H,2011-02-23,2011-03-25,68,Offline,3,776,63422.48,43975.92,19446.56,2011-02-23,2011-03-25,2011-03-25,8fe99caf66ec1e1145398c1c416cb1eb,2011-03-25,2011-03-25,
722,958159577,L,2011-02-23,2011-04-04,105,Online,1,9566,89250.78,66196.72,23054.06,2011-02-23,2011-04-04,2011-04-04,8ebae100a62a30aef7327618804d4dc5,2011-04-04,2011-04-04,
723,309342658,C,2011-02-25,2011-03-28,23,Online,3,222,18144.06,12580.74,5563.32,2011-02-25,2011-03-28,2011-03-28,bb7c43e9601480b8d4e7a445cd93dc88,2011-03-28,2011-03-28,
724,681354749,L,2011-02-25,2011-03-29,59,Offline,7,6866,1412336.2,804077.26,608258.94,2011-02-25,2011-03-29,2011-03-29,22f13f00eccfe804df346a08810c8907,2011-03-29,2011-03-29,
726,535612094,H,2011-02-26,2011-03-03,31,Online,1,8376,78148.08,57961.92,20186.16,2011-02-26,2011-03-03,2011-03-03,38d04feca3299a9232e7ec971be20858,2011-03-03,2011-03-03,
727,668720901,H,2011-02-26,2011-03-09,178,Offline,10,8230,3598156,2167205.9,1430950.1,2011-02-26,2011-03-09,2011-03-09,fb7f48540887b48b32a316a915445d04,2011-03-09,2011-03-09,
728,500229251,L,2011-02-26,2011-03-15,35,Online,12,7806,5216515.62,3922827.24,1293688.38,2011-02-26,2011-03-15,2011-03-15,b380b8241797b124406793b6435a17b0,2011-03-15,2011-03-15,
729,762117564,M,2011-02-26,2011-03-28,155,Online,3,6378,521273.94,361441.26,159832.68,2011-02-26,2011-03-28,2011-03-28,506c9a0bb01edf7a76fb214b77abc6ff,2011-03-28,2011-03-28,
730,188631665,H,2011-02-26,2011-04-13,126,Online,4,9156,1000567.68,328151.04,672416.64,2011-02-26,2011-04-13,2011-04-13,c1ea7177df6ac7e4242f51fdae4b489e,2011-04-13,2011-04-13,
731,134121024,L,2011-02-28,2011-04-08,164,Online,6,8246,1270378.76,749808.78,520569.98,2011-02-28,2011-04-08,2011-04-08,eecd71cef4d56efa5a76826c0b321262,2011-04-08,2011-04-08,
732,202604043,L,2011-02-28,2011-04-10,107,Online,7,3893,800790.1,455909.23,344880.87,2011-02-28,2011-04-10,2011-04-10,b85c96269d2aadfcba8a2d872bf0b32a,2011-04-10,2011-04-10,
733,196346127,H,2011-02-28,2011-04-12,11,Online,5,2037,310805.46,198485.28,112320.18,2011-02-28,2011-04-12,2011-04-12,797a7ee5ad97f8c94e62ec983ffd7a18,2011-04-12,2011-04-12,
734,672106063,L,2011-03-01,2011-03-10,132,Offline,1,9975,93066.75,69027,24039.75,2011-03-01,2011-03-10,2011-03-10,e1c156d3489cb87065c2f89adff56fb1,2011-03-10,2011-03-10,
735,541279923,M,2011-03-01,2011-03-29,41,Offline,12,5613,3750999.51,2820757.02,930242.49,2011-03-01,2011-03-29,2011-03-29,66430f6977828a42569cdbaf60233157,2011-03-29,2011-03-29,
736,622042739,H,2011-03-02,2011-03-28,89,Online,10,5124,2240212.8,1349302.92,890909.88,2011-03-02,2011-03-28,2011-03-28,aaab1ecad203eaddf4e37f11522d837b,2011-03-28,2011-03-28,
737,832057130,C,2011-03-02,2011-04-02,160,Online,10,3050,1333460,803156.5,530303.5,2011-03-02,2011-04-02,2011-04-02,d357ac155ae37718ec0c0e6cdd4ffaca,2011-04-02,2011-04-02,
738,418404281,M,2011-03-02,2011-04-15,11,Offline,5,3979,607115.82,387713.76,219402.06,2011-03-02,2011-04-15,2011-04-15,9c7e41166729407de1a060b37f0b12b7,2011-04-15,2011-04-15,
739,339334046,M,2011-03-02,2011-04-16,156,Offline,5,5340,814777.2,520329.6,294447.6,2011-03-02,2011-04-16,2011-04-16,46f10c4aa7d5a75ba7974b47630f4b7f,2011-04-16,2011-04-16,
740,488815915,M,2011-03-03,2011-04-17,144,Offline,5,347,52945.26,33811.68,19133.58,2011-03-03,2011-04-17,2011-04-17,92c44e9233d130f3e5510dafa45b6781,2011-04-17,2011-04-17,
741,272425591,L,2011-03-04,2011-03-21,134,Online,1,5641,52630.53,39035.72,13594.81,2011-03-04,2011-03-21,2011-03-21,a9c6a2b6e0ea0d9c63557db332f54bf7,2011-03-21,2011-03-21,
742,237042748,H,2011-03-05,2011-04-03,14,Online,12,5072,3389465.44,2548882.88,840582.56,2011-03-05,2011-04-03,2011-04-03,f8a4de2b09896653ea3e17f5ea540613,2011-04-03,2011-04-03,
743,157972514,H,2011-03-05,2011-04-04,19,Online,12,6432,4298312.64,3232337.28,1065975.36,2011-03-05,2011-04-04,2011-04-04,f98f1f2478100722510e32b18d343fa1,2011-04-04,2011-04-04,
744,508928191,L,2011-03-07,2011-03-19,57,Online,8,2016,514644.48,321390.72,193253.76,2011-03-07,2011-03-19,2011-03-19,a1d326f1b557cd5048eb8cc1887b03de,2011-03-19,2011-03-19,
745,866259801,M,2011-03-07,2011-03-25,143,Online,8,4380,1118126.4,698259.6,419866.8,2011-03-07,2011-03-25,2011-03-25,ecb718e0fee81c5203b1311ae41ec2f3,2011-03-25,2011-03-25,
746,992992675,M,2011-03-08,2011-03-09,30,Offline,6,7454,1148363.24,677792.22,470571.02,2011-03-08,2011-03-09,2011-03-09,d5fc3fcc54dad073593014e8048a64ff,2011-03-09,2011-03-09,
747,749760091,M,2011-03-08,2011-03-15,122,Online,4,9527,1041110.56,341447.68,699662.88,2011-03-08,2011-03-15,2011-03-15,5d3e685ec3745d0cff5d83f0a69501c7,2011-03-15,2011-03-15,
748,475355947,L,2011-03-08,2011-04-26,142,Offline,6,7243,1115856.58,658605.99,457250.59,2011-03-08,2011-04-26,2011-04-26,0e746fb55ddde108598d9206729329ef,2011-04-26,2011-04-26,
749,965796363,M,2011-03-09,2011-03-19,90,Online,1,9461,88271.13,65470.12,22801.01,2011-03-09,2011-03-19,2011-03-19,fbf49ff270cc8ee423ecb76d43e93ec3,2011-03-19,2011-03-19,
750,897195327,L,2011-03-09,2011-04-11,63,Offline,10,8890,3886708,2341003.7,1545704.3,2011-03-09,2011-04-11,2011-04-11,b02f2847704ff01c6c4093ae13c5e61a,2011-04-11,2011-04-11,
751,529040467,H,2011-03-10,2011-04-10,150,Offline,10,3686,1611519.2,970634.38,640884.82,2011-03-10,2011-04-10,2011-04-10,68013645935a631e40cbf798724c91bf,2011-04-10,2011-04-10,
752,765661084,C,2011-03-11,2011-03-12,151,Offline,6,4984,767835.04,453195.12,314639.92,2011-03-11,2011-03-12,2011-03-12,bbfac9521b301a00b11aece330e7696d,2011-03-12,2011-03-12,
753,614014565,L,2011-03-11,2011-03-13,174,Online,6,9410,1449704.6,855651.3,594053.3,2011-03-11,2011-03-13,2011-03-13,00ebec0d7f3d89d9a3bea6ece9ae7f7a,2011-03-13,2011-03-13,
754,813441741,M,2011-03-12,2011-03-22,3,Offline,7,4342,893149.4,508491.62,384657.78,2011-03-12,2011-03-22,2011-03-22,dee6eb3d62632681efcd08f8098ba432,2011-03-22,2011-03-22,
755,655301272,L,2011-03-12,2011-03-25,70,Offline,7,7064,1453064.8,827265.04,625799.76,2011-03-12,2011-03-25,2011-03-25,6c3ec68e79e3f488448028eb1b5fb10c,2011-03-25,2011-03-25,
756,977368056,M,2011-03-13,2011-03-18,53,Offline,5,3782,577057.56,368518.08,208539.48,2011-03-13,2011-03-18,2011-03-18,44b7ff030dc13deda7d6649c01092c16,2011-03-18,2011-03-18,
757,141875827,C,2011-03-13,2011-04-16,172,Online,12,3065,2048247.55,1540285.1,507962.45,2011-03-13,2011-04-16,2011-04-16,c28935370e0a69a71157ee692bbcd70f,2011-04-16,2011-04-16,
758,422301852,L,2011-03-13,2011-04-23,49,Online,12,7357,4916462.39,3697186.78,1219275.61,2011-03-13,2011-04-23,2011-04-23,ebfed312c82df239efe382dc5203fab8,2011-04-23,2011-04-23,
760,989411818,C,2011-03-15,2011-03-16,48,Offline,5,7799,1189971.42,759934.56,430036.86,2011-03-15,2011-03-16,2011-03-16,745ff9c66366aa43e3287d4a7b687d23,2011-03-16,2011-03-16,
761,575758969,H,2011-03-15,2011-03-29,147,Online,3,8729,713421.17,494672.43,218748.74,2011-03-15,2011-03-29,2011-03-29,c1337afe411c2a784c8cd9929adb48ee,2011-03-29,2011-03-29,
762,216144692,C,2011-03-15,2011-04-18,175,Online,1,873,8145.09,6041.16,2103.93,2011-03-15,2011-04-18,2011-04-18,d0f5cede7b07054bbed0c05a542e3f1b,2011-04-18,2011-04-18,
763,346498763,L,2011-03-18,2011-04-02,171,Online,6,5539,853338.34,503661.27,349677.07,2011-03-18,2011-04-02,2011-04-02,964d4642b6cf63c81bdb7d6c7521db1f,2011-04-02,2011-04-02,
764,254912698,C,2011-03-19,2011-04-08,71,Online,5,3187,486272.46,310541.28,175731.18,2011-03-19,2011-04-08,2011-04-08,572c9ace45b43d523a146dd671b2b9b7,2011-04-08,2011-04-08,
765,587212646,L,2011-03-20,2011-04-24,154,Offline,4,8126,888009.28,291235.84,596773.44,2011-03-20,2011-04-24,2011-04-24,2277b84922dcd48232344b76807525f8,2011-04-24,2011-04-24,
766,547736537,C,2011-03-20,2011-05-07,170,Online,2,6268,297416.6,199259.72,98156.88,2011-03-20,2011-05-07,2011-05-07,e01b659e1342b059e9089731bcd55c3f,2011-05-07,2011-05-07,
767,401993882,M,2011-03-21,2011-04-11,155,Offline,7,7778,1599934.6,910881.58,689053.02,2011-03-21,2011-04-11,2011-04-11,4e2d077fd13b28774e50cb3db9d95ee5,2011-04-11,2011-04-11,
768,917465960,C,2011-03-21,2011-04-14,71,Offline,7,7421,1526499.7,869073.31,657426.39,2011-03-21,2011-04-14,2011-04-14,ae7dc506b6a436fdc9dbd0f9d0ac2397,2011-04-14,2011-04-14,
769,326898896,H,2011-03-22,2011-05-07,83,Offline,8,5503,1404805.84,877288.26,527517.58,2011-03-22,2011-05-07,2011-05-07,38e64f46fce33f383f818a3fdcb524d4,2011-05-07,2011-05-07,
770,120977771,M,2011-03-23,2011-05-02,11,Online,1,8866,82719.78,61352.72,21367.06,2011-03-23,2011-05-02,2011-05-02,2727bb2305a5eef5aa1361797c2c56c9,2011-05-02,2011-05-02,
771,952140700,L,2011-03-24,2011-04-05,44,Offline,11,8447,5500770.87,4434337.12,1066433.75,2011-03-24,2011-04-05,2011-04-05,d691128e1ba5f7c1770f79f380aaf6fa,2011-04-05,2011-04-05,
772,948047435,M,2011-03-24,2011-04-06,1,Offline,10,7159,3129914.8,1885179.47,1244735.33,2011-03-24,2011-04-06,2011-04-06,45d5dc18feaf58bf18e9d0222f69410a,2011-04-06,2011-04-06,
773,744054925,C,2011-03-25,2011-03-31,158,Online,12,1242,829991.34,624154.68,205836.66,2011-03-25,2011-03-31,2011-03-31,8d56b53828db0c946ac3de97511f11f7,2011-03-31,2011-03-31,
774,941553485,L,2011-03-25,2011-04-09,73,Offline,10,5454,2384488.8,1436201.82,948286.98,2011-03-25,2011-04-09,2011-04-09,38fcf0a94903eab2ba8d0db496f463a3,2011-04-09,2011-04-09,
775,848156821,M,2011-03-25,2011-05-11,20,Offline,4,7306,798399.68,261847.04,536552.64,2011-03-25,2011-05-11,2011-05-11,3a710c3a1f5defc91c3898b38f52724a,2011-05-11,2011-05-11,
776,910263907,M,2011-03-26,2011-04-21,100,Offline,5,6173,941876.34,601497.12,340379.22,2011-03-26,2011-04-21,2011-04-21,3febbbe594ce5f9ea8b6343089ccd764,2011-04-21,2011-04-21,
777,552814280,M,2011-03-26,2011-05-10,150,Offline,9,8885,3748492.65,3240270.65,508222,2011-03-26,2011-05-10,2011-05-10,14db684d87f1eb577ee8bd12450d846b,2011-05-10,2011-05-10,
778,779201734,C,2011-03-26,2011-05-10,100,Online,9,1963,828170.07,715886.47,112283.6,2011-03-26,2011-05-10,2011-05-10,52ca7e2ec7b9524052a7acd57fad739f,2011-05-10,2011-05-10,
779,930730235,L,2011-03-27,2011-04-15,157,Offline,10,2614,1142840.8,688344.62,454496.18,2011-03-27,2011-04-15,2011-04-15,274d132dcc82bc7f7549368abde6589c,2011-04-15,2011-04-15,
780,176118838,M,2011-03-28,2011-04-17,81,Offline,2,6333,300500.85,201326.07,99174.78,2011-03-28,2011-04-17,2011-04-17,3ca60bfabb52674a681a4e86da920738,2011-04-17,2011-04-17,
781,242673242,M,2011-03-28,2011-04-20,98,Offline,6,1260,194115.6,114571.8,79543.8,2011-03-28,2011-04-20,2011-04-20,cb8045c19f23199e7ef3bd05be57d948,2011-04-20,2011-04-20,
782,932776868,H,2011-03-28,2011-05-10,170,Offline,4,8258,902434.24,295966.72,606467.52,2011-03-28,2011-05-10,2011-05-10,dec46ceb75b38c34ab1888b8ba28d4dc,2011-05-10,2011-05-10,
783,369170081,H,2011-03-29,2011-04-03,37,Offline,8,4486,1145186.08,715158.12,430027.96,2011-03-29,2011-04-03,2011-04-03,5d4099b7655d5ed77d2f0f870d7b0d2d,2011-04-03,2011-04-03,
784,219452178,C,2011-03-29,2011-04-03,68,Offline,1,9631,89857.23,66646.52,23210.71,2011-03-29,2011-04-03,2011-04-03,8b2fa191208c838e9e38616586160dec,2011-04-03,2011-04-03,
785,140499961,L,2011-03-29,2011-04-30,139,Online,3,5915,483432.95,335203.05,148229.9,2011-03-29,2011-04-30,2011-04-30,a5470f61e001ff9a346c43b9e3f96e75,2011-04-30,2011-04-30,
786,639126908,C,2011-03-30,2011-05-10,32,Online,7,710,146047,83148.1,62898.9,2011-03-30,2011-05-10,2011-05-10,b5a03feee1b45d39c4ad53a8b89054ff,2011-05-10,2011-05-10,
787,784751546,L,2011-03-30,2011-05-11,97,Online,9,4276,1804001.64,1559414.44,244587.2,2011-03-30,2011-05-11,2011-05-11,cce8503ada6658557e348044bda064c7,2011-05-11,2011-05-11,
788,890546023,H,2011-03-31,2011-05-02,69,Online,7,1213,249514.1,142054.43,107459.67,2011-03-31,2011-05-02,2011-05-02,ab326f27d42a044bca8157b0048b3fd8,2011-05-02,2011-05-02,
789,528295028,H,2011-04-03,2011-04-04,103,Online,1,3093,28857.69,21403.56,7454.13,2011-04-03,2011-04-04,2011-04-04,6aa1fd1fce40accbde9063d4b4487cc2,2011-04-04,2011-04-04,
790,717134988,H,2011-04-04,2011-04-17,16,Offline,4,5034,550115.52,180418.56,369696.96,2011-04-04,2011-04-17,2011-04-17,36fc3d7a6f28c411446b407be8bdd3c1,2011-04-17,2011-04-17,
791,808367002,H,2011-04-05,2011-05-08,85,Online,10,2614,1142840.8,688344.62,454496.18,2011-04-05,2011-05-08,2011-05-08,10f56fdedaf4247db853ff30a4d6fbe0,2011-05-08,2011-05-08,
792,556947886,L,2011-04-05,2011-05-17,34,Online,7,2111,434232.7,247219.21,187013.49,2011-04-05,2011-05-17,2011-05-17,ed77de1265971f0f9825bfd3e4488236,2011-05-17,2011-05-17,
793,787310588,H,2011-04-06,2011-04-21,128,Online,8,1554,396705.12,247738.68,148966.44,2011-04-06,2011-04-21,2011-04-21,b35c17f72346cc3dd68ce84d8bffcf0f,2011-04-21,2011-04-21,
794,161832749,M,2011-04-06,2011-05-25,179,Offline,5,8762,1336905.96,853769.28,483136.68,2011-04-06,2011-05-25,2011-05-25,4a07ba116856de65abec59be08d34704,2011-05-25,2011-05-25,
795,647943866,M,2011-04-07,2011-04-18,163,Online,4,9843,1075643.04,352773.12,722869.92,2011-04-07,2011-04-18,2011-04-18,3218108541d572e013b5f1a78eb6e610,2011-04-18,2011-04-18,
796,105039441,C,2011-04-09,2011-04-26,21,Offline,8,2360,602460.8,376231.2,226229.6,2011-04-09,2011-04-26,2011-04-26,d59d496ade1e6563fdc9f0563d31d7f8,2011-04-26,2011-04-26,
797,923922574,M,2011-04-09,2011-05-23,138,Offline,6,8076,1244188.56,734350.68,509837.88,2011-04-09,2011-05-23,2011-05-23,5b55dd287274e5bf013a7906921326be,2011-05-23,2011-05-23,
798,680571973,L,2011-04-10,2011-05-05,183,Online,11,5225,3402572.25,2742916,659656.25,2011-04-10,2011-05-05,2011-05-05,be053e1302c22d91c026f2466d8b7f17,2011-05-05,2011-05-05,
799,842687690,H,2011-04-10,2011-05-26,140,Offline,6,8869,1366358.14,806458.17,559899.97,2011-04-10,2011-05-26,2011-05-26,ff32432f931bcea552eb5b4927fbdd94,2011-05-26,2011-05-26,
800,264636456,H,2011-04-11,2011-04-24,158,Offline,4,663,72452.64,23761.92,48690.72,2011-04-11,2011-04-24,2011-04-24,fd62ee19b75d15ae08a6a3788e3b2270,2011-04-24,2011-04-24,
801,884092414,C,2011-04-11,2011-05-13,176,Offline,11,1447,942300.87,759617.12,182683.75,2011-04-11,2011-05-13,2011-05-13,564ff50aa5ec582ced379cd6ac4c60b3,2011-05-13,2011-05-13,
802,898418843,H,2011-04-12,2011-04-14,141,Offline,5,955,145713.9,93055.2,52658.7,2011-04-12,2011-04-14,2011-04-14,ed0ccf19729ef5815abd286d0b06d881,2011-04-14,2011-04-14,
803,892042911,H,2011-04-13,2011-05-12,172,Offline,10,4175,1825310,1099402.75,725907.25,2011-04-13,2011-05-12,2011-05-12,db1a8d6d08bbefdf3a62529969abee96,2011-05-12,2011-05-12,
804,364055001,L,2011-04-13,2011-05-13,60,Offline,12,820,547981.4,412082.8,135898.6,2011-04-13,2011-05-13,2011-05-13,78b140d5b7fbf8fcf2a408e1f19e0430,2011-05-13,2011-05-13,
805,305569112,M,2011-04-14,2011-06-03,160,Offline,6,3545,546142.7,322346.85,223795.85,2011-04-14,2011-06-03,2011-06-03,426f7b1b797c5ff15a11069633f078bc,2011-06-03,2011-06-03,
806,114210450,M,2011-04-15,2011-04-28,6,Online,5,6265,955913.7,610461.6,345452.1,2011-04-15,2011-04-28,2011-04-28,6f7ef3451de2fecbb876281f4b38dc56,2011-04-28,2011-04-28,
807,673369920,M,2011-04-15,2011-05-12,109,Offline,1,3978,37114.74,27527.76,9586.98,2011-04-15,2011-05-12,2011-05-12,4b40eca649c72ec9c6730a7010d85121,2011-05-12,2011-05-12,
808,117949664,C,2011-04-17,2011-05-24,48,Offline,2,2782,132005.9,88439.78,43566.12,2011-04-17,2011-05-24,2011-05-24,1e41615ae533c6ebaa2c183bd642cce1,2011-05-24,2011-05-24,
809,982566821,M,2011-04-17,2011-06-05,90,Online,11,2212,1440476.52,1161211.52,279265,2011-04-17,2011-06-05,2011-06-05,b7414baec2ef92ed7459e1c0d3d9e276,2011-06-05,2011-06-05,
811,581193768,M,2011-04-18,2011-04-24,43,Online,5,7006,1068975.48,682664.64,386310.84,2011-04-18,2011-04-24,2011-04-24,511b8b9feb921c5572023861f4306de4,2011-04-24,2011-04-24,
812,321352088,M,2011-04-18,2011-05-06,174,Offline,3,4079,333376.67,231156.93,102219.74,2011-04-18,2011-05-06,2011-05-06,1d023ac028f77f1ac88f382d5f18ac54,2011-05-06,2011-05-06,
813,913729751,M,2011-04-18,2011-05-09,75,Online,9,1793,756448.77,653889.17,102559.6,2011-04-18,2011-05-09,2011-05-09,b2b9693d58e61791d69ec9d933f874a4,2011-05-09,2011-05-09,
814,637278974,H,2011-04-18,2011-05-26,2,Offline,11,3865,2516926.65,2028970.4,487956.25,2011-04-18,2011-05-26,2011-05-26,bde4848c96ef07d8dbcc21bb87db0452,2011-05-26,2011-05-26,
815,807581222,H,2011-04-19,2011-04-25,49,Offline,5,85,12969.3,8282.4,4686.9,2011-04-19,2011-04-25,2011-04-25,6d6dde23be94ea5ab9cd830f66933021,2011-04-25,2011-04-25,
816,129875409,L,2011-04-19,2011-04-26,90,Offline,3,1875,153243.75,106256.25,46987.5,2011-04-19,2011-04-26,2011-04-26,5a13849ec3de0db9097961b96b7c8367,2011-04-26,2011-04-26,
817,185960614,M,2011-04-20,2011-05-28,94,Offline,1,8733,81478.89,60432.36,21046.53,2011-04-20,2011-05-28,2011-05-28,f90cad29ef933b52926b3778db55a4d6,2011-05-28,2011-05-28,
818,220753371,C,2011-04-22,2011-04-23,83,Online,2,4683,222208.35,148872.57,73335.78,2011-04-22,2011-04-23,2011-04-23,525e32ec6fdc209d9ca01810688dc4e9,2011-04-23,2011-04-23,
819,819152915,H,2011-04-23,2011-04-24,140,Offline,11,4406,2869231.26,2312973.76,556257.5,2011-04-23,2011-04-24,2011-04-24,3b4c25f5daf9b15548cf68de0fab4ebe,2011-04-24,2011-04-24,
820,735989415,C,2011-04-23,2011-04-27,57,Offline,10,4478,1957781.6,1179191.74,778589.86,2011-04-23,2011-04-27,2011-04-27,758b60c6ea60542ab6f03f2cdec4332f,2011-04-27,2011-04-27,
821,788099372,H,2011-04-23,2011-05-05,183,Offline,5,4972,758627.76,484471.68,274156.08,2011-04-23,2011-05-05,2011-05-05,12f4978fed8de600fd9f0fdd6c0632e9,2011-05-05,2011-05-05,
822,278767192,L,2011-04-23,2011-05-25,8,Offline,4,2262,247191.36,81070.08,166121.28,2011-04-23,2011-05-25,2011-05-25,be16d648e52e6a135be9f01014308be4,2011-05-25,2011-05-25,
823,270580661,H,2011-04-23,2011-05-28,122,Offline,1,9685,90361.05,67020.2,23340.85,2011-04-23,2011-05-28,2011-05-28,7f7efa70095d92f30ee88160107384f5,2011-05-28,2011-05-28,
824,952025687,C,2011-04-24,2011-05-01,99,Offline,12,4412,2948407.24,2217206.48,731200.76,2011-04-24,2011-05-01,2011-05-01,c3382d9b4016a57ecc4ccfefe2cbcb03,2011-05-01,2011-05-01,
825,180923211,M,2011-04-24,2011-06-02,150,Online,8,8054,2056025.12,1283968.68,772056.44,2011-04-24,2011-06-02,2011-06-02,2c4a48098968b392ac79c6f7618b5396,2011-06-02,2011-06-02,
826,912313544,H,2011-04-25,2011-05-15,113,Offline,7,2706,556624.2,316899.66,239724.54,2011-04-25,2011-05-15,2011-05-15,a4bc740bf1f6ce0b71aff8dc0a8a62d6,2011-05-15,2011-05-15,
827,386254251,C,2011-04-26,2011-05-16,116,Offline,5,71,10833.18,6918.24,3914.94,2011-04-26,2011-05-16,2011-05-16,db864ddd71e767cf163eb6d8637d735f,2011-05-16,2011-05-16,
828,587846076,C,2011-04-26,2011-05-24,37,Online,3,5572,455399.56,315765.24,139634.32,2011-04-26,2011-05-24,2011-05-24,587b538fdb90875599f6c8d20c902ff5,2011-05-24,2011-05-24,
829,974420630,H,2011-04-26,2011-06-15,4,Offline,1,1573,14676.09,10885.16,3790.93,2011-04-26,2011-06-15,2011-06-15,fda68688434b06ca9320010926907d2a,2011-06-15,2011-06-15,
830,321628463,L,2011-04-27,2011-05-14,172,Online,12,5864,3918735.28,2946894.56,971840.72,2011-04-27,2011-05-14,2011-05-14,8019c0ca8d4930038322f755f48b022c,2011-05-14,2011-05-14,
831,111496055,M,2011-04-28,2011-06-04,180,Online,1,3015,28129.95,20863.8,7266.15,2011-04-28,2011-06-04,2011-06-04,24e1e94b2943295b7bbbca7b08df2b4f,2011-06-04,2011-06-04,
832,206821334,L,2011-04-29,2011-05-03,55,Online,2,1884,89395.8,59892.36,29503.44,2011-04-29,2011-05-03,2011-05-03,283669ffc770c4e74299c699a378c0e0,2011-05-03,2011-05-03,
833,181789672,C,2011-04-30,2011-05-13,48,Offline,2,4459,211579.55,141751.61,69827.94,2011-04-30,2011-05-13,2011-05-13,4df35bbef428792a975ba628ddcd1ac8,2011-05-13,2011-05-13,
834,109095370,C,2011-04-30,2011-06-06,130,Offline,3,2599,212416.27,147285.33,65130.94,2011-04-30,2011-06-06,2011-06-06,249a06d56744e64bfa045dd4e51ef095,2011-06-06,2011-06-06,
835,260623872,M,2011-05-01,2011-05-12,2,Online,10,3250,1420900,855822.5,565077.5,2011-05-01,2011-05-12,2011-05-12,f4824e17fc1dc167668233b3cd4edf4d,2011-05-12,2011-05-12,
836,187103450,M,2011-05-04,2011-05-14,180,Offline,1,6924,64600.92,47914.08,16686.84,2011-05-04,2011-05-14,2011-05-14,8ec84b7b09c6f0c1a93d72d14538ca5a,2011-05-14,2011-05-14,
837,827261769,H,2011-05-04,2011-05-26,73,Offline,2,3996,189610.2,127032.84,62577.36,2011-05-04,2011-05-26,2011-05-26,4e750bfbd91d9b46e36eb929fa68d534,2011-05-26,2011-05-26,
838,382555377,L,2011-05-04,2011-06-19,38,Online,8,5492,1401997.76,875534.64,526463.12,2011-05-04,2011-06-19,2011-06-19,d51896657a2ae1a43377fa4fae6f4749,2011-06-19,2011-06-19,
839,243070638,M,2011-05-05,2011-05-22,66,Offline,11,8858,5768418.18,4650095.68,1118322.5,2011-05-05,2011-05-22,2011-05-22,add39d4c183a9140dd0ca9f0e161e9b6,2011-05-22,2011-05-22,
840,384483993,L,2011-05-05,2011-06-19,94,Offline,6,6212,957020.72,564857.16,392163.56,2011-05-05,2011-06-19,2011-06-19,d464efbb3fb2d7a3dfc139c0ed7692ee,2011-06-19,2011-06-19,
841,380154693,H,2011-05-05,2011-06-20,27,Offline,6,5076,782008.56,461560.68,320447.88,2011-05-05,2011-06-20,2011-06-20,1196b453a73da56c6aaad23c00dc66a0,2011-06-20,2011-06-20,
842,217920958,H,2011-05-06,2011-06-25,5,Online,8,6509,1661617.52,1037664.78,623952.74,2011-05-06,2011-06-25,2011-06-25,2fe13f03b303d1a0230a9eea731ca699,2011-06-25,2011-06-25,
843,616775310,C,2011-05-07,2011-05-24,33,Offline,11,6375,4151463.75,3346620,804843.75,2011-05-07,2011-05-24,2011-05-24,68d09b8022ac9a7d13a5b701dffd79a0,2011-05-24,2011-05-24,
844,835094249,C,2011-05-07,2011-06-20,71,Offline,6,1801,277462.06,163764.93,113697.13,2011-05-07,2011-06-20,2011-06-20,776841dbafd73ca6e278da48f72f0876,2011-06-20,2011-06-20,
845,797310721,C,2011-05-08,2011-05-14,14,Offline,8,815,208053.2,129927.3,78125.9,2011-05-08,2011-05-14,2011-05-14,b0e86ceb31b088d2e89f1ed56a3e0394,2011-05-14,2011-05-14,
846,246573817,L,2011-05-08,2011-06-17,117,Offline,5,5527,843309.66,538550.88,304758.78,2011-05-08,2011-06-17,2011-06-17,c025940f0b2c5148925473a6a3ce0e5e,2011-06-17,2011-06-17,
847,146801221,M,2011-05-08,2011-06-26,123,Offline,5,598,91242.84,58269.12,32973.72,2011-05-08,2011-06-26,2011-06-26,a67b8d213ca2e0f566c79ab50249b5d2,2011-06-26,2011-06-26,
848,585249698,M,2011-05-09,2011-06-05,120,Online,11,7246,4718667.66,3803860.16,914807.5,2011-05-09,2011-06-05,2011-06-05,b753a0ad62ca1fbe239f05ea847c11fb,2011-06-05,2011-06-05,
849,296165072,L,2011-05-10,2011-06-02,87,Online,11,681,443474.01,357497.76,85976.25,2011-05-10,2011-06-02,2011-06-02,5a1cb77123f98d3acc5cb7a611fe4fdd,2011-06-02,2011-06-02,
850,566239917,C,2011-05-10,2011-06-12,82,Offline,2,1829,86786.05,58143.91,28642.14,2011-05-10,2011-06-12,2011-06-12,f143e447f2a5ff056beae4ce74b857de,2011-06-12,2011-06-12,
851,428919827,H,2011-05-11,2011-05-14,99,Online,6,5763,887847.78,524029.59,363818.19,2011-05-11,2011-05-14,2011-05-14,51c45c4e4fee777a5af91dd52f9992a2,2011-05-14,2011-05-14,
852,643027484,H,2011-05-11,2011-05-18,145,Online,9,4977,2099746.53,1815062.13,284684.4,2011-05-11,2011-05-18,2011-05-18,90a2440abfffda8da9950df399f3fd96,2011-05-18,2011-05-18,
853,229374635,M,2011-05-11,2011-05-31,69,Offline,1,5906,55102.98,40869.52,14233.46,2011-05-11,2011-05-31,2011-05-31,27073c3a11d4136a7815e021f1700adc,2011-05-31,2011-05-31,
854,300022304,L,2011-05-11,2011-06-02,135,Offline,8,2122,541704.16,338289.24,203414.92,2011-05-11,2011-06-02,2011-06-02,c50677e74aa4aa1619d0f072b3479649,2011-06-02,2011-06-02,
855,599104058,M,2011-05-12,2011-06-28,174,Online,6,7059,1087509.54,641874.87,445634.67,2011-05-12,2011-06-28,2011-06-28,967f03de8ae4264a7a1f2fffbfe1cc2a,2011-06-28,2011-06-28,
856,492837512,M,2011-05-13,2011-05-20,64,Offline,6,427,65783.62,38827.11,26956.51,2011-05-13,2011-05-20,2011-05-20,a26a66edcda02c34ff2ddf72387f1171,2011-05-20,2011-05-20,
857,804671132,H,2011-05-13,2011-06-10,109,Online,2,8924,423443.8,283693.96,139749.84,2011-05-13,2011-06-10,2011-06-10,052eb19a4ad9f4d24352aed9f26c07bf,2011-06-10,2011-06-10,
858,475992381,H,2011-05-14,2011-05-26,79,Online,4,5578,609563.84,199915.52,409648.32,2011-05-14,2011-05-26,2011-05-26,c3120c9b1f0594b3772f08f6e91c361c,2011-05-26,2011-05-26,
859,309901416,C,2011-05-14,2011-06-01,20,Offline,8,5570,1421909.6,887969.4,533940.2,2011-05-14,2011-06-01,2011-06-01,fa0af250097d9b8cb5e0a3ae0819a0b1,2011-06-01,2011-06-01,
860,866542184,C,2011-05-15,2011-05-22,7,Online,6,7944,1223852.64,722347.92,501504.72,2011-05-15,2011-05-22,2011-05-22,f090e8461ee392cf1ef272ff4cfa9e2c,2011-05-22,2011-05-22,
861,436280238,H,2011-05-15,2011-06-10,60,Offline,1,3872,36125.76,26794.24,9331.52,2011-05-15,2011-06-10,2011-06-10,241006d4cf0a3242fe912e9237405516,2011-06-10,2011-06-10,
862,126729285,M,2011-05-15,2011-06-13,109,Offline,2,867,41139.15,27561.93,13577.22,2011-05-15,2011-06-13,2011-06-13,6e3fd836316880bd9ac2389b008045fb,2011-06-13,2011-06-13,
863,194858253,L,2011-05-17,2011-05-22,79,Online,3,1742,142373.66,98719.14,43654.52,2011-05-17,2011-05-22,2011-05-22,f4f8562abde032247c30b7f13500e5f4,2011-05-22,2011-05-22,
864,861976850,H,2011-05-17,2011-05-25,37,Offline,3,6960,568840.8,394423.2,174417.6,2011-05-17,2011-05-25,2011-05-25,946fc8dc305fc8080da38ed3f807273b,2011-05-25,2011-05-25,
865,637636029,H,2011-05-17,2011-06-19,53,Online,10,9526,4164767.2,2508481.58,1656285.62,2011-05-17,2011-06-19,2011-06-19,6c8826b2b1b4c443f4033f85e3d741ff,2011-06-19,2011-06-19,
866,184389054,M,2011-05-17,2011-06-20,68,Offline,12,3674,2455223.98,1846331.96,608892.02,2011-05-17,2011-06-20,2011-06-20,baac652bdd395d9ca6d605a7a53bf781,2011-06-20,2011-06-20,
867,749806439,L,2011-05-17,2011-07-02,162,Offline,11,3243,2111874.03,1702445.28,409428.75,2011-05-17,2011-07-02,2011-07-02,7236ccf82db464084e48fb22e130113b,2011-07-02,2011-07-02,
868,151052844,M,2011-05-18,2011-06-07,177,Online,4,8748,955981.44,313528.32,642453.12,2011-05-18,2011-06-07,2011-06-07,c654ad9dd6e13fe4068eda00c7e93b16,2011-06-07,2011-06-07,
869,974147260,L,2011-05-18,2011-06-08,34,Offline,4,677,73982.56,24263.68,49718.88,2011-05-18,2011-06-08,2011-06-08,39ec4282d72a118bb2a2e53b073eda07,2011-06-08,2011-06-08,
870,427385604,H,2011-05-18,2011-06-15,141,Offline,9,1752,739151.28,638936.88,100214.4,2011-05-18,2011-06-15,2011-06-15,3e76c3a0e80500a9b3cfe46120d7364f,2011-06-15,2011-06-15,
871,186317670,M,2011-05-18,2011-06-21,105,Online,2,4394,208495.3,139685.26,68810.04,2011-05-18,2011-06-21,2011-06-21,0522536af3ada1b680a0c3f39759b478,2011-06-21,2011-06-21,
872,298488080,C,2011-05-18,2011-07-03,121,Online,10,8111,3546129.2,2135869.63,1410259.57,2011-05-18,2011-07-03,2011-07-03,53527070555274b17f5628d58b3573cb,2011-07-03,2011-07-03,
873,265033853,M,2011-05-19,2011-05-26,22,Offline,5,8261,1260463.38,804951.84,455511.54,2011-05-19,2011-05-26,2011-05-26,18b98c622db1caf2a98ee3071728bd5f,2011-05-26,2011-05-26,
874,790975129,H,2011-05-19,2011-06-20,9,Online,4,5973,652729.44,214072.32,438657.12,2011-05-19,2011-06-20,2011-06-20,59024583099d89782ef475882bb96845,2011-06-20,2011-06-20,
875,667981469,M,2011-05-21,2011-06-12,103,Online,9,9416,3972516.24,3433921.04,538595.2,2011-05-21,2011-06-12,2011-06-12,b58b75067fad8ec83593adeb8b19b2d4,2011-06-12,2011-06-12,
876,933963048,M,2011-05-21,2011-06-24,58,Offline,4,9275,1013572,332416,681156,2011-05-21,2011-06-24,2011-06-24,a4b3e06c0356edd7d83a804ae238e31c,2011-06-24,2011-06-24,
877,695059764,C,2011-05-21,2011-06-29,180,Offline,10,2485,1086442,654375.05,432066.95,2011-05-21,2011-06-29,2011-06-29,be38d98b8c40d3a6ee541348cfc1b9d0,2011-06-29,2011-06-29,
878,956594026,L,2011-05-22,2011-06-17,160,Offline,8,6285,1604434.8,1001954.7,602480.1,2011-05-22,2011-06-17,2011-06-17,a3b2db53e4e4933f9b1383a578cac69a,2011-06-17,2011-06-17,
879,709268176,M,2011-05-22,2011-06-25,132,Offline,1,7070,65963.1,48924.4,17038.7,2011-05-22,2011-06-25,2011-06-25,a4650564c8ca656056ed273327182259,2011-06-25,2011-06-25,
880,326904904,H,2011-05-22,2011-06-27,98,Offline,1,7281,67931.73,50384.52,17547.21,2011-05-22,2011-06-27,2011-06-27,fb3f6024bf50e3d0ff08ea062fbc73f7,2011-06-27,2011-06-27,
881,790149009,C,2011-05-23,2011-05-29,164,Online,10,1505,657986,396311.65,261674.35,2011-05-23,2011-05-29,2011-05-29,35d3b8443f4695a7d4ab747f6ce670af,2011-05-29,2011-05-29,
882,927351081,H,2011-05-23,2011-06-02,4,Offline,6,2647,407796.82,240691.71,167105.11,2011-05-23,2011-06-02,2011-06-02,4e91ab5944fe33119699fa8cd34fc2a5,2011-06-02,2011-06-02,
883,642123687,M,2011-05-25,2011-05-30,24,Online,2,7523,356966.35,239156.17,117810.18,2011-05-25,2011-05-30,2011-05-30,d40f3c2d2bb08a562480765eb5f2cf37,2011-05-30,2011-05-30,
884,234846770,C,2011-05-25,2011-07-06,40,Online,1,5233,48823.89,36212.36,12611.53,2011-05-25,2011-07-06,2011-07-06,d748ecf18389c6ba9629d9128f716fe6,2011-07-06,2011-07-06,
885,278062093,C,2011-05-27,2011-05-28,104,Offline,10,3607,1576980.4,949831.31,627149.09,2011-05-27,2011-05-28,2011-05-28,a501bde220ee7e795073d654ee65ee3a,2011-05-28,2011-05-28,
886,976470267,C,2011-05-27,2011-07-10,80,Online,9,8106,3419840.34,2956177.14,463663.2,2011-05-27,2011-07-10,2011-07-10,1889e420b6ef8ca00db8ccb2d3c15112,2011-07-10,2011-07-10,
887,150975167,H,2011-05-28,2011-07-11,50,Offline,4,5762,629671.36,206510.08,423161.28,2011-05-28,2011-07-11,2011-07-11,bb279c5e83bc17b890f0e9225afeb077,2011-07-11,2011-07-11,
888,974069583,M,2011-05-28,2011-07-12,7,Online,4,7690,840363.2,275609.6,564753.6,2011-05-28,2011-07-12,2011-07-12,2bfd3e86dcf59a1906fa64561d333a88,2011-07-12,2011-07-12,
889,606032741,M,2011-05-29,2011-06-15,83,Online,7,7410,1524237,867785.1,656451.9,2011-05-29,2011-06-15,2011-06-15,cb82336fd731e24d8954c229066cb249,2011-06-15,2011-06-15,
890,171677529,M,2011-05-29,2011-07-05,29,Online,4,2051,224133.28,73507.84,150625.44,2011-05-29,2011-07-05,2011-07-05,a3b368aa372c99c1bc24f58c4d03d9ea,2011-07-05,2011-07-05,
891,389878451,L,2011-05-29,2011-07-07,102,Online,1,2553,23819.49,17666.76,6152.73,2011-05-29,2011-07-07,2011-07-07,235d91726731bf3eab7de7021943de35,2011-07-07,2011-07-07,
892,296363770,C,2011-05-29,2011-07-13,39,Offline,9,9480,3999517.2,3457261.2,542256,2011-05-29,2011-07-13,2011-07-13,3fea6308579fb30992a47eb1920b1e73,2011-07-13,2011-07-13,
893,570413863,L,2011-05-30,2011-06-28,47,Offline,5,6993,1066991.94,681397.92,385594.02,2011-05-30,2011-06-28,2011-06-28,95956ba84e3340174584d30695ee005e,2011-06-28,2011-06-28,
894,171441495,H,2011-05-30,2011-07-06,14,Online,8,2203,562381.84,351202.26,211179.58,2011-05-30,2011-07-06,2011-07-06,db3676f434b531d6b03c16a96afb50b0,2011-07-06,2011-07-06,
895,231383931,C,2011-05-31,2011-06-16,142,Offline,10,502,219474.4,132191.66,87282.74,2011-05-31,2011-06-16,2011-06-16,18c28f72590014ff3db50fd222e95e3c,2011-06-16,2011-06-16,
896,977572762,M,2011-05-31,2011-06-17,151,Online,10,4359,1905754.8,1147855.47,757899.33,2011-05-31,2011-06-17,2011-06-17,3d1dd5e6946398a3b2a3b6fe3843a41d,2011-06-17,2011-06-17,
897,285186469,C,2011-06-02,2011-06-25,22,Online,6,1869,287938.14,169948.17,117989.97,2011-06-02,2011-06-25,2011-06-25,06c2ab2c367bae99474c9308a53451f1,2011-06-25,2011-06-25,
898,118859469,L,2011-06-02,2011-07-01,185,Offline,5,2013,307143.54,196146.72,110996.82,2011-06-02,2011-07-01,2011-07-01,6653124dc3f8ec712e63a1be4d631233,2011-07-01,2011-07-01,
899,819314277,H,2011-06-02,2011-07-17,120,Online,4,2156,235607.68,77271.04,158336.64,2011-06-02,2011-07-17,2011-07-17,c43eb36966bd00a3c769288938987325,2011-07-17,2011-07-17,
900,162192809,H,2011-06-03,2011-06-17,57,Online,10,5311,2321969.2,1398545.63,923423.57,2011-06-03,2011-06-17,2011-06-17,a473b67a1026047e8a497441a63efce0,2011-06-17,2011-06-17,
901,526018369,M,2011-06-03,2011-06-21,33,Online,10,9379,4100498.8,2469772.07,1630726.73,2011-06-03,2011-06-21,2011-06-21,7b1b7aac88660ba54e3d4266b8124b58,2011-06-21,2011-06-21,
902,305416762,L,2011-06-04,2011-06-20,129,Online,2,8462,401521.9,269006.98,132514.92,2011-06-04,2011-06-20,2011-06-20,3ea87517cb1dce5d918f064ce19ea92f,2011-06-20,2011-06-20,
903,432031619,H,2011-06-05,2011-06-29,11,Online,2,6612,313739.4,210195.48,103543.92,2011-06-05,2011-06-29,2011-06-29,a0f96039a74dbc21e9af01e4086fefe4,2011-06-29,2011-06-29,
904,196985566,L,2011-06-06,2011-07-03,7,Offline,2,1261,59834.45,40087.19,19747.26,2011-06-06,2011-07-03,2011-07-03,73de9e562f686959adbb96e89211f09c,2011-07-03,2011-07-03,
905,192892301,M,2011-06-06,2011-07-04,70,Offline,3,9973,815093.29,565169.91,249923.38,2011-06-06,2011-07-04,2011-07-04,8d1005f57b8b33877247d27d968859e4,2011-07-04,2011-07-04,
906,240672957,H,2011-06-06,2011-07-14,7,Online,6,9331,1437533.86,848467.83,589066.03,2011-06-06,2011-07-14,2011-07-14,bc6bd811a716ab5ea4e3d50a88b45a48,2011-07-14,2011-07-14,
907,610520398,L,2011-06-06,2011-07-15,143,Online,5,5408,825152.64,526955.52,298197.12,2011-06-06,2011-07-15,2011-07-15,bd777e9c24f46dc7072dc5843405c5ff,2011-07-15,2011-07-15,
908,980603873,H,2011-06-06,2011-07-17,19,Offline,7,1332,273992.4,155990.52,118001.88,2011-06-06,2011-07-17,2011-07-17,0c2ebf66d11162277560966eaac589ca,2011-07-17,2011-07-17,
909,756145036,L,2011-06-06,2011-07-17,135,Online,6,8974,1382534.44,816005.82,566528.62,2011-06-06,2011-07-17,2011-07-17,9ca49cc55cc32ef49a6d629abe9451e9,2011-07-17,2011-07-17,
910,967733991,M,2011-06-08,2011-06-28,158,Offline,11,2848,1854646.08,1495086.08,359560,2011-06-08,2011-06-28,2011-06-28,29ebe2e42a8552552aacac04b54630d6,2011-06-28,2011-06-28,
911,601861798,L,2011-06-08,2011-07-20,161,Offline,5,3136,478490.88,305571.84,172919.04,2011-06-08,2011-07-20,2011-07-20,45f87fa600ab3e36d8134c4c1cccf3fe,2011-07-20,2011-07-20,
912,547587192,M,2011-06-09,2011-07-14,185,Online,7,2073,426416.1,242769.03,183647.07,2011-06-09,2011-07-14,2011-07-14,a5ad337b1b7079061dd4f7f481d55dd6,2011-07-14,2011-07-14,
913,154872739,H,2011-06-09,2011-07-20,48,Online,3,9140,747012.2,517963.8,229048.4,2011-06-09,2011-07-20,2011-07-20,660353e6bc3e3a3dea3714ee567e85af,2011-07-20,2011-07-20,
914,755318915,H,2011-06-10,2011-06-25,23,Online,4,4507,492524.96,161530.88,330994.08,2011-06-10,2011-06-25,2011-06-25,3e4177463761f28c215e83968abff5d8,2011-06-25,2011-06-25,
915,580569350,M,2011-06-10,2011-07-03,138,Offline,2,2227,105671.15,70796.33,34874.82,2011-06-10,2011-07-03,2011-07-03,8625ee3fe9b5a474750650fcc2f6e600,2011-07-03,2011-07-03,
916,765552079,M,2011-06-10,2011-07-17,91,Offline,5,2727,416085.66,265718.88,150366.78,2011-06-10,2011-07-17,2011-07-17,9a99272525394e2bf068874a9acf668b,2011-07-17,2011-07-17,
917,520390880,M,2011-06-10,2011-07-24,172,Offline,7,4080,839256,477808.8,361447.2,2011-06-10,2011-07-24,2011-07-24,0b0ff079e06c15346a040595c497be10,2011-07-24,2011-07-24,
918,647005736,L,2011-06-11,2011-06-12,85,Online,7,2230,458711,261155.3,197555.7,2011-06-11,2011-06-12,2011-06-12,795595ede11344fcfaadc5bbabdd77d1,2011-06-12,2011-06-12,
919,908658015,H,2011-06-12,2011-06-25,158,Online,1,954,8900.82,6601.68,2299.14,2011-06-12,2011-06-25,2011-06-25,924b1d983e5f9e4192eed75522a3c336,2011-06-25,2011-06-25,
920,827541148,L,2011-06-12,2011-07-23,17,Offline,3,6670,545139.1,377988.9,167150.2,2011-06-12,2011-07-23,2011-07-23,8f6328acf71eee305ff067822ac8ab3d,2011-07-23,2011-07-23,
921,365989625,C,2011-06-13,2011-07-02,176,Online,1,3318,30956.94,22960.56,7996.38,2011-06-13,2011-07-02,2011-07-02,c9b7254f878c338881ca78cee61df482,2011-07-02,2011-07-02,
922,438683927,L,2011-06-13,2011-07-29,26,Online,3,5177,423116.21,293380.59,129735.62,2011-06-13,2011-07-29,2011-07-29,f5e298de8bded70ad045b51db0865cdd,2011-07-29,2011-07-29,
923,775077140,L,2011-06-15,2011-06-22,149,Offline,5,1404,214222.32,136805.76,77416.56,2011-06-15,2011-06-22,2011-06-22,aff3543ff9f4539ab91310f4ef7ade9d,2011-06-22,2011-06-22,
924,361424291,H,2011-06-15,2011-07-05,6,Online,9,2334,984691.26,851186.46,133504.8,2011-06-15,2011-07-05,2011-07-05,62cccae5748234748aa67132766bccc4,2011-07-05,2011-07-05,
925,367328155,L,2011-06-16,2011-07-30,147,Online,12,9419,6294435.13,4733424.26,1561010.87,2011-06-16,2011-07-30,2011-07-30,1367691eace3b55d360b9759387197bf,2011-07-30,2011-07-30,
926,244570529,M,2011-06-17,2011-07-21,31,Offline,10,2709,1184374.8,713360.97,471013.83,2011-06-17,2011-07-21,2011-07-21,512fda11395b3b73c7d8725de0582b3c,2011-07-21,2011-07-21,
927,358669555,C,2011-06-18,2011-08-03,44,Online,12,7147,4776125.69,3591653.38,1184472.31,2011-06-18,2011-08-03,2011-08-03,56a0e78df9ab5a217594c0f8ac7e6686,2011-08-03,2011-08-03,
928,682310903,L,2011-06-21,2011-07-03,129,Offline,3,9813,802016.49,556102.71,245913.78,2011-06-21,2011-07-03,2011-07-03,52c139e2ad1dfdab1256269c124a8da2,2011-07-03,2011-07-03,
929,426562488,C,2011-06-21,2011-07-14,1,Offline,9,8174,3448528.86,2980976.06,467552.8,2011-06-21,2011-07-14,2011-07-14,1529136aa85db41457a800d6b4e6e56b,2011-07-14,2011-07-14,
930,703131282,L,2011-06-21,2011-07-22,146,Online,8,1026,261917.28,163564.92,98352.36,2011-06-21,2011-07-22,2011-07-22,f5d6cce840e335d94b309570d2cbfba5,2011-07-22,2011-07-22,
931,486504924,L,2011-06-23,2011-06-25,7,Offline,12,6473,4325711.71,3252941.42,1072770.29,2011-06-23,2011-06-25,2011-06-25,d4f914e1f7bb479c843a3ebd7c29666a,2011-06-25,2011-06-25,
932,546565377,C,2011-06-24,2011-07-01,120,Offline,7,9696,1994467.2,1135498.56,858968.64,2011-06-24,2011-07-01,2011-07-01,ed4f490a15bcfd3a72e1fbd8da294d1b,2011-07-01,2011-07-01,
933,656689155,C,2011-06-24,2011-08-09,37,Offline,12,7769,5191789.63,3904233.26,1287556.37,2011-06-24,2011-08-09,2011-08-09,e2840034fe483dd1a84064231044e4b4,2011-08-09,2011-08-09,
934,392518174,M,2011-06-25,2011-07-03,30,Offline,6,3705,570792.3,336895.65,233896.65,2011-06-25,2011-07-03,2011-07-03,c13cd094d888880d4a2df9609a03e98a,2011-07-03,2011-07-03,
935,523580348,C,2011-06-25,2011-08-04,30,Online,4,7915,864951.2,283673.6,581277.6,2011-06-25,2011-08-04,2011-08-04,bb25809b8263807f730d819bb4f429d2,2011-08-04,2011-08-04,
936,797984492,M,2011-06-25,2011-08-13,16,Offline,10,199,87002.8,52402.67,34600.13,2011-06-25,2011-08-13,2011-08-13,b401e6a36b4e092f71abd9a9e59521fa,2011-08-13,2011-08-13,
937,866349494,C,2011-06-26,2011-07-22,64,Online,9,922,388982.58,336244.18,52738.4,2011-06-26,2011-07-22,2011-07-22,97ff1290e9dc4c12c8c8634d9bb380a2,2011-07-22,2011-07-22,
938,446438729,C,2011-06-26,2011-08-06,98,Online,8,9996,2551778.88,1593562.32,958216.56,2011-06-26,2011-08-06,2011-08-06,03e0264116ae4d151b6317a00f19d69b,2011-08-06,2011-08-06,
939,728793370,L,2011-06-27,2011-08-12,163,Offline,10,5009,2189934.8,1319019.97,870914.83,2011-06-27,2011-08-12,2011-08-12,4e6295b6d9707a12b2b30b51db1e0e70,2011-08-12,2011-08-12,
940,524918878,C,2011-06-28,2011-07-12,99,Online,7,4016,826091.2,470313.76,355777.44,2011-06-28,2011-07-12,2011-07-12,cc3a51f531e5febf6c45b86f3d4c406c,2011-07-12,2011-07-12,
941,369179093,M,2011-06-28,2011-07-14,109,Offline,5,7153,1091404.74,696988.32,394416.42,2011-06-28,2011-07-14,2011-07-14,74c8e9dc1841c606efd30cfbe1865b60,2011-07-14,2011-07-14,
942,813885486,C,2011-06-28,2011-08-10,162,Online,4,5656,618087.68,202711.04,415376.64,2011-06-28,2011-08-10,2011-08-10,3dc64982942c726867e6721733b87bb4,2011-08-10,2011-08-10,
943,944711625,H,2011-06-29,2011-07-23,178,Offline,6,18,2773.08,1636.74,1136.34,2011-06-29,2011-07-23,2011-07-23,6b3ec11ab7a54024afec27a8424460fb,2011-07-23,2011-07-23,
944,196122109,H,2011-06-30,2011-07-23,117,Online,3,5745,469538.85,325569.15,143969.7,2011-06-30,2011-07-23,2011-07-23,a392a0cbdc719e2e01bec0fc320b2ee6,2011-07-23,2011-07-23,
945,368589007,M,2011-06-30,2011-08-10,128,Online,8,2533,646624.24,403810.86,242813.38,2011-06-30,2011-08-10,2011-08-10,64c13b874cab813c1879bc21ffcc51da,2011-08-10,2011-08-10,
946,624101388,C,2011-07-01,2011-07-31,19,Offline,6,4324,666155.44,393181.32,272974.12,2011-07-01,2011-07-31,2011-07-31,29dfc00fef445b4e392749ec672bd0ee,2011-07-31,2011-07-31,
947,389291369,L,2011-07-01,2011-08-04,183,Offline,8,8822,2252080.16,1406403.24,845676.92,2011-07-01,2011-08-04,2011-08-04,01c545ecd92240ef8a3f60f0890b48ee,2011-08-04,2011-08-04,
948,539009273,C,2011-07-01,2011-08-04,21,Online,4,3677,401822.56,131783.68,270038.88,2011-07-01,2011-08-04,2011-08-04,15e6f2f77f429ed090ffc1ca8bd054c0,2011-08-04,2011-08-04,
949,437072026,M,2011-07-01,2011-08-13,111,Online,4,8180,893910.4,293171.2,600739.2,2011-07-01,2011-08-13,2011-08-13,25684d587fcae02bda92444e159eac14,2011-08-13,2011-08-13,
950,636381185,L,2011-07-02,2011-07-28,154,Online,7,8189,1684477.3,959013.79,725463.51,2011-07-02,2011-07-28,2011-07-28,617059939b856d6f195558f433084909,2011-07-28,2011-07-28,
951,185180842,M,2011-07-03,2011-07-04,103,Offline,1,7981,74462.73,55228.52,19234.21,2011-07-03,2011-07-04,2011-07-04,89c2ccd9ee7ae3cfaea74e25a9393b5a,2011-07-04,2011-07-04,
952,557192933,H,2011-07-03,2011-07-05,113,Online,4,4626,505529.28,165795.84,339733.44,2011-07-03,2011-07-05,2011-07-05,25d9216f3f354a0d4fbe84620337eeb3,2011-07-05,2011-07-05,
953,257757127,L,2011-07-04,2011-07-06,133,Online,1,4917,45875.61,34025.64,11849.97,2011-07-04,2011-07-06,2011-07-06,607a6e59424c768fb85413fb63f0b80a,2011-07-06,2011-07-06,
954,540347802,C,2011-07-04,2011-07-11,12,Offline,10,9777,4274504.4,2574577.41,1699926.99,2011-07-04,2011-07-11,2011-07-11,20f26f98faf247ebf2840a24f3396c5f,2011-07-11,2011-07-11,
955,850016772,H,2011-07-04,2011-08-03,20,Offline,5,7707,1175934.06,750970.08,424963.98,2011-07-04,2011-08-03,2011-08-03,62e9425255722c75a1362ab8510de7ee,2011-08-03,2011-08-03,
956,128741586,C,2011-07-04,2011-08-18,121,Offline,9,6351,2679423.39,2316146.19,363277.2,2011-07-04,2011-08-18,2011-08-18,0a0bb13926d3e7ddb0bfa61f5218ff0d,2011-08-18,2011-08-18,
957,735445678,H,2011-07-05,2011-07-22,172,Offline,2,3574,169586.3,113617.46,55968.84,2011-07-05,2011-07-22,2011-07-22,8aab1a5413c8ce42bbab529ec9ec91e7,2011-07-22,2011-07-22,
958,789484250,M,2011-07-05,2011-07-30,84,Online,5,4789,730705.62,466640.16,264065.46,2011-07-05,2011-07-30,2011-07-30,36475e5f66779f8ce10affdbefd387fc,2011-07-30,2011-07-30,
959,188920056,C,2011-07-05,2011-07-30,166,Online,6,4498,692961.88,409003.14,283958.74,2011-07-05,2011-07-30,2011-07-30,1a01801649a25bceed0a05da524715a3,2011-07-30,2011-07-30,
960,392676532,H,2011-07-05,2011-08-06,43,Offline,7,567,116631.9,66401.37,50230.53,2011-07-05,2011-08-06,2011-08-06,cffbddaec6ed4245ed4edd311f9d8d30,2011-08-06,2011-08-06,
961,427941358,C,2011-07-05,2011-08-20,135,Online,1,6212,57957.96,42987.04,14970.92,2011-07-05,2011-08-20,2011-08-20,713389f92b07fdb9bcee3d27421b650e,2011-08-20,2011-08-20,
962,219737565,L,2011-07-07,2011-07-21,121,Offline,10,4083,1785087.6,1075176.39,709911.21,2011-07-07,2011-07-21,2011-07-21,7501369cd8ba445c759861404b7cfc4c,2011-07-21,2011-07-21,
963,662397325,L,2011-07-07,2011-07-23,173,Offline,11,6943,4521351.03,3644797.28,876553.75,2011-07-07,2011-07-23,2011-07-23,985a70e2d32cd6578ad4d5c3f9f17f81,2011-07-23,2011-07-23,
964,909487140,L,2011-07-08,2011-07-17,176,Online,9,6310,2662125.9,2301193.9,360932,2011-07-08,2011-07-17,2011-07-17,6694c130b2e5cbdb494306baf67782b3,2011-07-17,2011-07-17,
965,886620128,C,2011-07-08,2011-07-25,23,Offline,11,9453,6155888.13,4962446.88,1193441.25,2011-07-08,2011-07-25,2011-07-25,ff91fe947ef0b70961c8f49edea91f07,2011-07-25,2011-07-25,
966,552037513,M,2011-07-08,2011-08-05,84,Online,7,9022,1855825.4,1056566.42,799258.98,2011-07-08,2011-08-05,2011-08-05,e17347948974afe4eea4a2e3bb50a383,2011-08-05,2011-08-05,
967,996861922,L,2011-07-08,2011-08-07,176,Online,6,2450,377447,222778.5,154668.5,2011-07-08,2011-08-07,2011-08-07,72ba4f80bb73677fd1a60be6e9a3b161,2011-08-07,2011-08-07,
968,605722033,L,2011-07-10,2011-07-20,17,Online,8,5465,1395105.2,871230.3,523874.9,2011-07-10,2011-07-20,2011-07-20,4bb4e6080d3292aa4a914ec16f13591f,2011-07-20,2011-07-20,
969,803102576,C,2011-07-10,2011-08-24,80,Offline,7,4754,977897.8,556740.94,421156.86,2011-07-10,2011-08-24,2011-08-24,a7573e5dff6e2add7124601f02ab4ade,2011-08-24,2011-08-24,
970,827780187,C,2011-07-11,2011-07-22,17,Offline,8,7407,1890858.96,1180823.94,710035.02,2011-07-11,2011-07-22,2011-07-22,aff88ff27e98aaf00da1c8ea6cb66616,2011-07-22,2011-07-22,
971,372722613,L,2011-07-11,2011-08-18,57,Offline,3,5759,470683.07,326362.53,144320.54,2011-07-11,2011-08-18,2011-08-18,9311cc6532dbfc429dd29050b8a0183f,2011-08-18,2011-08-18,
972,867138278,C,2011-07-12,2011-08-04,147,Offline,11,4341,2826902.61,2278851.36,548051.25,2011-07-12,2011-08-04,2011-08-04,d4e1d00658c6b43a3863ccd3eaee2945,2011-08-04,2011-08-04,
973,403304088,M,2011-07-13,2011-08-09,8,Online,12,5497,3673480.19,2762462.38,911017.81,2011-07-13,2011-08-09,2011-08-09,a26a2d4d8857618a653718e854f400ea,2011-08-09,2011-08-09,
974,956205642,C,2011-07-13,2011-08-25,182,Offline,5,1353,206440.74,131836.32,74604.42,2011-07-13,2011-08-25,2011-08-25,5f7b989bf089d56fff7f9ef57b309b30,2011-08-25,2011-08-25,
975,499101436,C,2011-07-13,2011-08-28,33,Offline,5,4061,619627.38,395703.84,223923.54,2011-07-13,2011-08-28,2011-08-28,8fbb7a5c48e3536781805e458d6d369d,2011-08-28,2011-08-28,
976,954040992,L,2011-07-14,2011-08-27,32,Offline,5,785,119775.3,76490.4,43284.9,2011-07-14,2011-08-27,2011-08-27,ebc229002f9bb96c60d0f4835e068408,2011-08-27,2011-08-27,
977,851867711,C,2011-07-15,2011-07-17,107,Online,7,5441,1119213.7,637195.51,482018.19,2011-07-15,2011-07-17,2011-07-17,fbf0af54cae179bfc269ab2e1e8efb94,2011-07-17,2011-07-17,
978,280192410,H,2011-07-16,2011-08-28,118,Online,7,4016,826091.2,470313.76,355777.44,2011-07-16,2011-08-28,2011-08-28,5287932142ccd74b49a41eb425f0d84b,2011-08-28,2011-08-28,
979,633312737,L,2011-07-17,2011-08-11,147,Offline,9,167,70455.63,60903.23,9552.4,2011-07-17,2011-08-11,2011-08-11,5636f5de60d4cce8c20a3070d1056bed,2011-08-11,2011-08-11,
980,999066913,C,2011-07-17,2011-08-14,120,Offline,12,4956,3311946.12,2490588.24,821357.88,2011-07-17,2011-08-14,2011-08-14,d8669acc0c3e97df697b5ceab48c0f50,2011-08-14,2011-08-14,
981,612610375,M,2011-07-17,2011-08-18,59,Offline,11,3878,2525392.38,2035794.88,489597.5,2011-07-17,2011-08-18,2011-08-18,52dbe11acf2ebef7bb2a4822033797b2,2011-08-18,2011-08-18,
982,861982858,M,2011-07-17,2011-09-04,108,Offline,5,8738,1333244.04,851430.72,481813.32,2011-07-17,2011-09-04,2011-09-04,3d476abbe509c6b096a9b01ed0e24864,2011-09-04,2011-09-04,
983,711792886,L,2011-07-19,2011-09-06,29,Online,3,4187,342203.51,237277.29,104926.22,2011-07-19,2011-09-06,2011-09-06,6405e65451a307b74863c218b0c7d0d1,2011-09-06,2011-09-06,
984,821916663,L,2011-07-20,2011-08-26,108,Online,10,2260,988072,595125.8,392946.2,2011-07-20,2011-08-26,2011-08-26,28dd5929cd6c5fbc4a168194bad7ddc9,2011-08-26,2011-08-26,
985,146375501,H,2011-07-20,2011-08-26,120,Offline,2,4618,219124.1,146806.22,72317.88,2011-07-20,2011-08-26,2011-08-26,da3ec32841d5da9bf03e3f77ff068740,2011-08-26,2011-08-26,
986,597103774,H,2011-07-21,2011-08-01,55,Online,6,5131,790481.86,466561.83,323920.03,2011-07-21,2011-08-01,2011-08-01,23e49c8ad00d5a6cf20961649c7f8926,2011-08-01,2011-08-01,
987,139763534,C,2011-07-21,2011-08-03,77,Offline,3,7990,653022.7,452793.3,200229.4,2011-07-21,2011-08-03,2011-08-03,a4295441c8860d99632db1b5cdaa3205,2011-08-03,2011-08-03,
988,359893071,H,2011-07-22,2011-08-06,23,Online,6,9212,1419200.72,837647.16,581553.56,2011-07-22,2011-08-06,2011-08-06,02c6e5a03538ec4c4a804489e2a45470,2011-08-06,2011-08-06,
989,459783685,H,2011-07-22,2011-08-23,35,Offline,4,9065,990623.2,324889.6,665733.6,2011-07-22,2011-08-23,2011-08-23,7929a954c0450d3347f0a364996f5bbe,2011-08-23,2011-08-23,
990,216551101,H,2011-07-22,2011-08-29,112,Online,10,1138,497533.6,299669.54,197864.06,2011-07-22,2011-08-29,2011-08-29,4bd2eefd0eb82c78731e1b36fd3c89d0,2011-08-29,2011-08-29,
991,393111264,M,2011-07-23,2011-07-26,168,Online,5,9214,1405872.12,897812.16,508059.96,2011-07-23,2011-07-26,2011-07-26,50bae574a5024f054461e29d114491a8,2011-07-26,2011-07-26,
992,638272464,M,2011-07-23,2011-09-09,106,Online,12,7861,5253270.47,3950466.94,1302803.53,2011-07-23,2011-09-09,2011-09-09,9549d59bfc7143f8a03659c48b7e0712,2011-09-09,2011-09-09,
993,313923013,C,2011-07-24,2011-08-23,73,Online,9,5650,2383678.5,2060498.5,323180,2011-07-24,2011-08-23,2011-08-23,83abded07ecf22bdde9d901babda8af4,2011-08-23,2011-08-23,
994,825065791,C,2011-07-24,2011-08-28,139,Offline,9,4157,1753796.73,1516016.33,237780.4,2011-07-24,2011-08-28,2011-08-28,ec7e1d9c5210a4eef703b411981a6d65,2011-08-28,2011-08-28,
995,259766423,H,2011-07-24,2011-09-11,113,Offline,10,9512,4158646.4,2504794.96,1653851.44,2011-07-24,2011-09-11,2011-09-11,57ca9c93a56f45840709159c967daca3,2011-09-11,2011-09-11,
996,918462455,H,2011-07-25,2011-07-28,29,Online,2,2305,109372.25,73275.95,36096.3,2011-07-25,2011-07-28,2011-07-28,3ddccfb2d3988e9a3adbad6f34db9d2d,2011-07-28,2011-07-28,
997,926767003,H,2011-07-25,2011-08-20,46,Offline,4,9806,1071599.68,351447.04,720152.64,2011-07-25,2011-08-20,2011-08-20,ee0540339b2164aeb97932ac87cc2bd4,2011-08-20,2011-08-20,
998,234262692,C,2011-07-27,2011-08-02,76,Offline,12,2391,1597833.57,1201573.14,396260.43,2011-07-27,2011-08-02,2011-08-02,b50cfd7dbc5fb648f127b3118685a103,2011-08-02,2011-08-02,
999,221628844,M,2011-07-28,2011-09-01,153,Offline,4,3755,410346.4,134579.2,275767.2,2011-07-28,2011-09-01,2011-09-01,344508f9a63c02bba199990e63149e93,2011-09-01,2011-09-01,
1000,396024358,L,2011-07-29,2011-07-30,31,Offline,11,1263,822478.23,663024.48,159453.75,2011-07-29,2011-07-30,2011-07-30,d0d88284a2d7bdc3530cf09f8a229c65,2011-07-30,2011-07-30,
1001,857457864,C,2011-07-29,2011-09-16,101,Online,11,9691,6310876.11,5087387.36,1223488.75,2011-07-29,2011-09-16,2011-09-16,8c007b71c38ece15851cee89bc8d2cc2,2011-09-16,2011-09-16,
1002,823885619,C,2011-07-30,2011-09-02,8,Offline,4,4918,537439.04,176261.12,361177.92,2011-07-30,2011-09-02,2011-09-02,9abce00b0a9878316729caeaba9a304c,2011-09-02,2011-09-02,
1003,794524657,L,2011-07-31,2011-09-13,157,Online,4,6357,694692.96,227834.88,466858.08,2011-07-31,2011-09-13,2011-09-13,16e60694827967eecfc8e7c248e3ae2b,2011-09-13,2011-09-13,
1004,995998466,H,2011-08-01,2011-08-27,53,Online,7,6934,1426323.8,812040.74,614283.06,2011-08-01,2011-08-27,2011-08-27,3807026f46ff2c25692b7d83b123944b,2011-08-27,2011-08-27,
1005,361862027,M,2011-08-02,2011-08-14,27,Offline,2,1870,88731.5,59447.3,29284.2,2011-08-02,2011-08-14,2011-08-14,4d466cd8fd18cc9a58a457ba0348ff36,2011-08-14,2011-08-14,
1006,251738250,L,2011-08-02,2011-08-26,97,Offline,6,3797,584965.82,345261.21,239704.61,2011-08-02,2011-08-26,2011-08-26,c3a1869dae9148e0e17f0ffa349154ab,2011-08-26,2011-08-26,
1007,342852246,C,2011-08-03,2011-08-22,162,Offline,6,6453,994149.18,586771.29,407377.89,2011-08-03,2011-08-22,2011-08-22,aa7ba1be26905c8ebbc0f717407044d4,2011-08-22,2011-08-22,
1008,216001355,H,2011-08-04,2011-08-15,119,Online,12,8456,5650891.12,4249478.24,1401412.88,2011-08-04,2011-08-15,2011-08-15,2266a6795db4ece6d09fc2c155795363,2011-08-15,2011-08-15,
1009,292788922,M,2011-08-04,2011-09-08,184,Online,6,1603,246958.18,145760.79,101197.39,2011-08-04,2011-09-08,2011-09-08,25653154dd174e4147a1cf137dbb304d,2011-09-08,2011-09-08,
1010,170031297,C,2011-08-05,2011-08-31,103,Online,5,4894,746726.52,476871.36,269855.16,2011-08-05,2011-08-31,2011-08-31,e2896d8ca6584cb76a2ae25d8209b2dc,2011-08-31,2011-08-31,
1011,828963363,H,2011-08-05,2011-09-06,52,Online,6,7535,1160842.1,685157.55,475684.55,2011-08-05,2011-09-06,2011-09-06,17c2af499714561d151fe22e2ebeb98d,2011-09-06,2011-09-06,
1012,681056058,M,2011-08-06,2011-08-11,8,Offline,9,8477,3576361.53,3091477.13,484884.4,2011-08-06,2011-08-11,2011-08-11,7e538ee16ceaf9a1fbd61e0ab64ab60d,2011-08-11,2011-08-11,
1013,454550588,C,2011-08-06,2011-09-06,172,Online,7,475,97707.5,55627.25,42080.25,2011-08-06,2011-09-06,2011-09-06,67bdffa54e29b66baf689d42724110eb,2011-09-06,2011-09-06,
1014,585494744,C,2011-08-06,2011-09-13,29,Offline,7,9761,2007837.7,1143110.71,864726.99,2011-08-06,2011-09-13,2011-09-13,3a283cbdec459bd94e319d19d6176cf4,2011-09-13,2011-09-13,
1015,263427960,H,2011-08-06,2011-09-20,94,Offline,1,3042,28381.86,21050.64,7331.22,2011-08-06,2011-09-20,2011-09-20,1e10b107d01087916d0c6c94d8e2fc24,2011-09-20,2011-09-20,
1016,552276551,L,2011-08-06,2011-09-24,84,Offline,9,9759,4117224.51,3559009.71,558214.8,2011-08-06,2011-09-24,2011-09-24,5efc0699cc07a4bc9559389e1d04761e,2011-09-24,2011-09-24,
1017,593681275,M,2011-08-07,2011-09-11,110,Online,3,2337,191003.01,132437.79,58565.22,2011-08-07,2011-09-11,2011-09-11,8476b26eedd234133c5117fd1cc71825,2011-09-11,2011-09-11,
1018,192190206,C,2011-08-08,2011-08-26,157,Online,12,2208,1475540.16,1109608.32,365931.84,2011-08-08,2011-08-26,2011-08-26,207a27f5634674fa6567db5e17a19c40,2011-08-26,2011-08-26,
1019,986159694,H,2011-08-08,2011-09-06,44,Offline,6,5423,835467.38,493113.39,342353.99,2011-08-08,2011-09-06,2011-09-06,e469a04f389db531a506305ec68cdd7e,2011-09-06,2011-09-06,
1020,125753819,M,2011-08-08,2011-09-18,102,Offline,3,2205,180214.65,124957.35,55257.3,2011-08-08,2011-09-18,2011-09-18,59458120236b5d4e200f3a69cac830aa,2011-09-18,2011-09-18,
1021,387406098,C,2011-08-09,2011-08-11,154,Online,4,928,101411.84,33259.52,68152.32,2011-08-09,2011-08-11,2011-08-11,3b3cccd9ef1d8a45bf4cfd80251f6cef,2011-08-11,2011-08-11,
1022,873871266,C,2011-08-09,2011-09-19,60,Offline,5,6782,1034797.56,660838.08,373959.48,2011-08-09,2011-09-19,2011-09-19,1b9bbd0797ac6f9f1a652f8891837880,2011-09-19,2011-09-19,
1023,819478642,C,2011-08-10,2011-08-18,20,Online,4,796,86986.88,28528.64,58458.24,2011-08-10,2011-08-18,2011-08-18,949ba442a5c457a7e0e777bb7f391174,2011-08-18,2011-08-18,
1024,407990443,L,2011-08-10,2011-08-31,107,Offline,11,2293,1493224.53,1203733.28,289491.25,2011-08-10,2011-08-31,2011-08-31,f422d24bc049401007dc824fcef362c0,2011-08-31,2011-08-31,
1025,541099250,L,2011-08-10,2011-09-06,85,Online,11,2147,1398147.87,1127089.12,271058.75,2011-08-10,2011-09-06,2011-09-06,244d49b6c6e4941a721c2c5d41ca493d,2011-09-06,2011-09-06,
1026,538698565,H,2011-08-11,2011-09-07,159,Offline,12,1731,1156775.37,869896.74,286878.63,2011-08-11,2011-09-07,2011-09-07,9d6f4e8a8babb958b9147afb6e59757f,2011-09-07,2011-09-07,
1027,958491313,L,2011-08-12,2011-09-18,89,Offline,5,7734,1180053.72,753600.96,426452.76,2011-08-12,2011-09-18,2011-09-18,2615630b40f13d96dcffe58e1ceb1daa,2011-09-18,2011-09-18,
1028,303534495,H,2011-08-13,2011-08-18,145,Offline,1,1457,13593.81,10082.44,3511.37,2011-08-13,2011-08-18,2011-08-18,92cda0ac0985751f1cae899a91de480b,2011-08-18,2011-08-18,
1029,105799901,C,2011-08-14,2011-09-29,89,Online,7,7397,1521562.9,866262.67,655300.23,2011-08-14,2011-09-29,2011-09-29,d2d5ef37e29f82bfb00147178812c354,2011-09-29,2011-09-29,
1031,354700314,M,2011-08-17,2011-08-29,111,Offline,8,2560,653516.8,408115.2,245401.6,2011-08-17,2011-08-29,2011-08-29,7ca2da098bdf56fb783e1c019f56e64d,2011-08-29,2011-08-29,
1032,448096978,L,2011-08-17,2011-09-18,31,Offline,11,708,461056.68,371671.68,89385,2011-08-17,2011-09-18,2011-09-18,4d894b69c88053a978781dd847d79c6a,2011-09-18,2011-09-18,
1033,917835032,C,2011-08-17,2011-10-06,94,Offline,6,6637,1022496.22,603502.41,418993.81,2011-08-17,2011-10-06,2011-10-06,415502c8c3e3472b17506556dd6369a3,2011-10-06,2011-10-06,
1034,609976661,C,2011-08-18,2011-08-20,112,Online,3,4504,368111.92,255241.68,112870.24,2011-08-18,2011-08-20,2011-08-20,d1705f2c56d73b9184ddb7b7036239d8,2011-08-20,2011-08-20,
1035,454236876,M,2011-08-18,2011-08-22,126,Offline,6,7641,1177172.46,694796.13,482376.33,2011-08-18,2011-08-22,2011-08-22,a3a0d9043b0cdf9a5719fd79eae4939f,2011-08-22,2011-08-22,
1036,578923118,C,2011-08-18,2011-08-30,72,Online,8,5070,1294269.6,808259.4,486010.2,2011-08-18,2011-08-30,2011-08-30,79c05811b1da0b5795ed11b5f1e5ab44,2011-08-30,2011-08-30,
1037,649334752,C,2011-08-19,2011-09-02,29,Offline,8,1438,367092.64,229245.96,137846.68,2011-08-19,2011-09-02,2011-09-02,24139223e48c7511ec5f0071afa93510,2011-09-02,2011-09-02,
1038,329196584,H,2011-08-19,2011-09-09,70,Offline,9,5439,2294659.71,1983548.91,311110.8,2011-08-19,2011-09-09,2011-09-09,934adc68dae1c8da336d56e07996b773,2011-09-09,2011-09-09,
1039,586873614,H,2011-08-20,2011-08-29,181,Online,5,7799,1189971.42,759934.56,430036.86,2011-08-20,2011-08-29,2011-08-29,6705c7be4a28dfb70e45d607820b59ba,2011-08-29,2011-08-29,
1040,994150531,L,2011-08-20,2011-09-13,55,Online,9,89,37548.21,32457.41,5090.8,2011-08-20,2011-09-13,2011-09-13,876417d8f804de252b75d5d336b59527,2011-09-13,2011-09-13,
1041,204392325,H,2011-08-20,2011-09-26,5,Online,11,3086,2009634.06,1620026.56,389607.5,2011-08-20,2011-09-26,2011-09-26,5157d2397eeea08d32ef406757ffbc45,2011-09-26,2011-09-26,
1042,198134410,L,2011-08-20,2011-09-29,131,Online,10,1230,537756,323895.9,213860.1,2011-08-20,2011-09-29,2011-09-29,3d15b3534634904b306a9becc3488221,2011-09-29,2011-09-29,
1043,276850593,L,2011-08-21,2011-09-03,66,Offline,8,5097,1301162.16,812563.74,488598.42,2011-08-21,2011-09-03,2011-09-03,f9daa262ffc12f7e661cf5c4f059bfcc,2011-09-03,2011-09-03,
1044,272639310,C,2011-08-21,2011-09-29,59,Offline,11,8885,5786000.85,4664269.6,1121731.25,2011-08-21,2011-09-29,2011-09-29,de85645e21d04fe01ae27d469ec42aa1,2011-09-29,2011-09-29,
1045,935664641,M,2011-08-21,2011-10-04,9,Online,10,2815,1230718,741273.95,489444.05,2011-08-21,2011-10-04,2011-10-04,3351926d61c388124b998253d0b94b24,2011-10-04,2011-10-04,
1046,640440118,L,2011-08-22,2011-09-07,105,Online,1,9318,86936.94,64480.56,22456.38,2011-08-22,2011-09-07,2011-09-07,3e0b7bc3f03811d7a47aeed2d040c968,2011-09-07,2011-09-07,
1047,470019853,H,2011-08-22,2011-09-14,16,Online,9,8174,3448528.86,2980976.06,467552.8,2011-08-22,2011-09-14,2011-09-14,e5d039ddff5775d343b0683e2109f93a,2011-09-14,2011-09-14,
1048,153974950,L,2011-08-22,2011-09-20,37,Offline,1,3464,32319.12,23970.88,8348.24,2011-08-22,2011-09-20,2011-09-20,ee07abd606aa251ac73643484363e10c,2011-09-20,2011-09-20,
1049,332699763,M,2011-08-22,2011-10-05,8,Offline,2,2108,100024.6,67013.32,33011.28,2011-08-22,2011-10-05,2011-10-05,a1e4342fcde519d4b1f3a830ea956599,2011-10-05,2011-10-05,
1050,929052674,H,2011-08-23,2011-09-12,48,Online,4,6187,676115.36,221742.08,454373.28,2011-08-23,2011-09-12,2011-09-12,397d88613999a088740d3cbe6c5f5990,2011-09-12,2011-09-12,
1051,212106788,H,2011-08-23,2011-09-26,90,Online,11,5967,3885770.07,3132436.32,753333.75,2011-08-23,2011-09-26,2011-09-26,78c78d97c2cddafb01b72590f349b1e9,2011-09-26,2011-09-26,
1053,739740645,L,2011-08-24,2011-09-01,176,Online,5,4551,694391.58,443449.44,250942.14,2011-08-24,2011-09-01,2011-09-01,9c8fbd95c9fba8cda68472cea5fa5227,2011-09-01,2011-09-01,
1054,752138459,C,2011-08-24,2011-09-22,42,Offline,8,3339,852379.92,532303.38,320076.54,2011-08-24,2011-09-22,2011-09-22,f9dce317aa28d79d38e254a394b37c6e,2011-09-22,2011-09-22,
1055,648272597,M,2011-08-24,2011-10-02,96,Offline,12,7122,4759418.94,3579089.88,1180329.06,2011-08-24,2011-10-02,2011-10-02,e319fb5413bb5c0a4039f0c4bfbd75bc,2011-10-02,2011-10-02,
1056,346672141,L,2011-08-25,2011-10-03,77,Offline,10,6845,2992634,1802493.85,1190140.15,2011-08-25,2011-10-03,2011-10-03,a5627c8e76c7623373b4dbddef0930e8,2011-10-03,2011-10-03,
1057,830618607,L,2011-08-27,2011-08-29,156,Offline,10,7359,3217354.8,1937845.47,1279509.33,2011-08-27,2011-08-29,2011-08-29,8411251886efcdbc7e17a19c95bbfc6d,2011-08-29,2011-08-29,
1058,547909915,H,2011-08-27,2011-09-17,93,Offline,4,7574,827686.72,271452.16,556234.56,2011-08-27,2011-09-17,2011-09-17,ff00778649fadcc75236951a8c2ee9a7,2011-09-17,2011-09-17,
1059,919922006,L,2011-08-27,2011-09-18,33,Online,1,4219,39363.27,29195.48,10167.79,2011-08-27,2011-09-18,2011-09-18,46e71e1a5fa7c4a64b44b3af9be9b3bf,2011-09-18,2011-09-18,
1060,281810319,M,2011-08-27,2011-10-01,63,Online,1,2791,26040.03,19313.72,6726.31,2011-08-27,2011-10-01,2011-10-01,90787c8624ba9be43f6e0af3c643a55a,2011-10-01,2011-10-01,
1061,998756206,M,2011-08-28,2011-09-18,149,Online,3,3011,246089.03,170633.37,75455.66,2011-08-28,2011-09-18,2011-09-18,88dabbce669edb355e49c327946cf332,2011-09-18,2011-09-18,
1062,593171870,L,2011-08-29,2011-09-04,85,Online,11,1593,1037377.53,836261.28,201116.25,2011-08-29,2011-09-04,2011-09-04,e1f93c0819ea03f0f4f3f56cee74dc21,2011-09-04,2011-09-04,
1063,484976708,L,2011-08-30,2011-09-16,83,Offline,7,4240,872168,496546.4,375621.6,2011-08-30,2011-09-16,2011-09-16,9599b57ce172652020396747c31af7ca,2011-09-16,2011-09-16,
1064,162791907,M,2011-08-30,2011-10-19,153,Offline,2,2598,123275.1,82590.42,40684.68,2011-08-30,2011-10-19,2011-10-19,0258dd0d2af468d5322d4c889bae7938,2011-10-19,2011-10-19,
1066,709081494,L,2011-09-01,2011-10-13,125,Online,4,1826,199545.28,65443.84,134101.44,2011-09-01,2011-10-13,2011-10-13,05c9e05c031b29a2f95e4a2425008f60,2011-10-13,2011-10-13,
1067,114421164,L,2011-09-02,2011-09-17,64,Offline,6,8620,1327997.2,783816.6,544180.6,2011-09-02,2011-09-17,2011-09-17,e425bb26fd2046d02167571fcc6f37fa,2011-09-17,2011-09-17,
1068,613166129,M,2011-09-02,2011-10-21,18,Offline,10,8338,3645373.6,2195645.54,1449728.06,2011-09-02,2011-10-21,2011-10-21,e404bbf252878c247eb93542a8a842d7,2011-10-21,2011-10-21,
1069,348995149,C,2011-09-03,2011-09-14,51,Offline,2,4275,202848.75,135902.25,66946.5,2011-09-03,2011-09-14,2011-09-14,624f229f06b365c738d8ce77a9e5271b,2011-09-14,2011-09-14,
1070,488361871,M,2011-09-03,2011-09-18,39,Offline,7,5985,1231114.5,700903.35,530211.15,2011-09-03,2011-09-18,2011-09-18,f0870a5363e7814ab4ac26ea24bc5d0b,2011-09-18,2011-09-18,
1071,515204131,M,2011-09-03,2011-10-04,78,Offline,7,9206,1893674.2,1078114.66,815559.54,2011-09-03,2011-10-04,2011-10-04,a388ccc08f7a984573c761d11b6948d9,2011-10-04,2011-10-04,
1072,903707301,L,2011-09-04,2011-09-05,95,Offline,2,5928,281283.6,188451.12,92832.48,2011-09-04,2011-09-05,2011-09-05,0888fd655039b11fa11ed43549cc4adb,2011-09-05,2011-09-05,
1073,949205291,L,2011-09-05,2011-10-11,48,Online,1,9794,91378.02,67774.48,23603.54,2011-09-05,2011-10-11,2011-10-11,54386a970b3d3db53291cadc64e1c1e5,2011-10-11,2011-10-11,
1074,888790786,M,2011-09-06,2011-09-12,39,Offline,12,1799,1202217.73,904069.46,298148.27,2011-09-06,2011-09-12,2011-09-12,e7ba1909879918cad3e82607ab0b4b31,2011-09-12,2011-09-12,
1075,880486238,H,2011-09-06,2011-10-10,51,Online,5,4299,655941.42,418894.56,237046.86,2011-09-06,2011-10-10,2011-10-10,7c16f80def78ee718b9eb1f06a058d2c,2011-10-10,2011-10-10,
1076,477184569,M,2011-09-06,2011-10-20,22,Online,8,8373,2137459.44,1334823.66,802635.78,2011-09-06,2011-10-20,2011-10-20,4c738b10520da46ec94913afbea054bc,2011-10-20,2011-10-20,
1077,103007829,M,2011-09-07,2011-10-20,78,Offline,9,1160,489392.4,423040.4,66352,2011-09-07,2011-10-20,2011-10-20,fa81d16a227fd426050e13a5abd17e51,2011-10-20,2011-10-20,
1078,628595054,M,2011-09-08,2011-10-21,5,Offline,1,4100,38253,28372,9881,2011-09-08,2011-10-21,2011-10-21,1214ce8cc78c493a2d9708bf07fdddb8,2011-10-21,2011-10-21,
1079,470690619,L,2011-09-08,2011-10-24,115,Online,8,6669,1702462.32,1063171.98,639290.34,2011-09-08,2011-10-24,2011-10-24,b27a862a349a843643f09c87ce119dc9,2011-10-24,2011-10-24,
1080,356001508,H,2011-09-09,2011-09-17,40,Online,4,7612,831839.36,272814.08,559025.28,2011-09-09,2011-09-17,2011-09-17,470ba699a7237bbe2f3799df2a13af2d,2011-09-17,2011-09-17,
1081,782170188,L,2011-09-09,2011-10-21,13,Online,3,395,32283.35,22384.65,9898.7,2011-09-09,2011-10-21,2011-10-21,c6b37c7322bafc8f47fbb3a9deb04fee,2011-10-21,2011-10-21,
1082,578295695,L,2011-09-10,2011-09-19,112,Offline,9,9402,3966609.78,3428815.38,537794.4,2011-09-10,2011-09-19,2011-09-19,bb96bbc0810a126e9be0195c4e9aba1b,2011-09-19,2011-09-19,
1083,580342328,H,2011-09-10,2011-10-14,11,Offline,7,5046,1037962.2,590937.06,447025.14,2011-09-10,2011-10-14,2011-10-14,611d63f478e3b0c1be1c856378c6d7f7,2011-10-14,2011-10-14,
1084,804683148,M,2011-09-11,2011-09-19,159,Online,9,2480,1046287.2,904431.2,141856,2011-09-11,2011-09-19,2011-09-19,33e65a27f752678d9ca6e2ffcff07361,2011-09-19,2011-09-19,
1085,588528859,L,2011-09-11,2011-10-12,24,Online,3,7623,623027.79,431995.41,191032.38,2011-09-11,2011-10-12,2011-10-12,f20f48105bf5b3be7a50631ec07f01ed,2011-10-12,2011-10-12,
1086,557239282,M,2011-09-11,2011-10-22,25,Offline,6,8341,1285014.46,758447.13,526567.33,2011-09-11,2011-10-22,2011-10-22,25fe91c1137ebd844b68c2201ea78a10,2011-10-22,2011-10-22,
1087,478405082,L,2011-09-11,2011-10-24,16,Online,7,9550,1964435,1118400.5,846034.5,2011-09-11,2011-10-24,2011-10-24,4b3385243f35469c42c6d13f508fe7ad,2011-10-24,2011-10-24,
1088,263943374,C,2011-09-12,2011-09-25,111,Offline,12,5565,3718922.55,2796635.1,922287.45,2011-09-12,2011-09-25,2011-09-25,02e2e4f806618758d0b5117da9803b20,2011-09-25,2011-09-25,
1089,478051030,C,2011-09-12,2011-09-29,84,Offline,2,4778,226716.1,151892.62,74823.48,2011-09-12,2011-09-29,2011-09-29,dc60c2848ad29b0e98d9b806828e0f85,2011-09-29,2011-09-29,
1090,501036059,H,2011-09-12,2011-10-17,173,Online,6,6559,1010479.54,596409.87,414069.67,2011-09-12,2011-10-17,2011-10-17,fa982eea2bd41125516f8c72ab22f9fc,2011-10-17,2011-10-17,
1091,273940503,L,2011-09-14,2011-10-19,26,Online,7,3937,809840.9,461062.07,348778.83,2011-09-14,2011-10-19,2011-10-19,ef5a0a793db2b53c5b8d684a7ca9d3b3,2011-10-19,2011-10-19,
1092,483954894,M,2011-09-14,2011-10-24,3,Online,7,1863,383219.1,218175.93,165043.17,2011-09-14,2011-10-24,2011-10-24,3ab81392cee052ff03a7fc3a2c5778dc,2011-10-24,2011-10-24,
1093,531735551,H,2011-09-14,2011-11-02,17,Online,4,1221,133430.88,43760.64,89670.24,2011-09-14,2011-11-02,2011-11-02,5af643189a5cd7e17abd0f5950578a7e,2011-11-02,2011-11-02,
1095,196798884,L,2011-09-15,2011-10-21,136,Online,6,6018,927133.08,547216.74,379916.34,2011-09-15,2011-10-21,2011-10-21,38ae0fe6daf49e78141036232fad5f8d,2011-10-21,2011-10-21,
1096,604311835,M,2011-09-15,2011-11-04,100,Offline,5,8156,1244442.48,794720.64,449721.84,2011-09-15,2011-11-04,2011-11-04,5ba9c0d8290bc90784f2f1cd65957c64,2011-11-04,2011-11-04,
1097,549919211,M,2011-09-16,2011-10-03,136,Offline,4,2170,237137.6,77772.8,159364.8,2011-09-16,2011-10-03,2011-10-03,c44c3c9c846b6aa844ff7ccd3bfc9025,2011-10-03,2011-10-03,
1098,157204759,M,2011-09-16,2011-10-09,16,Online,10,9236,4037979.2,2432115.88,1605863.32,2011-09-16,2011-10-09,2011-10-09,bfe6a1c530b05b26835b0f3f55845c8f,2011-10-09,2011-10-09,
1099,759933602,M,2011-09-16,2011-10-09,50,Online,12,95,63485.65,47741.3,15744.35,2011-09-16,2011-10-09,2011-10-09,f09313ec3b83c672a941d20a15ea0bf9,2011-10-09,2011-10-09,
1100,344116103,M,2011-09-17,2011-10-23,97,Offline,11,457,297602.97,239906.72,57696.25,2011-09-17,2011-10-23,2011-10-23,5fb1db3cf4e1e36166fbaacdeae77b05,2011-10-23,2011-10-23,
1101,339786803,H,2011-09-17,2011-10-25,79,Offline,11,9321,6069928.41,4893152.16,1176776.25,2011-09-17,2011-10-25,2011-10-25,e7cbf808d897f43e2a3e63f5c32fd26f,2011-10-25,2011-10-25,
1102,358442533,C,2011-09-18,2011-09-24,128,Online,4,9966,1089084.48,357181.44,731903.04,2011-09-18,2011-09-24,2011-09-24,e2523b99c4ad398d8847c55368afaa73,2011-09-24,2011-09-24,
1103,884147775,H,2011-09-18,2011-10-19,118,Online,2,7829,371486.05,248883.91,122602.14,2011-09-18,2011-10-19,2011-10-19,69c3be466c30e9158ffd6e0b2b901074,2011-10-19,2011-10-19,
1104,642961823,C,2011-09-19,2011-09-30,7,Offline,8,5546,1415782.88,884143.32,531639.56,2011-09-19,2011-09-30,2011-09-30,cc936fad0f6547592dc86b235dfcb4ff,2011-09-30,2011-09-30,
1105,281064879,L,2011-09-20,2011-09-26,29,Offline,6,2199,338777.94,199955.07,138822.87,2011-09-20,2011-09-26,2011-09-26,c516fa5f7ce182f89244731741d13bae,2011-09-26,2011-09-26,
1106,509380948,M,2011-09-22,2011-09-27,169,Offline,3,5997,490134.81,339849.99,150284.82,2011-09-22,2011-09-27,2011-09-27,afd7accf52231d60fa50c220a3163c76,2011-09-27,2011-09-27,
1107,297319924,C,2011-09-22,2011-10-18,62,Offline,8,2428,619819.84,387071.76,232748.08,2011-09-22,2011-10-18,2011-10-18,d3a17644417211909f793ba8be94f89b,2011-10-18,2011-10-18,
1108,742144334,H,2011-09-22,2011-10-20,72,Online,10,5855,2559806,1541797.15,1018008.85,2011-09-22,2011-10-20,2011-10-20,bf4ac98b7251703bf873721a255a65a8,2011-10-20,2011-10-20,
1109,922561728,M,2011-09-24,2011-11-05,60,Offline,11,5372,3498300.12,2820085.12,678215,2011-09-24,2011-11-05,2011-11-05,0503a87a3e9ed3442335fb5a1b0ad34e,2011-11-05,2011-11-05,
1110,317668235,M,2011-09-24,2011-11-07,131,Offline,2,3945,187190.25,125411.55,61778.7,2011-09-24,2011-11-07,2011-11-07,a11beedffe49e42224f16b67131ced2d,2011-11-07,2011-11-07,
1111,752141463,C,2011-09-24,2011-11-12,126,Offline,3,4228,345554.44,239600.76,105953.68,2011-09-24,2011-11-12,2011-11-12,a5fea8680f925d3a6336aab2928ee9ca,2011-11-12,2011-11-12,
1112,492063748,L,2011-09-25,2011-10-05,51,Offline,3,1453,118753.69,82341.51,36412.18,2011-09-25,2011-10-05,2011-10-05,186f03bbe9381c61ed11831aa4a7444f,2011-10-05,2011-10-05,
1113,660437381,M,2011-09-25,2011-10-24,132,Offline,4,6952,759714.56,249159.68,510554.88,2011-09-25,2011-10-24,2011-10-24,63280507731056ba75c6e69811443f16,2011-10-24,2011-10-24,
1114,118005025,H,2011-09-25,2011-10-30,12,Online,11,9164,5967688.44,4810733.44,1156955,2011-09-25,2011-10-30,2011-10-30,09f634273eebeeb1680dc7ffcd7ae3e7,2011-10-30,2011-10-30,
1115,685233008,C,2011-09-26,2011-10-17,172,Online,8,4529,1156163.12,722013.18,434149.94,2011-09-26,2011-10-17,2011-10-17,a9a632dacb90cc71d03ea4d965d81ff6,2011-10-17,2011-10-17,
1116,362812173,M,2011-09-27,2011-09-30,82,Offline,7,3039,625122.3,355897.29,269225.01,2011-09-27,2011-09-30,2011-09-30,ec9f6b8b872d45451b88f3c6b2dbd751,2011-09-30,2011-09-30,
1117,400123631,C,2011-09-27,2011-11-07,102,Offline,2,4329,205411.05,137618.91,67792.14,2011-09-27,2011-11-07,2011-11-07,668d11faf5c0fc08b4b9fd03b3f62bee,2011-11-07,2011-11-07,
1118,530831754,L,2011-09-28,2011-11-14,80,Offline,10,3767,1646932.4,991964.11,654968.29,2011-09-28,2011-11-14,2011-11-14,c4eab5db400c7f7e2d4fedce6e8a2b68,2011-11-14,2011-11-14,
1119,879858815,H,2011-09-29,2011-10-30,174,Offline,1,8631,80527.23,59726.52,20800.71,2011-09-29,2011-10-30,2011-10-30,b848428ac7e1d269d33450d6c1a544d7,2011-10-30,2011-10-30,
1120,384853065,L,2011-10-01,2011-10-21,152,Online,3,5429,443712.17,307661.43,136050.74,2011-10-01,2011-10-21,2011-10-21,a1f5f36e20e27cff8f5ba1ae2ee3d402,2011-10-21,2011-10-21,
1121,985417258,M,2011-10-01,2011-10-21,169,Online,7,5720,1176604,669869.2,506734.8,2011-10-01,2011-10-21,2011-10-21,7d73748cc600ba73791eb093b828a4b9,2011-10-21,2011-10-21,
1122,151971662,M,2011-10-01,2011-10-24,35,Offline,3,647,52879.31,36665.49,16213.82,2011-10-01,2011-10-24,2011-10-24,e10061607de84b146f712aa951c46a75,2011-10-24,2011-10-24,
1123,160276210,M,2011-10-01,2011-11-15,76,Online,11,8147,5305407.87,4276849.12,1028558.75,2011-10-01,2011-11-15,2011-11-15,5b70e76d3dc2368b7c22ed0875c8c2b2,2011-11-15,2011-11-15,
1124,109976851,L,2011-10-03,2011-10-14,123,Online,12,3449,2304863.23,1733260.46,571602.77,2011-10-03,2011-10-14,2011-10-14,3a58530d6ba52aeb4314dd1fbdae4bf1,2011-10-14,2011-10-14,
1125,504973971,M,2011-10-03,2011-11-02,34,Online,9,1875,791043.75,683793.75,107250,2011-10-03,2011-11-02,2011-11-02,4c5944a576f058a0728ff990cdbdc7ca,2011-11-02,2011-11-02,
1126,606793200,M,2011-10-03,2011-11-18,102,Offline,10,2447,1069828.4,644368.51,425459.89,2011-10-03,2011-11-18,2011-11-18,3e726e3c87b29bcbda36affa68478af0,2011-11-18,2011-11-18,
1127,435900866,M,2011-10-05,2011-10-07,29,Offline,2,1608,76299.6,51118.32,25181.28,2011-10-05,2011-10-07,2011-10-07,de3dce58468554e3ae12f1d9fb63fe17,2011-10-07,2011-10-07,
1128,776623380,C,2011-10-06,2011-10-20,124,Online,10,8971,3922121.2,2362333.43,1559787.77,2011-10-06,2011-10-20,2011-10-20,41c82a5950e5ee07c41361056f741e24,2011-10-20,2011-10-20,
1129,296534144,C,2011-10-06,2011-11-24,96,Offline,4,9898,1081653.44,354744.32,726909.12,2011-10-06,2011-11-24,2011-11-24,d446b4598559b8125d57f3b5f19848bb,2011-11-24,2011-11-24,
1130,439640080,L,2011-10-07,2011-11-02,172,Online,7,8124,1671106.8,951401.64,719705.16,2011-10-07,2011-11-02,2011-11-02,7400ea662211f13ee3020a552d7630f9,2011-11-02,2011-11-02,
1131,479234206,H,2011-10-07,2011-11-14,79,Online,1,4906,45772.98,33949.52,11823.46,2011-10-07,2011-11-14,2011-11-14,52f3ce6d59ee2b63030128e3dc123f69,2011-11-14,2011-11-14,
1132,599591147,C,2011-10-08,2011-11-25,51,Offline,8,1200,306336,191304,115032,2011-10-08,2011-11-25,2011-11-25,31655885ca645b721c6aa9dd929766ab,2011-11-25,2011-11-25,
1133,904812800,M,2011-10-09,2011-11-24,26,Offline,1,3069,28633.77,21237.48,7396.29,2011-10-09,2011-11-24,2011-11-24,9100c7c5faec759ddd6581d2fa0b0136,2011-11-24,2011-11-24,
1134,753166282,H,2011-10-09,2011-11-25,160,Online,1,7495,69928.35,51865.4,18062.95,2011-10-09,2011-11-25,2011-11-25,5cb590142f9516f50b813ca03b37bf21,2011-11-25,2011-11-25,
1135,719712054,C,2011-10-10,2011-10-17,173,Offline,2,7645,362755.25,243034.55,119720.7,2011-10-10,2011-10-17,2011-10-17,b87b5b9c727838c51c9b169c97de9d6e,2011-10-17,2011-10-17,
1136,675906646,L,2011-10-10,2011-11-01,73,Offline,10,4651,2033417.2,1224747.83,808669.37,2011-10-10,2011-11-01,2011-11-01,2de0f2d847c02a9890dafd4c18b858d6,2011-11-01,2011-11-01,
1137,580463349,C,2011-10-10,2011-11-08,155,Offline,7,859,176696.3,100597.49,76098.81,2011-10-10,2011-11-08,2011-11-08,ac88c4740ea282238934978d6eb393a8,2011-11-08,2011-11-08,
1138,166810500,M,2011-10-10,2011-11-21,32,Online,4,1789,195501.92,64117.76,131384.16,2011-10-10,2011-11-21,2011-11-21,590f6c742b0d46ee44d6962fe78a2600,2011-11-21,2011-11-21,
1139,413192212,L,2011-10-14,2011-11-17,38,Online,3,1612,131748.76,91352.04,40396.72,2011-10-14,2011-11-17,2011-11-17,d44ace2f011ff552db50eb3eed8e8b3f,2011-11-17,2011-11-17,
1140,704205453,M,2011-10-14,2011-11-20,183,Online,5,8897,1357504.26,866923.68,490580.58,2011-10-14,2011-11-20,2011-11-20,d0df2f6856b6fdab87991da5c470614a,2011-11-20,2011-11-20,
1141,743799579,L,2011-10-14,2011-12-02,133,Online,8,5679,1449735.12,905346.18,544388.94,2011-10-14,2011-12-02,2011-12-02,f2a3a0b32b32ab8a537a83931d37c548,2011-12-02,2011-12-02,
1142,604314839,M,2011-10-15,2011-11-04,87,Offline,11,9045,5890194.45,4748263.2,1141931.25,2011-10-15,2011-11-04,2011-11-04,ec219e20cf02778c60531bf811784864,2011-11-04,2011-11-04,
1143,520915305,H,2011-10-16,2011-11-07,153,Offline,11,9270,6036716.7,4866379.2,1170337.5,2011-10-16,2011-11-07,2011-11-07,976f91744602d49b0e59bdd0920b2574,2011-11-07,2011-11-07,
1144,757653939,M,2011-10-17,2011-11-04,80,Online,2,5492,260595.4,174590.68,86004.72,2011-10-17,2011-11-04,2011-11-04,7d5bdc2e1501913d507d72be8d7df032,2011-11-04,2011-11-04,
1145,312593495,H,2011-10-18,2011-11-03,124,Online,8,2217,565955.76,353434.14,212521.62,2011-10-18,2011-11-03,2011-11-03,e0b61384e8f8c88c942cdcfd98b27fad,2011-11-03,2011-11-03,
1146,146384513,M,2011-10-18,2011-12-04,14,Offline,5,7285,1111545.3,709850.4,401694.9,2011-10-18,2011-12-04,2011-12-04,d72eba92512da3a9bd2ac56b6394674d,2011-12-04,2011-12-04,
1147,877892863,C,2011-10-19,2011-10-21,52,Online,1,6862,64022.46,47485.04,16537.42,2011-10-19,2011-10-21,2011-10-21,7077761e1cad09333a656bb7ddf7b89d,2011-10-21,2011-10-21,
1148,466286647,C,2011-10-19,2011-11-28,133,Offline,3,3436,280824.28,194718.12,86106.16,2011-10-19,2011-11-28,2011-11-28,da5924f33cfc7a81ca82e2ae8bb97c29,2011-11-28,2011-11-28,
1149,653197991,C,2011-10-20,2011-10-22,36,Online,5,4656,710412.48,453680.64,256731.84,2011-10-20,2011-10-22,2011-10-22,12a0be23c5fd78b7d38cb05283ca673a,2011-10-22,2011-10-22,
1150,387098395,M,2011-10-20,2011-11-05,49,Offline,1,9872,92105.76,68314.24,23791.52,2011-10-20,2011-11-05,2011-11-05,9e0e35f0f20dccb30f73247c0e8bf56e,2011-11-05,2011-11-05,
1151,567751824,C,2011-10-21,2011-11-21,66,Online,10,9236,4037979.2,2432115.88,1605863.32,2011-10-21,2011-11-21,2011-11-21,92c9e7accbdfc1026baf4b4f9853090c,2011-11-21,2011-11-21,
1152,174683320,H,2011-10-22,2011-11-03,102,Online,9,1531,645913.59,558340.39,87573.2,2011-10-22,2011-11-03,2011-11-03,c0e90a13972a0c77c0738b26f0cb1b01,2011-11-03,2011-11-03,
1153,673546302,M,2011-10-22,2011-11-11,16,Online,4,6173,674585.44,221240.32,453345.12,2011-10-22,2011-11-11,2011-11-11,501064aaa01c861311141081127c881f,2011-11-11,2011-11-11,
1154,817006289,H,2011-10-22,2011-11-14,160,Online,1,9172,85574.76,63470.24,22104.52,2011-10-22,2011-11-14,2011-11-14,9281c5b99b43018cbc8e4f2214e556d6,2011-11-14,2011-11-14,
1155,280477797,L,2011-10-23,2011-10-24,24,Offline,7,8468,1741867.6,991687.48,750180.12,2011-10-23,2011-10-24,2011-10-24,af6022b6d5cf62386177a240425b5bb9,2011-10-24,2011-10-24,
1156,893557822,H,2011-10-23,2011-12-09,7,Offline,7,2471,508284.7,289378.81,218905.89,2011-10-23,2011-12-09,2011-12-09,e4e8f175b01140a0b2825212ff412198,2011-12-09,2011-12-09,
1157,587982118,C,2011-10-24,2011-11-17,107,Online,4,5830,637102.4,208947.2,428155.2,2011-10-24,2011-11-17,2011-11-17,d6b658d9b99930493b1a8a21ab5f04db,2011-11-17,2011-11-17,
1158,469435775,H,2011-10-24,2011-12-02,120,Online,2,5333,253050.85,169536.07,83514.78,2011-10-24,2011-12-02,2011-12-02,ea0d3e75d5ec028a43c70be5a6aa2d6e,2011-12-02,2011-12-02,
1159,575230252,L,2011-10-25,2011-11-22,99,Online,9,2269,957268.41,827481.61,129786.8,2011-10-25,2011-11-22,2011-11-22,5e3083bbe56979e4dafd3b6c6d3b7906,2011-11-22,2011-11-22,
1160,408785235,C,2011-10-26,2011-11-03,110,Offline,3,7490,612157.7,424458.3,187699.4,2011-10-26,2011-11-03,2011-11-03,35013fc3e66623439e3cfa8b0fae337e,2011-11-03,2011-11-03,
1161,895014369,L,2011-10-26,2011-12-11,6,Online,2,3496,165885.2,111137.84,54747.36,2011-10-26,2011-12-11,2011-12-11,053a3983c2767dc7ed33ce0f8d64f452,2011-12-11,2011-12-11,
1162,190230262,L,2011-10-27,2011-11-27,12,Online,8,2217,565955.76,353434.14,212521.62,2011-10-27,2011-11-27,2011-11-27,18c9d90ef4e7c8d7c2139850effba3e9,2011-11-27,2011-11-27,
1163,468727672,L,2011-10-27,2011-12-04,1,Offline,12,5789,3868615.03,2909204.06,959410.97,2011-10-27,2011-12-04,2011-12-04,f95a23c513a9599f3176283e94b1931f,2011-12-04,2011-12-04,
1164,755647647,H,2011-10-27,2011-12-09,47,Offline,12,1786,1193530.22,897536.44,295993.78,2011-10-27,2011-12-09,2011-12-09,30b5df784196e24e2924e1c5d3859597,2011-12-09,2011-12-09,
1165,450189960,M,2011-10-27,2011-12-11,57,Online,12,68,45442.36,34172.72,11269.64,2011-10-27,2011-12-11,2011-12-11,c6f60b2e91a8710253493319d5700201,2011-12-11,2011-12-11,
1166,990221631,H,2011-10-28,2011-12-06,129,Offline,10,7440,3252768,1959175.2,1293592.8,2011-10-28,2011-12-06,2011-12-06,8b7defcef71a2a57a2fdd69853bd8152,2011-12-06,2011-12-06,
1167,160751283,C,2011-10-29,2011-11-13,139,Offline,3,8732,713666.36,494842.44,218823.92,2011-10-29,2011-11-13,2011-11-13,d794f366afe3249ce067a6aa4bec21d1,2011-11-13,2011-11-13,
1168,135719621,H,2011-10-29,2011-11-22,62,Online,9,1307,551410.23,476649.83,74760.4,2011-10-29,2011-11-22,2011-11-22,61d771f2d0dcf4d4be414cba841bf118,2011-11-22,2011-11-22,
1169,746989047,H,2011-10-29,2011-12-13,56,Offline,12,9514,6357920.78,4781165.56,1576755.22,2011-10-29,2011-12-13,2011-12-13,1f3c9db0eb63acfdaecd0ddd12be8492,2011-12-13,2011-12-13,
1170,189640176,L,2011-10-30,2011-11-04,41,Offline,7,7597,1562702.9,889684.67,673018.23,2011-10-30,2011-11-04,2011-11-04,58faab7821dd53bce601b7b4074de755,2011-11-04,2011-11-04,
1171,813189399,M,2011-10-30,2011-11-22,95,Online,8,9669,2468302.32,1541431.98,926870.34,2011-10-30,2011-11-22,2011-11-22,563936917a9353583fb4878854ee8257,2011-11-22,2011-11-22,
1172,937875640,C,2011-10-30,2011-11-30,137,Online,4,7098,775669.44,254392.32,521277.12,2011-10-30,2011-11-30,2011-11-30,da2f36fb0d3f39497b6a4db30e16c687,2011-11-30,2011-11-30,
1173,960270583,C,2011-11-01,2011-11-24,152,Offline,6,4260,656295.6,387361.8,268933.8,2011-11-01,2011-11-24,2011-11-24,4fefa4b87eed1d271292203c887ce757,2011-11-24,2011-11-24,
1174,174487626,H,2011-11-02,2011-11-12,40,Offline,7,3621,744839.7,424055.31,320784.39,2011-11-02,2011-11-12,2011-11-12,561dd0ec18f010238cfcf8af4d1a2646,2011-11-12,2011-11-12,
1175,332274043,H,2011-11-03,2011-12-05,82,Offline,8,6128,1564355.84,976925.76,587430.08,2011-11-03,2011-12-05,2011-12-05,b3c9553f61c0e47e85c390c00f837805,2011-12-05,2011-12-05,
1176,671067941,L,2011-11-03,2011-12-18,64,Offline,2,2771,131483.95,88090.09,43393.86,2011-11-03,2011-12-18,2011-12-18,c335c8653c300d5c484b3ab4cfb2cfc0,2011-12-18,2011-12-18,
1177,510762822,L,2011-11-04,2011-12-22,185,Offline,2,4924,233643.8,156533.96,77109.84,2011-11-04,2011-12-22,2011-12-22,796c45c79cbf85443049bdc495fc66ae,2011-12-22,2011-12-22,
1178,820195758,L,2011-11-05,2011-11-24,185,Offline,5,3006,458655.48,292904.64,165750.84,2011-11-05,2011-11-24,2011-11-24,6a805b70332855fbff7520accfa764c6,2011-11-24,2011-11-24,
1179,431574571,C,2011-11-05,2011-11-29,129,Offline,3,1361,111234.53,77127.87,34106.66,2011-11-05,2011-11-29,2011-11-29,418706ad1d71b8b4e850f707fb854b53,2011-11-29,2011-11-29,
1180,724398410,H,2011-11-06,2011-11-07,22,Online,12,4442,2968455.34,2232282.68,736172.66,2011-11-06,2011-11-07,2011-11-07,6e156ed2e6d213052226f5a6db24a307,2011-11-07,2011-11-07,
1181,570587241,L,2011-11-06,2011-11-08,36,Offline,12,8299,5545972.73,4170579.46,1375393.27,2011-11-06,2011-11-08,2011-11-08,acb560dfe75d76cd876a051e38d86d8a,2011-11-08,2011-11-08,
1182,446019017,C,2011-11-06,2011-11-25,155,Online,6,5794,892623.64,526848.42,365775.22,2011-11-06,2011-11-25,2011-11-25,61cf11cc95f70afcc4d4747f917c4e92,2011-11-25,2011-11-25,
1183,495138204,L,2011-11-09,2011-11-11,179,Offline,9,1252,528206.28,456591.88,71614.4,2011-11-09,2011-11-11,2011-11-11,65d3ce79cf90219312067286695d2e04,2011-11-11,2011-11-11,
1184,403788173,C,2011-11-09,2011-11-16,27,Offline,12,8748,5846025.96,4396219.92,1449806.04,2011-11-09,2011-11-16,2011-11-16,76209cf69aa3144fdbe982e1963f7f98,2011-11-16,2011-11-16,
1185,374663245,C,2011-11-09,2011-11-26,33,Online,11,35,22792.35,18373.6,4418.75,2011-11-09,2011-11-26,2011-11-26,7ed6519318f9b37073202a51905abdf9,2011-11-26,2011-11-26,
1186,447357547,C,2011-11-09,2011-12-22,53,Online,4,1894,206976.32,67880.96,139095.36,2011-11-09,2011-12-22,2011-12-22,6fe50cdd478db93823163c5c805a21b4,2011-12-22,2011-12-22,
1187,821534287,L,2011-11-09,2011-12-23,86,Offline,1,9107,84968.31,63020.44,21947.87,2011-11-09,2011-12-23,2011-12-23,7a9c136bb3333d10d208d79b651dd2a3,2011-12-23,2011-12-23,
1188,730184257,H,2011-11-09,2011-12-28,29,Offline,9,6603,2785739.67,2408048.07,377691.6,2011-11-09,2011-12-28,2011-12-28,e356f320091403fd69e9e3a75a24ced2,2011-12-28,2011-12-28,
1189,382495725,L,2011-11-11,2011-12-21,31,Offline,4,7840,856755.2,280985.6,575769.6,2011-11-11,2011-12-21,2011-12-21,cadf5e9832eac8df3799860cff4a3dc6,2011-12-21,2011-12-21,
1190,103762280,M,2011-11-12,2011-12-14,160,Online,6,4419,680791.14,401819.67,278971.47,2011-11-12,2011-12-14,2011-12-14,f64e184f0cb04b43dc2be82633f41266,2011-12-14,2011-12-14,
1191,473845756,H,2011-11-12,2011-12-16,153,Offline,3,344,28115.12,19494.48,8620.64,2011-11-12,2011-12-16,2011-12-16,520a0b4810c09e701a390ff6b4842743,2011-12-16,2011-12-16,
1192,808192336,L,2011-11-13,2011-12-05,179,Online,10,927,405284.4,244106.91,161177.49,2011-11-13,2011-12-05,2011-12-05,a4b0639d2df1df504e89f5e9f4261ee3,2011-12-05,2011-12-05,
1193,278275811,H,2011-11-13,2011-12-07,86,Online,11,6851,4461439.71,3596500.96,864938.75,2011-11-13,2011-12-07,2011-12-07,e5b62d2e4b1aca494beb7ec18af0c7fc,2011-12-07,2011-12-07,
1194,340500915,C,2011-11-13,2011-12-11,109,Online,5,642,97956.36,62556.48,35399.88,2011-11-13,2011-12-11,2011-12-11,f22762da3e2e27140b61f27b141c023e,2011-12-11,2011-12-11,
1195,802052438,L,2011-11-13,2012-01-02,152,Offline,1,3995,37273.35,27645.4,9627.95,2011-11-13,2012-01-02,2012-01-02,0e038297bdaf0ad528ba36da1d78aa68,2012-01-02,2012-01-02,
1196,386116921,M,2011-11-14,2011-12-22,1,Offline,3,9432,770877.36,534511.44,236365.92,2011-11-14,2011-12-22,2011-12-22,49face01c303ef7d44a468711c6a188d,2011-12-22,2011-12-22,
1197,710230338,L,2011-11-15,2011-11-19,59,Offline,8,1795,458227.6,286158.9,172068.7,2011-11-15,2011-11-19,2011-11-19,8b51b21faa08c0f3f9be2c0139bc5ddf,2011-11-19,2011-11-19,
1198,236281001,M,2011-11-15,2011-11-27,135,Offline,11,9654,6286781.34,5067963.84,1218817.5,2011-11-15,2011-11-27,2011-11-27,f39d3698f75ba2395e0f76d0de1628df,2011-11-27,2011-11-27,
1199,383834254,M,2011-11-15,2011-11-28,77,Offline,10,3940,1722568,1037520.2,685047.8,2011-11-15,2011-11-28,2011-11-28,0b5f08b63f4075bba68ec476becaee39,2011-11-28,2011-11-28,
1200,431378877,C,2011-11-16,2011-12-08,69,Online,10,3451,1508777.2,908751.83,600025.37,2011-11-16,2011-12-08,2011-12-08,7eca0e1bcc6378ff16115f2755201967,2011-12-08,2011-12-08,
1201,514188325,M,2011-11-18,2012-01-02,81,Online,6,8607,1325994.42,782634.51,543359.91,2011-11-18,2012-01-02,2012-01-02,679fc78fc5f493dc985f9f865c5bce04,2012-01-02,2012-01-02,
1202,403828513,H,2011-11-19,2011-11-25,6,Online,8,686,175122.08,109362.12,65759.96,2011-11-19,2011-11-25,2011-11-25,055539b55b19e9325c1737ffba01fafe,2011-11-25,2011-11-25,
1203,526350104,M,2011-11-19,2011-12-04,140,Offline,4,7547,824736.16,270484.48,554251.68,2011-11-19,2011-12-04,2011-12-04,afc7d9aeb0aa7ff923c7dfac448cc10a,2011-12-04,2011-12-04,
1204,663080108,H,2011-11-21,2011-12-10,28,Online,9,8994,3794478.66,3280021.86,514456.8,2011-11-21,2011-12-10,2011-12-10,7e058260827f943409018f0b34964ce5,2011-12-10,2011-12-10,
1205,120765769,L,2011-11-21,2012-01-10,131,Offline,3,6130,501004.9,347387.1,153617.8,2011-11-21,2012-01-10,2012-01-10,77c57ee93339776e8832c5ec3d19b8ac,2012-01-10,2012-01-10,
1206,571494042,M,2011-11-22,2011-12-16,117,Offline,2,6642,315162.9,211149.18,104013.72,2011-11-22,2011-12-16,2011-12-16,166e5f48cd640de2a60987d9945b37fd,2011-12-16,2011-12-16,
1207,184801471,L,2011-11-22,2011-12-20,52,Offline,2,5717,271271.65,181743.43,89528.22,2011-11-22,2011-12-20,2011-12-20,0b620f6361831ce1801c4191a37bd4ad,2011-12-20,2011-12-20,
1208,284692084,M,2011-11-22,2012-01-07,77,Offline,6,5569,857960.14,506389.17,351570.97,2011-11-22,2012-01-07,2012-01-07,5d069e61df4b877e7feebc03cb17d936,2012-01-07,2012-01-07,
1209,616755998,H,2011-11-24,2011-12-03,71,Online,9,660,278447.4,240695.4,37752,2011-11-24,2011-12-03,2011-12-03,ec12ad0fcd071fb0f3459b20fb65ca49,2011-12-03,2011-12-03,
1210,587749087,L,2011-11-24,2012-01-07,95,Offline,3,6871,561566.83,389379.57,172187.26,2011-11-24,2012-01-07,2012-01-07,42033480d35cce34400a0cb25d39b765,2012-01-07,2012-01-07,
1211,699801480,L,2011-11-25,2011-12-26,10,Offline,11,5664,3688453.44,2973373.44,715080,2011-11-25,2011-12-26,2011-12-26,e697c505920b41ff1202e5f9f54ba7ce,2011-12-26,2011-12-26,
1212,537567746,M,2011-11-25,2011-12-30,135,Online,10,7097,3102808.4,1868853.01,1233955.39,2011-11-25,2011-12-30,2011-12-30,3325a198ee59b31ef8b5ae3544f1cebc,2011-12-30,2011-12-30,
1213,198537814,C,2011-11-26,2011-12-19,134,Online,9,606,255665.34,221002.14,34663.2,2011-11-26,2011-12-19,2011-12-19,1004e8705f1ca3c2d4cd62fec75a4f8e,2011-12-19,2011-12-19,
1214,984202754,H,2011-11-27,2011-12-08,110,Online,6,6321,973813.26,574768.53,399044.73,2011-11-27,2011-12-08,2011-12-08,e93d8954ad238f8536238f2b36f63d0f,2011-12-08,2011-12-08,
1215,905132520,H,2011-11-27,2011-12-09,64,Online,6,7681,1183334.86,698433.33,484901.53,2011-11-27,2011-12-09,2011-12-09,de6f63ecfa2aab2c99b2576c85a1eac1,2011-12-09,2011-12-09,
1216,264856183,L,2011-11-27,2011-12-23,43,Online,1,5685,53041.05,39340.2,13700.85,2011-11-27,2011-12-23,2011-12-23,fbb83ba837a7913209d350e0409c9ff2,2011-12-23,2011-12-23,
1217,146545875,M,2011-11-27,2012-01-07,91,Offline,10,5036,2201739.2,1326129.88,875609.32,2011-11-27,2012-01-07,2012-01-07,401f0e0450dfcadc25c32ddd7bb224f0,2012-01-07,2012-01-07,
1218,809571206,L,2011-11-27,2012-01-11,20,Online,2,8965,425389.25,284997.35,140391.9,2011-11-27,2012-01-11,2012-01-11,130d33cc9066a69f67e3bbf7390efc38,2012-01-11,2012-01-11,
1219,229355323,L,2011-11-28,2011-12-10,4,Offline,6,192,29579.52,17458.56,12120.96,2011-11-28,2011-12-10,2011-12-10,44bdc8bd3e601d4c02543e62e4159ffb,2011-12-10,2011-12-10,
1220,944490611,H,2011-11-28,2011-12-22,67,Online,4,4615,504327.2,165401.6,338925.6,2011-11-28,2011-12-22,2011-12-22,9c45517e0a18df6c2063c63f0559adca,2011-12-22,2011-12-22,
1221,967239606,H,2011-11-28,2012-01-09,6,Online,11,6548,4264123.08,3437438.08,826685,2011-11-28,2012-01-09,2012-01-09,f014b6d01f6a5fdb0eec5ae9af6d5fc7,2012-01-09,2012-01-09,
1222,690552794,L,2011-11-29,2011-12-07,65,Offline,3,8772,716935.56,497109.24,219826.32,2011-11-29,2011-12-07,2011-12-07,ca6de7d90119ed852d903976b01bca7d,2011-12-07,2011-12-07,
1223,436969029,C,2011-11-29,2011-12-17,160,Offline,9,7701,3248974.89,2808477.69,440497.2,2011-11-29,2011-12-17,2011-12-17,9f03d3b37080bdecf3261185f9b7c480,2011-12-17,2011-12-17,
1224,507616698,H,2011-11-29,2011-12-18,105,Offline,1,3916,36536.28,27098.72,9437.56,2011-11-29,2011-12-18,2011-12-18,2f15abdb2e166540167e1981171855a5,2011-12-18,2011-12-18,
1225,445273578,H,2011-11-29,2012-01-09,118,Offline,11,5201,3386943.21,2730316.96,656626.25,2011-11-29,2012-01-09,2012-01-09,b7217e5cb41c0834fd933924f34e7ca0,2012-01-09,2012-01-09,
1226,844245946,M,2011-11-30,2012-01-01,156,Online,1,9991,93216.03,69137.72,24078.31,2011-11-30,2012-01-01,2012-01-01,28ab0864b5526e5e291a4a62dea0e6a7,2012-01-01,2012-01-01,
1227,411701333,C,2011-12-01,2011-12-27,132,Online,4,428,46771.84,15339.52,31432.32,2011-12-01,2011-12-27,2011-12-27,1a4ad50a5fa4435c8e5c2bc5ed58d6b0,2011-12-27,2011-12-27,
1228,638088786,L,2011-12-02,2011-12-28,25,Offline,4,3506,383135.68,125655.04,257480.64,2011-12-02,2011-12-28,2011-12-28,3ee1215bc3ea7e55dfd4fd4cf04279e6,2011-12-28,2011-12-28,
1229,914303529,L,2011-12-03,2011-12-11,63,Offline,7,1587,326445.9,185853.57,140592.33,2011-12-03,2011-12-11,2011-12-11,1fa78c2e5ba858e91e3ced04907e9163,2011-12-11,2011-12-11,
1230,326137149,M,2011-12-03,2012-01-02,102,Online,4,85,9288.8,3046.4,6242.4,2011-12-03,2012-01-02,2012-01-02,51d312a47e2688f75be4540f839e78a0,2012-01-02,2012-01-02,
1231,621243655,M,2011-12-03,2012-01-03,35,Offline,1,8658,80779.14,59913.36,20865.78,2011-12-03,2012-01-03,2012-01-03,39b48e06a8923ae33f49cf43ff2a27f9,2012-01-03,2012-01-03,
1232,839326560,C,2011-12-04,2011-12-12,168,Offline,6,4236,652598.16,385179.48,267418.68,2011-12-04,2011-12-12,2011-12-12,37e89d0e7e15af39d9a27af18f0c370d,2011-12-12,2011-12-12,
1233,275955808,H,2011-12-04,2011-12-25,56,Online,6,311,47912.66,28279.23,19633.43,2011-12-04,2011-12-25,2011-12-25,07760570bca9eb327f61659eb322919f,2011-12-25,2011-12-25,
1234,465031802,M,2011-12-04,2012-01-06,86,Offline,9,2099,885547.11,765484.31,120062.8,2011-12-04,2012-01-06,2012-01-06,e65475eef4ac6b98ca00879265e34d19,2012-01-06,2012-01-06,
1235,525328290,H,2011-12-04,2012-01-11,9,Online,4,5170,564977.6,185292.8,379684.8,2011-12-04,2012-01-11,2012-01-11,68dc7a05c1e6439127b0c2218eaaa6ae,2012-01-11,2012-01-11,
1236,556263816,M,2011-12-05,2011-12-07,160,Online,2,9679,459268.55,307695.41,151573.14,2011-12-05,2011-12-07,2011-12-07,4eb1bca4473ab04ac10b6ca3ee645c1e,2011-12-07,2011-12-07,
1237,693583905,M,2011-12-05,2012-01-06,84,Offline,9,5745,2423758.05,2095144.05,328614,2011-12-05,2012-01-06,2012-01-06,9f1f95b9e41cc74c411b04cd2102cb1e,2012-01-06,2012-01-06,
1238,242265546,L,2011-12-06,2012-01-07,79,Offline,1,614,5728.62,4248.88,1479.74,2011-12-06,2012-01-07,2012-01-07,12c2b5e89dd5901e5a8b795671fb5d99,2012-01-07,2012-01-07,
1239,974009931,H,2011-12-06,2012-01-13,120,Offline,9,38,16031.82,13858.22,2173.6,2011-12-06,2012-01-13,2012-01-13,95b20309bf9bd098508e490788bf4b61,2012-01-13,2012-01-13,
1240,377184951,H,2011-12-07,2011-12-19,157,Offline,7,6264,1288504.8,733577.04,554927.76,2011-12-07,2011-12-19,2011-12-19,9c974cc9e7d6fa525644d8d64a2c15ac,2011-12-19,2011-12-19,
1241,595385873,M,2011-12-07,2011-12-21,79,Offline,3,6765,552903.45,383372.55,169530.9,2011-12-07,2011-12-21,2011-12-21,f535204e4f6cd0225360040f6deca0ef,2011-12-21,2011-12-21,
1242,127694451,L,2011-12-07,2011-12-27,164,Offline,6,6481,998462.86,589317.33,409145.53,2011-12-07,2011-12-27,2011-12-27,92c016131e4c36d01f6131c848e50293,2011-12-27,2011-12-27,
1243,244194161,L,2011-12-07,2012-01-07,72,Offline,9,1334,562801.26,486496.46,76304.8,2011-12-07,2012-01-07,2012-01-07,31d84be29e8d98bf8575a2030b23ca69,2012-01-07,2012-01-07,
1244,905054843,L,2011-12-07,2012-01-12,99,Online,1,4695,43804.35,32489.4,11314.95,2011-12-07,2012-01-12,2012-01-12,c07b223fb8b011f9916334120c47ee27,2012-01-12,2012-01-12,
1245,520526921,H,2011-12-07,2012-01-15,95,Offline,1,4338,40473.54,30018.96,10454.58,2011-12-07,2012-01-15,2012-01-15,a3d3fd217ae326b2973b0b5d37c19c97,2012-01-15,2012-01-15,
1246,769899404,H,2011-12-08,2011-12-13,176,Offline,12,9197,6146079.19,4621860.38,1524218.81,2011-12-08,2011-12-13,2011-12-13,1e0da395a2acf9cd07e88be44a851974,2011-12-13,2011-12-13,
1247,940201652,C,2011-12-08,2012-01-01,115,Offline,7,5417,1114276.9,634384.87,479892.03,2011-12-08,2012-01-01,2012-01-01,0f504ee8a3471148574be96c1ac005b8,2012-01-01,2012-01-01,
1248,701298367,M,2011-12-08,2012-01-06,24,Offline,3,8626,705002.98,488835.42,216167.56,2011-12-08,2012-01-06,2012-01-06,15315e540ee954cb90b972da27e14e09,2012-01-06,2012-01-06,
1249,761594855,C,2011-12-08,2012-01-11,105,Offline,4,1697,185448.16,60820.48,124627.68,2011-12-08,2012-01-11,2012-01-11,188132529b529d0ba69fa7469a2d07e1,2012-01-11,2012-01-11,
1250,349870622,M,2011-12-08,2012-01-23,89,Online,4,3347,365760.16,119956.48,245803.68,2011-12-08,2012-01-23,2012-01-23,0f63136b5e80b39cd59f92c7f8722224,2012-01-23,2012-01-23,
1251,264778506,H,2011-12-08,2012-01-27,83,Offline,10,2699,1180002.8,710727.67,469275.13,2011-12-08,2012-01-27,2012-01-27,2754bd6c188c52b876104f276aa3d0e5,2012-01-27,2012-01-27,
1252,247815358,M,2011-12-09,2012-01-08,9,Offline,6,2926,450779.56,266061.18,184718.38,2011-12-09,2012-01-08,2012-01-08,dd7f25fd2f31c3e6eb81ec8bafc9acb8,2012-01-08,2012-01-08,
1253,528477418,M,2011-12-09,2012-01-14,59,Online,8,7067,1804063.76,1126621.14,677442.62,2011-12-09,2012-01-14,2012-01-14,d058c1b1cd1e00d756bc3a53d65fbd0d,2012-01-14,2012-01-14,
1254,281151568,H,2011-12-09,2012-01-22,133,Offline,1,7852,73259.16,54335.84,18923.32,2011-12-09,2012-01-22,2012-01-22,a27f218bb8066847b25636bf84d554ab,2012-01-22,2012-01-22,
1255,572164809,C,2011-12-09,2012-01-25,59,Offline,9,5137,2167248.93,1873412.53,293836.4,2011-12-09,2012-01-25,2012-01-25,d58ee0d4404b78400c79fad447615c25,2012-01-25,2012-01-25,
1256,337354791,L,2011-12-09,2012-01-28,108,Offline,10,9634,4211984.8,2536921.22,1675063.58,2011-12-09,2012-01-28,2012-01-28,52fee66e879c718413ce72000258ff18,2012-01-28,2012-01-28,
1257,208221232,H,2011-12-10,2011-12-28,116,Offline,7,6145,1264026.5,719640.95,544385.55,2011-12-10,2011-12-28,2011-12-28,ced1efe105891da63a96f07d74286e35,2011-12-28,2011-12-28,
1258,245650708,H,2011-12-10,2012-01-09,49,Offline,6,2358,363273.48,214412.94,148860.54,2011-12-10,2012-01-09,2012-01-09,2dfc7eabbff4eb5835bb210898eca376,2012-01-09,2012-01-09,
1259,253719222,C,2011-12-11,2011-12-13,41,Online,11,11,7163.31,5774.56,1388.75,2011-12-11,2011-12-13,2011-12-13,cfb2161e4e08228cbb9cb1a0f0a1bc50,2011-12-13,2011-12-13,
1260,101836669,M,2011-12-12,2011-12-14,135,Online,12,4588,3066022.76,2305653.52,760369.24,2011-12-12,2011-12-14,2011-12-14,e8a103b9985cad49a15eb1dad3d5319f,2011-12-14,2011-12-14,
1261,299335229,M,2011-12-12,2011-12-24,26,Offline,10,8801,3847797.2,2317567.33,1530229.87,2011-12-12,2011-12-24,2011-12-24,0b94b5d8ac424f5b0ccbd781e63e2d32,2011-12-24,2011-12-24,
1262,589876401,L,2011-12-14,2011-12-29,57,Online,2,6390,303205.5,203138.1,100067.4,2011-12-14,2011-12-29,2011-12-29,714387793f17a7d317cdfeb5a62485b0,2011-12-29,2011-12-29,
1263,847317397,M,2011-12-15,2011-12-18,139,Offline,9,8902,3755664.78,3246470.38,509194.4,2011-12-15,2011-12-18,2011-12-18,3c2f3ba9812966181069a00d8b64ea9b,2011-12-18,2011-12-18,
1264,342314517,H,2011-12-15,2012-01-06,80,Offline,11,7327,4771415.67,3846381.92,925033.75,2011-12-15,2012-01-06,2012-01-06,dd64d8b9730b100e0c2e95f36cf719c0,2012-01-06,2012-01-06,
1265,259151017,H,2011-12-15,2012-01-09,29,Online,7,7400,1522180,866614,655566,2011-12-15,2012-01-09,2012-01-09,4c522fff5f1919a6c0aa01c280cfc0bc,2012-01-09,2012-01-09,
1266,374824607,C,2011-12-18,2011-12-28,122,Online,4,7785,850744.8,279014.4,571730.4,2011-12-18,2011-12-28,2011-12-28,9125c136def467ab2200d186146faa75,2011-12-28,2011-12-28,
1267,991761863,M,2011-12-20,2011-12-24,108,Offline,1,3229,30126.57,22344.68,7781.89,2011-12-20,2011-12-24,2011-12-24,95d0be231dea0e53d180efc258f74539,2011-12-24,2011-12-24,
1268,443071591,L,2011-12-20,2012-01-01,61,Offline,4,3585,391768.8,128486.4,263282.4,2011-12-20,2012-01-01,2012-01-01,cb1fa8dab85b4a2884e0a66d6b01c833,2012-01-01,2012-01-01,
1269,424297845,M,2011-12-20,2012-01-08,30,Online,2,8016,380359.2,254828.64,125530.56,2011-12-20,2012-01-08,2012-01-08,8143c2f519a3f9b68cae093950ea207d,2012-01-08,2012-01-08,
1270,574015748,M,2011-12-20,2012-01-08,87,Online,12,2871,1918603.17,1442792.34,475810.83,2011-12-20,2012-01-08,2012-01-08,f3812d349bbf7771075022c63205e801,2012-01-08,2012-01-08,
1271,634312236,H,2011-12-20,2012-01-13,49,Offline,2,5941,281900.45,188864.39,93036.06,2011-12-20,2012-01-13,2012-01-13,d7a8911c69a8cd4884554eec83f9bfb0,2012-01-13,2012-01-13,
1272,380610454,C,2011-12-21,2011-12-29,30,Offline,9,9946,4196117.94,3627206.74,568911.2,2011-12-21,2011-12-29,2011-12-29,90962380ff5ea81238077c3ac0a0ba43,2011-12-29,2011-12-29,
1273,719404351,H,2011-12-21,2012-01-10,118,Online,11,6589,4290822.69,3458961.44,831861.25,2011-12-21,2012-01-10,2012-01-10,fc6dceccc5daff5b2e8387919ed8f4f1,2012-01-10,2012-01-10,
1274,201531589,M,2011-12-22,2012-01-09,161,Online,4,6530,713598.4,234035.2,479563.2,2011-12-22,2012-01-09,2012-01-09,11ef53ae9bcd23533f794bfd5f9eca3b,2012-01-09,2012-01-09,
1275,866603553,M,2011-12-22,2012-02-07,103,Offline,7,6104,1255592.8,714839.44,540753.36,2011-12-22,2012-02-07,2012-02-07,2ff774b3f2332bba84af857383f1c8cc,2012-02-07,2012-02-07,
1276,168195378,L,2011-12-23,2011-12-27,110,Offline,4,1605,175394.4,57523.2,117871.2,2011-12-23,2011-12-27,2011-12-27,5ed190de22bbbe28ba27e6ccd10c20d0,2011-12-27,2011-12-27,
1277,450550019,M,2011-12-24,2012-01-02,153,Offline,8,6618,1689443.04,1055041.56,634401.48,2011-12-24,2012-01-02,2012-01-02,f1b8482c4c0a5f7dd1d42df9d5dbc366,2012-01-02,2012-01-02,
1278,807999646,L,2011-12-24,2012-02-03,35,Offline,6,3906,601758.36,355172.58,246585.78,2011-12-24,2012-02-03,2012-02-03,05ef2d755cbc528b80cd36e23aaf4862,2012-02-03,2012-02-03,
1279,219597232,H,2011-12-25,2012-01-05,121,Offline,1,2556,23847.48,17687.52,6159.96,2011-12-25,2012-01-05,2012-01-05,e076813c8e08f5d8e21cd339b799daa6,2012-01-05,2012-01-05,
1280,371361768,C,2011-12-25,2012-01-30,131,Offline,12,3054,2040896.58,1534757.16,506139.42,2011-12-25,2012-01-30,2012-01-30,8881b99aa0f67d8e6a5c5e9df2017977,2012-01-30,2012-01-30,
1281,394110763,C,2011-12-26,2011-12-29,180,Offline,6,4988,768451.28,453558.84,314892.44,2011-12-26,2011-12-29,2011-12-29,47e78e2dcf211e07d16fcd44df1fc4ee,2011-12-29,2011-12-29,
1282,239945542,L,2011-12-27,2012-01-25,51,Offline,10,4073,1780715.6,1072543.09,708172.51,2011-12-27,2012-01-25,2012-01-25,e638ebad52201a1ddde7bce7974d4500,2012-01-25,2012-01-25,
1283,507973754,H,2011-12-28,2012-01-12,6,Online,8,9577,2444816.56,1526765.34,918051.22,2011-12-28,2012-01-12,2012-01-12,c06e384da21d5f8ed8e1f4d924737148,2012-01-12,2012-01-12,
1284,499551188,M,2011-12-28,2012-01-14,2,Online,4,7153,781679.84,256363.52,525316.32,2011-12-28,2012-01-14,2012-01-14,b8bd0ae7c1dd3f347b5e47fdf48658a9,2012-01-14,2012-01-14,
1285,992156255,M,2011-12-28,2012-01-25,124,Offline,12,9939,6641935.53,4994745.06,1647190.47,2011-12-28,2012-01-25,2012-01-25,7e7a10a98f80f48829a581c7de071b55,2012-01-25,2012-01-25,
1286,969289243,C,2011-12-28,2012-02-02,32,Online,12,3082,2059608.14,1548828.28,510779.86,2011-12-28,2012-02-02,2012-02-02,ddb3e29d815ca4f2e5a5570cf78ae281,2012-02-02,2012-02-02,
1287,894548308,M,2011-12-28,2012-02-02,116,Offline,12,5578,3727610.06,2803168.12,924441.94,2011-12-28,2012-02-02,2012-02-02,99ce6311cd94a60892e14e542d2936d9,2012-02-02,2012-02-02,
1288,449487864,C,2011-12-29,2012-02-01,59,Offline,12,2303,1539025.81,1157349.62,381676.19,2011-12-29,2012-02-01,2012-02-01,0d5a67f3ca9a513ff436281bbdaef5a5,2012-02-01,2012-02-01,
1289,846413600,L,2011-12-30,2011-12-31,138,Online,5,1448,220935.84,141093.12,79842.72,2011-12-30,2011-12-31,2011-12-31,20dec27f8fd3c756a051cac74da75428,2011-12-31,2011-12-31,
1290,954254710,C,2011-12-31,2012-01-15,7,Online,8,4029,1028523.12,642303.18,386219.94,2011-12-31,2012-01-15,2012-01-15,5d323348865cbf2046a7a90b5ab1ec43,2012-01-15,2012-01-15,
1291,586099851,H,2012-01-01,2012-01-14,76,Online,7,8825,1815302.5,1033495.75,781806.75,2012-01-01,2012-01-14,2012-01-14,868da167003bb0af0cb9b5e2c0455ded,2012-01-14,2012-01-14,
1293,810322654,L,2012-01-02,2012-01-15,117,Offline,7,1335,274609.5,156341.85,118267.65,2012-01-02,2012-01-15,2012-01-15,0eedc13f3b68977b44e7051354d9f8b8,2012-01-15,2012-01-15,
1294,957875907,L,2012-01-02,2012-01-16,98,Offline,5,5622,857804.76,547807.68,309997.08,2012-01-02,2012-01-16,2012-01-16,f553502135d5fa45145bdd6667edad93,2012-01-16,2012-01-16,
1295,542294442,H,2012-01-02,2012-01-30,39,Online,1,5831,54403.23,40350.52,14052.71,2012-01-02,2012-01-30,2012-01-30,ab8e8c37587fca03bc3f44bf63f88458,2012-01-30,2012-01-30,
1296,527259910,H,2012-01-04,2012-01-11,4,Online,3,6779,554047.67,384165.93,169881.74,2012-01-04,2012-01-11,2012-01-11,c837c2fcfd37bc43a3f08f8043369fcf,2012-01-11,2012-01-11,
1297,458658874,M,2012-01-04,2012-02-03,3,Offline,9,6208,2619093.12,2263995.52,355097.6,2012-01-04,2012-02-03,2012-02-03,f0546bc995013f1e05660fdf0307f444,2012-02-03,2012-02-03,
1298,300754439,C,2012-01-04,2012-02-06,81,Online,1,8777,81889.41,60736.84,21152.57,2012-01-04,2012-02-06,2012-02-06,e724dfc57fc7937e560d4d75387bb964,2012-02-06,2012-02-06,
1299,739320933,L,2012-01-04,2012-02-10,121,Online,1,348,3246.84,2408.16,838.68,2012-01-04,2012-02-10,2012-02-10,a3b568039a57e633182645987ec6409c,2012-02-10,2012-02-10,
1301,801546037,H,2012-01-05,2012-02-15,123,Online,12,4139,2765969.53,2080013.06,685956.47,2012-01-05,2012-02-15,2012-02-15,a7be4c4943fb87d7fc84155d87375fae,2012-02-15,2012-02-15,
1302,185947310,L,2012-01-06,2012-01-27,137,Online,3,4796,391977.08,271789.32,120187.76,2012-01-06,2012-01-27,2012-01-27,477f3b0e63aee8226711871a1c2ce009,2012-01-27,2012-01-27,
1303,325314033,H,2012-01-06,2012-01-30,43,Online,4,6506,710975.68,233175.04,477800.64,2012-01-06,2012-01-30,2012-01-30,e0f9db09c490706b4c050c0f79e909db,2012-01-30,2012-01-30,
1304,420875346,L,2012-01-06,2012-02-18,90,Offline,10,5223,2283495.6,1375372.59,908123.01,2012-01-06,2012-02-18,2012-02-18,2b1d7011170b76656dc72733c89f4603,2012-02-18,2012-02-18,
1305,715863835,C,2012-01-07,2012-01-26,37,Online,6,8872,1366820.32,806730.96,560089.36,2012-01-07,2012-01-26,2012-01-26,f29c38a8804722df264c6f81ac64214c,2012-01-26,2012-01-26,
1306,125532805,M,2012-01-07,2012-02-17,38,Offline,8,6802,1736414.56,1084374.84,652039.72,2012-01-07,2012-02-17,2012-02-17,78bca4ee0184bcf0c2fcf76ed68a6971,2012-02-17,2012-02-17,
1307,399936950,H,2012-01-07,2012-02-26,150,Online,11,9086,5916894.06,4769786.56,1147107.5,2012-01-07,2012-02-26,2012-02-26,64b656f8f39dfa33332c0f84c68ef86d,2012-02-26,2012-02-26,
1308,399700915,C,2012-01-08,2012-02-27,71,Offline,12,9238,6173478.26,4642464.52,1531013.74,2012-01-08,2012-02-27,2012-02-27,27bcfb51515771306090168ef9c71a88,2012-02-27,2012-02-27,
1309,357942140,M,2012-01-09,2012-02-16,176,Offline,9,1888,796528.32,688534.72,107993.6,2012-01-09,2012-02-16,2012-02-16,97f59c9b526edf6ff6b6828a17d9e80f,2012-02-16,2012-02-16,
1310,314136731,H,2012-01-10,2012-01-12,85,Offline,12,8894,5943593.38,4469590.76,1474002.62,2012-01-10,2012-01-12,2012-01-12,7b403908124d74b3b6047c8597e69da2,2012-01-12,2012-01-12,
1311,415837943,M,2012-01-10,2012-02-23,34,Offline,8,4543,1159737.04,724245.06,435491.98,2012-01-10,2012-02-23,2012-02-23,3dc69bb1183d1355e51d282de968d1c8,2012-02-23,2012-02-23,
1312,561462581,M,2012-01-10,2012-02-24,170,Offline,9,8109,3421106.01,2957271.21,463834.8,2012-01-10,2012-02-24,2012-02-24,b4d96b544843f4b9a3d7e37af5682305,2012-02-24,2012-02-24,
1313,623687684,H,2012-01-10,2012-02-29,176,Offline,2,1900,90155,60401,29754,2012-01-10,2012-02-29,2012-02-29,afcbae40d9bb3c6272f658f435c5cee3,2012-02-29,2012-02-29,
1314,899784409,M,2012-01-12,2012-01-18,168,Offline,2,5057,239954.65,160762.03,79192.62,2012-01-12,2012-01-18,2012-01-18,f277d86ccf2885c90367de3d4606bef9,2012-01-18,2012-01-18,
1315,371796500,H,2012-01-12,2012-01-19,130,Offline,11,1701,1107708.21,892956.96,214751.25,2012-01-12,2012-01-19,2012-01-19,e8311d934b87053eaf20d6067ddb857e,2012-01-19,2012-01-19,
1316,778955399,H,2012-01-13,2012-02-29,55,Offline,4,9068,990951.04,324997.12,665953.92,2012-01-13,2012-02-29,2012-02-29,307896e569fde686e8e3389cf5808303,2012-02-29,2012-02-29,
1317,847320401,M,2012-01-14,2012-02-07,3,Offline,7,9791,2014008.7,1146624.01,867384.69,2012-01-14,2012-02-07,2012-02-07,a514c3d1a39e2c874db8bc2c8b167ba1,2012-02-07,2012-02-07,
1318,533322131,L,2012-01-15,2012-01-18,110,Online,9,725,305870.25,264400.25,41470,2012-01-15,2012-01-18,2012-01-18,ed55bb1c27b25cf6e7bdd6eab8af61ac,2012-01-18,2012-01-18,
1319,888843142,L,2012-01-15,2012-02-19,158,Offline,3,7293,596056.89,413294.31,182762.58,2012-01-15,2012-02-19,2012-02-19,4880c707764a0131153875ae52fa743a,2012-02-19,2012-02-19,
1320,874162662,L,2012-01-15,2012-02-24,125,Offline,8,3012,768903.36,480173.04,288730.32,2012-01-15,2012-02-24,2012-02-24,d2abc1a78e8412e5fa6bfcc210f4d4de,2012-02-24,2012-02-24,
1322,200432097,L,2012-01-17,2012-01-31,28,Online,12,1167,779871.09,586464.18,193406.91,2012-01-17,2012-01-31,2012-01-31,890544058f0087d76a0be375bd2e953f,2012-01-31,2012-01-31,
1323,345820701,M,2012-01-17,2012-02-01,129,Online,11,4885,3181160.85,2564429.6,616731.25,2012-01-17,2012-02-01,2012-02-01,e6d6e4772e0aadd6c1540bb565f1ffc2,2012-02-01,2012-02-01,
1324,179493701,H,2012-01-17,2012-02-07,41,Offline,2,5030,238673.5,159903.7,78769.8,2012-01-17,2012-02-07,2012-02-07,f87240346f6371a05b6e040d580f1a5c,2012-02-07,2012-02-07,
1325,239554154,L,2012-01-18,2012-02-13,145,Offline,11,8253,5374436.13,4332494.88,1041941.25,2012-01-18,2012-02-13,2012-02-13,9d19406d0e3ab6e7aef4c3403d23b10f,2012-02-13,2012-02-13,
1326,516122949,M,2012-01-18,2012-02-21,94,Online,5,1105,168600.9,107671.2,60929.7,2012-01-18,2012-02-21,2012-02-21,191f1d70fca9e16906493cbdf4e546d6,2012-02-21,2012-02-21,
1327,349795949,H,2012-01-18,2012-02-26,111,Offline,6,1249,192420.94,113571.57,78849.37,2012-01-18,2012-02-26,2012-02-26,23f42cc798c1ad82accb01dcd0d13097,2012-02-26,2012-02-26,
1328,170835101,H,2012-01-19,2012-02-12,182,Offline,2,2758,130867.1,87676.82,43190.28,2012-01-19,2012-02-12,2012-02-12,0b67c2ccc7545531b65311d215200cb3,2012-02-12,2012-02-12,
1329,391200673,L,2012-01-19,2012-02-13,147,Online,11,3827,2492180.67,2009021.92,483158.75,2012-01-19,2012-02-13,2012-02-13,6c3e1a04f33e46919ff9627aa82f8e9b,2012-02-13,2012-02-13,
1330,939772927,C,2012-01-20,2012-03-03,81,Online,3,8548,698628.04,484415.16,214212.88,2012-01-20,2012-03-03,2012-03-03,8b431d080ca747dfb4c9213064189a00,2012-03-03,2012-03-03,
1331,504945647,M,2012-01-22,2012-02-03,146,Offline,4,3493,381715.04,125189.12,256525.92,2012-01-22,2012-02-03,2012-02-03,ffefb2bd6365c9a5a869712b5b39f5ec,2012-02-03,2012-02-03,
1332,806192052,H,2012-01-22,2012-02-28,12,Online,7,8998,1850888.6,1053755.78,797132.82,2012-01-22,2012-02-28,2012-02-28,de901b2329b47af757f72228f39ad554,2012-02-28,2012-02-28,
1333,804263436,H,2012-01-22,2012-02-28,120,Online,5,8278,1263057.24,806608.32,456448.92,2012-01-22,2012-02-28,2012-02-28,002740bdb9dec4be108894a56d07b3e9,2012-02-28,2012-02-28,
1334,583543813,C,2012-01-23,2012-02-02,41,Online,1,2437,22737.21,16864.04,5873.17,2012-01-23,2012-02-02,2012-02-02,e9523d6f570b49cd5f9f5c4853f71939,2012-02-02,2012-02-02,
1335,194922626,H,2012-01-23,2012-02-07,11,Offline,8,791,201926.48,126101.22,75825.26,2012-01-23,2012-02-07,2012-02-07,ae62a39986f6734bbb4be879be68ac8f,2012-02-07,2012-02-07,
1336,706301438,M,2012-01-23,2012-02-11,24,Offline,12,9146,6111997.42,4596230.84,1515766.58,2012-01-23,2012-02-11,2012-02-11,368f905a7a8e7a5b599e57b64b66de86,2012-02-11,2012-02-11,
1337,602081525,H,2012-01-24,2012-01-28,93,Online,1,8158,76114.14,56453.36,19660.78,2012-01-24,2012-01-28,2012-01-28,30261e3c1c9221d62f376942a71e920e,2012-01-28,2012-01-28,
1338,749752795,L,2012-01-24,2012-02-23,73,Online,11,7368,4798115.28,3867905.28,930210,2012-01-24,2012-02-23,2012-02-23,3122e38270146e14a845cb8089c9a7c1,2012-02-23,2012-02-23,
1339,763961207,M,2012-01-25,2012-02-19,44,Offline,11,1953,1271813.13,1025246.88,246566.25,2012-01-25,2012-02-19,2012-02-19,a4e7525c422d6b06a3977672bf43219c,2012-02-19,2012-02-19,
1340,516635358,H,2012-01-25,2012-02-26,90,Online,12,2738,1829723.26,1375954.52,453768.74,2012-01-25,2012-02-26,2012-02-26,ca4592fbac6bea88c1f538727ea22b74,2012-02-26,2012-02-26,
1341,863851821,H,2012-01-25,2012-03-07,63,Offline,5,1805,275406.9,175879.2,99527.7,2012-01-25,2012-03-07,2012-03-07,0ecb13da1cf6a226477520c258de8ac1,2012-03-07,2012-03-07,
1343,981808078,L,2012-01-27,2012-01-28,66,Online,5,7683,1172272.14,748631.52,423640.62,2012-01-27,2012-01-28,2012-01-28,e7c4577615a7198760176691bd9aadbc,2012-01-28,2012-01-28,
1344,158713662,M,2012-01-27,2012-01-28,106,Offline,5,5754,877945.32,560669.76,317275.56,2012-01-27,2012-01-28,2012-01-28,fa403a0260f0f0cab04e15f21cb0b6f8,2012-01-28,2012-01-28,
1345,433117806,H,2012-01-27,2012-02-06,109,Online,1,8039,75003.87,55629.88,19373.99,2012-01-27,2012-02-06,2012-02-06,29e8efbf5b2fc26110b2fd4f356f4604,2012-02-06,2012-02-06,
1346,190003240,L,2012-01-27,2012-03-08,161,Online,7,5036,1035905.2,589765.96,446139.24,2012-01-27,2012-03-08,2012-03-08,06a10cac8117ebee78730846e07c39dd,2012-03-08,2012-03-08,
1347,711733233,L,2012-01-27,2012-03-09,174,Offline,6,6535,1006782.1,594227.55,412554.55,2012-01-27,2012-03-09,2012-03-09,53cb0ff61a22f7de414bc45be8510f32,2012-03-09,2012-03-09,
1348,100463807,M,2012-01-28,2012-02-18,85,Online,1,8328,77700.24,57629.76,20070.48,2012-01-28,2012-02-18,2012-02-18,b4717ac11d3b2482a933f2e4e92810ae,2012-02-18,2012-02-18,
1349,601255404,L,2012-01-28,2012-02-26,159,Online,12,3690,2465916.3,1854372.6,611543.7,2012-01-28,2012-02-26,2012-02-26,ab9d0cc046aa3d32f78e573676d6acc2,2012-02-26,2012-02-26,
1350,896243894,H,2012-01-29,2012-02-03,22,Online,5,7340,1119937.2,715209.6,404727.6,2012-01-29,2012-02-03,2012-02-03,9ce362bb17829c4580320505c99b3d9a,2012-02-03,2012-02-03,
1351,214562833,C,2012-01-29,2012-03-02,69,Online,12,2765,1847766.55,1389523.1,458243.45,2012-01-29,2012-03-02,2012-03-02,37f574fd19c79bbd0a97e63dfb8d334b,2012-03-02,2012-03-02,
1352,202047002,H,2012-01-29,2012-03-06,155,Online,10,9053,3957971.6,2383926.49,1574045.11,2012-01-29,2012-03-06,2012-03-06,fc38aaf6ce730572a3bd751415610094,2012-03-06,2012-03-06,
1353,330590474,L,2012-01-30,2012-03-14,108,Online,11,7923,5159536.83,4159258.08,1000278.75,2012-01-30,2012-03-14,2012-03-14,c6f95ef534b315c2fa4f5ef6e0984221,2012-03-14,2012-03-14,
1354,623768365,M,2012-01-30,2012-03-16,105,Online,3,5776,472072.48,327325.92,144746.56,2012-01-30,2012-03-16,2012-03-16,9e6727406b79d3eee280ad3eb0d39efe,2012-03-16,2012-03-16,
1355,449018800,M,2012-01-31,2012-02-04,143,Online,5,3496,533419.68,340650.24,192769.44,2012-01-31,2012-02-04,2012-02-04,e5fe3201d8159b764cbdfd9c988223dc,2012-02-04,2012-02-04,
1356,455040681,L,2012-02-01,2012-02-02,147,Offline,6,5504,847946.24,500478.72,347467.52,2012-02-01,2012-02-02,2012-02-02,2c76db4158b7242c7fc9165d30a5d2c7,2012-02-02,2012-02-02,
1357,801313006,C,2012-02-05,2012-02-15,100,Online,3,5180,423361.4,293550.6,129810.8,2012-02-05,2012-02-15,2012-02-15,754a0d09b93cf7609dbbcafcf516945d,2012-02-15,2012-02-15,
1358,262973916,C,2012-02-05,2012-02-20,158,Online,3,8680,709416.4,491895.6,217520.8,2012-02-05,2012-02-20,2012-02-20,02c4deacc291869861361ccaef11eec1,2012-02-20,2012-02-20,
1359,840671098,C,2012-02-05,2012-02-27,150,Offline,8,2114,539661.92,337013.88,202648.04,2012-02-05,2012-02-27,2012-02-27,f429a7837648828d8e73afe6fada7a0c,2012-02-27,2012-02-27,
1360,900967586,L,2012-02-05,2012-03-03,183,Online,1,5185,48376.05,35880.2,12495.85,2012-02-05,2012-03-03,2012-03-03,ac71db9f696714c1d7994b374f09e2ec,2012-03-03,2012-03-03,
1361,117467296,L,2012-02-05,2012-03-15,102,Online,11,38,24745.98,19948.48,4797.5,2012-02-05,2012-03-15,2012-03-15,e32d46c3296dffe32e780400a2ca6a18,2012-03-15,2012-03-15,
1362,998693549,M,2012-02-05,2012-03-21,116,Offline,12,4469,2986498.63,2245851.26,740647.37,2012-02-05,2012-03-21,2012-03-21,127420c91ff67d6d603caad85504c7ec,2012-03-21,2012-03-21,
1363,429064881,H,2012-02-06,2012-02-15,53,Online,6,8688,1338473.28,789999.84,548473.44,2012-02-06,2012-02-15,2012-02-15,231c4234e59cbe5021f756929d2204c6,2012-02-15,2012-02-15,
1364,942372310,M,2012-02-06,2012-02-19,32,Offline,6,7763,1195967.78,705889.59,490078.19,2012-02-06,2012-02-19,2012-02-19,c776e285d64e164fc220c73219b7a05e,2012-02-19,2012-02-19,
1365,410291135,L,2012-02-06,2012-02-22,45,Offline,3,3119,254915.87,176753.73,78162.14,2012-02-06,2012-02-22,2012-02-22,8177658422665ec9aa0b96d03cc5be93,2012-02-22,2012-02-22,
1366,243964135,M,2012-02-06,2012-02-27,146,Online,7,3264,671404.8,382247.04,289157.76,2012-02-06,2012-02-27,2012-02-27,6504c4d4d51593f367f40d1c354c744f,2012-02-27,2012-02-27,
1367,919505298,L,2012-02-06,2012-02-27,68,Online,6,906,139578.36,82382.58,57195.78,2012-02-06,2012-02-27,2012-02-27,95d781f7274573c900bfd29cdcec2dab,2012-02-27,2012-02-27,
1368,549539840,L,2012-02-06,2012-03-22,142,Offline,11,9905,6450235.05,5199728.8,1250506.25,2012-02-06,2012-03-22,2012-03-22,614e847d4ca1870c43eb0b62b99d249b,2012-03-22,2012-03-22,
1369,786278474,H,2012-02-07,2012-03-19,179,Offline,2,6128,290773.6,194809.12,95964.48,2012-02-07,2012-03-19,2012-03-19,07aef7526d5b675bf12e729a68d57f7c,2012-03-19,2012-03-19,
1370,490935933,C,2012-02-08,2012-03-18,74,Offline,4,7707,842220.96,276218.88,566002.08,2012-02-08,2012-03-18,2012-03-18,477bcf61e276951cc6d4ad1089d24b60,2012-03-18,2012-03-18,
1371,185478246,H,2012-02-08,2012-03-20,78,Offline,4,5989,654477.92,214645.76,439832.16,2012-02-08,2012-03-20,2012-03-20,098574a340942798e4b30059dacafea3,2012-03-20,2012-03-20,
1372,205354487,H,2012-02-12,2012-02-20,32,Offline,10,7811,3414969.2,2056870.63,1358098.57,2012-02-12,2012-02-20,2012-02-20,3891bbec1b8649c9bdd52d912c4af120,2012-02-20,2012-02-20,
1373,128448903,L,2012-02-12,2012-02-21,157,Online,10,9740,4258328,2564834.2,1693493.8,2012-02-12,2012-02-21,2012-02-21,ffb285606ef3757664ce5d1b97c310cd,2012-02-21,2012-02-21,
1374,599997556,H,2012-02-13,2012-02-14,185,Offline,2,1465,69514.25,46572.35,22941.9,2012-02-13,2012-02-14,2012-02-14,da251eab52158a1208ff7e4f1646d850,2012-02-14,2012-02-14,
1375,321382129,C,2012-02-14,2012-03-04,13,Online,5,2969,453010.02,289299.36,163710.66,2012-02-14,2012-03-04,2012-03-04,4d323d82db2ad01cae111598f54813b7,2012-03-04,2012-03-04,
1376,217516267,M,2012-02-14,2012-03-14,9,Online,3,6752,551840.96,382635.84,169205.12,2012-02-14,2012-03-14,2012-03-14,3e14644f3cf6aa442b6858785dd9ce7c,2012-03-14,2012-03-14,
1377,364715468,M,2012-02-15,2012-02-19,144,Offline,10,6267,2739932.4,1650289.11,1089643.29,2012-02-15,2012-02-19,2012-02-19,eafcc8140bfae87b315d4b8f608279cf,2012-02-19,2012-02-19,
1378,684853637,H,2012-02-15,2012-04-03,28,Offline,4,2265,247519.2,81177.6,166341.6,2012-02-15,2012-04-03,2012-04-03,1fc320bdedebb8a59b30c18e6bad2d97,2012-04-03,2012-04-03,
1379,873929631,M,2012-02-16,2012-02-25,16,Offline,2,4053,192314.85,128844.87,63469.98,2012-02-16,2012-02-25,2012-02-25,50609be1dd4790b97aa3d4ef613ca582,2012-02-25,2012-02-25,
1380,767899119,L,2012-02-16,2012-03-07,80,Online,3,7269,594095.37,411934.23,182161.14,2012-02-16,2012-03-07,2012-03-07,abd00af976292675a0b16bec6289aaab,2012-03-07,2012-03-07,
1381,775849616,C,2012-02-17,2012-03-05,28,Offline,11,9997,6510146.37,5248025.12,1262121.25,2012-02-17,2012-03-05,2012-03-05,5e4749b13a9e30b6231c1a3ec647ac12,2012-03-05,2012-03-05,
1382,694968783,L,2012-02-17,2012-04-02,133,Online,9,5562,2346552.18,2028405.78,318146.4,2012-02-17,2012-04-02,2012-04-02,6c03b2ac61cfe81a2a6e952fabe104c3,2012-04-02,2012-04-02,
1383,160722959,C,2012-02-17,2012-04-05,178,Online,4,350,38248,12544,25704,2012-02-17,2012-04-05,2012-04-05,dd0b894777d509709f32761532baa6d1,2012-04-05,2012-04-05,
1384,104165685,L,2012-02-19,2012-03-06,11,Online,12,3796,2536752.92,1907641.84,629111.08,2012-02-19,2012-03-06,2012-03-06,7cf56aafbffba5785d6dcdd977d3f263,2012-03-06,2012-03-06,
1385,515771901,L,2012-02-19,2012-03-19,137,Offline,6,7222,1112621.32,656696.46,455924.86,2012-02-19,2012-03-19,2012-03-19,07c0985750e4a351f42fbe785b6e2bc3,2012-03-19,2012-03-19,
1386,939539897,L,2012-02-20,2012-03-03,38,Offline,11,9589,6244452.69,5033841.44,1210611.25,2012-02-20,2012-03-03,2012-03-03,c1f732c56a663be032e72d18f29c71ce,2012-03-03,2012-03-03,
1387,168319404,H,2012-02-20,2012-03-10,91,Online,11,8307,5409601.47,4360842.72,1048758.75,2012-02-20,2012-03-10,2012-03-10,f09b06115a7a8093e15223136623bf15,2012-03-10,2012-03-10,
1388,652501904,M,2012-02-21,2012-03-25,45,Online,7,8668,1783007.6,1015109.48,767898.12,2012-02-21,2012-03-25,2012-03-25,1479f6f01dc80f8ae668920ff1109645,2012-03-25,2012-03-25,
1389,540095460,L,2012-02-22,2012-03-13,2,Online,10,5104,2231468.8,1344036.32,887432.48,2012-02-22,2012-03-13,2012-03-13,dbed7a5ca136e8bba2a8e6683004a7d3,2012-03-13,2012-03-13,
1390,986966502,M,2012-02-22,2012-04-09,68,Offline,8,4175,1065794,665578.5,400215.5,2012-02-22,2012-04-09,2012-04-09,d3e385b2444771f2efbedaaf466a0c60,2012-04-09,2012-04-09,
1391,795371806,H,2012-02-24,2012-03-04,115,Offline,4,7047,770096.16,252564.48,517531.68,2012-02-24,2012-03-04,2012-03-04,5fc0c0dc59a2d2aaeb9baee0658600d4,2012-03-04,2012-03-04,
1392,504240548,C,2012-02-24,2012-03-27,52,Offline,10,4838,2115173.6,1273990.54,841183.06,2012-02-24,2012-03-27,2012-03-27,5ea773d46812c70708797b6a412dc1db,2012-03-27,2012-03-27,
1393,566347634,C,2012-02-25,2012-03-06,1,Offline,1,3705,34567.65,25638.6,8929.05,2012-02-25,2012-03-06,2012-03-06,033b45eadf96c22dfca4ea8850d0c301,2012-03-06,2012-03-06,
1394,385340154,M,2012-02-26,2012-03-18,88,Offline,10,9569,4183566.8,2519804.77,1663762.03,2012-02-26,2012-03-18,2012-03-18,e19b558c39adaeac10244a8df5b03f5e,2012-03-18,2012-03-18,
1395,640970551,L,2012-02-26,2012-04-02,19,Offline,2,6285,298223.25,199800.15,98423.1,2012-02-26,2012-04-02,2012-04-02,d204f157ebdb88a1f05aa9aed48b4776,2012-04-02,2012-04-02,
1396,915020644,M,2012-02-28,2012-03-18,55,Offline,1,3797,35426.01,26275.24,9150.77,2012-02-28,2012-03-18,2012-03-18,c2a29ba0d1b086322017cc5413157280,2012-03-18,2012-03-18,
1397,503178393,M,2012-02-29,2012-03-06,184,Offline,5,523,79799.34,50961.12,28838.22,2012-02-29,2012-03-06,2012-03-06,93c91733d2e8617b489cc658333bd44e,2012-03-06,2012-03-06,
1398,183158242,H,2012-02-29,2012-04-07,168,Offline,12,9449,6314483.23,4748500.46,1565982.77,2012-02-29,2012-04-07,2012-04-07,02694ffdda35bf72fd3a31999025eb16,2012-04-07,2012-04-07,
1399,176782310,H,2012-03-01,2012-03-16,14,Offline,8,2669,681342.32,425491.98,255850.34,2012-03-01,2012-03-16,2012-03-16,208de95618a599ea1e676e6b8edc652b,2012-03-16,2012-03-16,
1400,991454160,L,2012-03-01,2012-03-19,31,Offline,4,2173,237465.44,77880.32,159585.12,2012-03-01,2012-03-19,2012-03-19,ba742c69458837752705e5986d6c39da,2012-03-19,2012-03-19,
1401,459372985,H,2012-03-01,2012-03-22,23,Offline,8,7529,1922003.12,1200273.18,721729.94,2012-03-01,2012-03-22,2012-03-22,7e03933bc4fae8de45f1d23ff4a5b4f9,2012-03-22,2012-03-22,
1402,891681563,M,2012-03-01,2012-03-27,32,Offline,12,7245,4841616.15,3640902.3,1200713.85,2012-03-01,2012-03-27,2012-03-27,c194859dfda73fbd410cba04cda54d77,2012-03-27,2012-03-27,
1403,956071317,M,2012-03-01,2012-03-31,35,Offline,10,1603,700831.6,422117.99,278713.61,2012-03-01,2012-03-31,2012-03-31,6565e136e1e63b438c8bef008e2dcfc2,2012-03-31,2012-03-31,
1404,303515183,H,2012-03-01,2012-04-18,16,Online,6,5742,884612.52,522120.06,362492.46,2012-03-01,2012-04-18,2012-04-18,87e35987203d4ebbcfe316113d38826f,2012-04-18,2012-04-18,
1405,899868094,C,2012-03-02,2012-03-26,33,Online,1,9821,91629.93,67961.32,23668.61,2012-03-02,2012-03-26,2012-03-26,db3efa4b479ac30e73b6fe24904b2902,2012-03-26,2012-03-26,
1406,760619390,C,2012-03-02,2012-04-16,32,Online,6,3035,467572.1,275972.55,191599.55,2012-03-02,2012-04-16,2012-04-16,1d09253357a8bdd0559959dc85cde1d5,2012-04-16,2012-04-16,
1407,263685023,L,2012-03-03,2012-04-08,85,Offline,11,9113,5934476.73,4783960.48,1150516.25,2012-03-03,2012-04-08,2012-04-08,6820e7b3c5758e552fd32ac99a0c89a4,2012-04-08,2012-04-08,
1408,338425958,H,2012-03-03,2012-04-08,27,Offline,11,6616,4308405.36,3473135.36,835270,2012-03-03,2012-04-08,2012-04-08,82a72f89a31e135f506441bcf665862b,2012-04-08,2012-04-08,
1409,381759297,C,2012-03-04,2012-03-25,140,Online,4,9914,1083401.92,355317.76,728084.16,2012-03-04,2012-03-25,2012-03-25,bcf6318d79f3c0a7fc5105c0527cf75c,2012-03-25,2012-03-25,
1410,246603858,H,2012-03-05,2012-04-15,139,Offline,10,4417,1931112.4,1163128.61,767983.79,2012-03-05,2012-04-15,2012-04-15,5cab5ef79f4e1cecf179d0353dc5ad04,2012-04-15,2012-04-15,
1411,454453599,L,2012-03-05,2012-04-21,12,Offline,10,1774,775592.8,467147.42,308445.38,2012-03-05,2012-04-21,2012-04-21,7fbaade155c01206def9684e94dd9c1a,2012-04-21,2012-04-21,
1413,302216994,M,2012-03-07,2012-03-29,57,Offline,1,1579,14732.07,10926.68,3805.39,2012-03-07,2012-03-29,2012-03-29,f8b306f3e9c80c7c1cb8fa9521e01b75,2012-03-29,2012-03-29,
1414,840084016,C,2012-03-09,2012-03-26,159,Online,5,8384,1279230.72,816936.96,462293.76,2012-03-09,2012-03-26,2012-03-26,e9946f54392548bf51950026105dfa5a,2012-03-26,2012-03-26,
1415,326540553,L,2012-03-10,2012-03-23,53,Online,7,9461,1946127.7,1107977.71,838149.99,2012-03-10,2012-03-23,2012-03-23,0760b4dd6ec71ce6a4e47fc23d5e7693,2012-03-23,2012-03-23,
1416,544741475,C,2012-03-10,2012-03-25,101,Online,3,9963,814275.99,564603.21,249672.78,2012-03-10,2012-03-25,2012-03-25,8eee7a193cb15cd84875cc3653170112,2012-03-25,2012-03-25,
1417,702763926,H,2012-03-10,2012-04-17,52,Offline,1,2318,21626.94,16040.56,5586.38,2012-03-10,2012-04-17,2012-04-17,d6bb081551ba64c6e4a89dc52301f4f0,2012-04-17,2012-04-17,
1418,109914195,M,2012-03-12,2012-04-16,172,Offline,4,4908,536346.24,175902.72,360443.52,2012-03-12,2012-04-16,2012-04-16,1128002c0de9edea5701772e8fdc070e,2012-04-16,2012-04-16,
1419,255538833,M,2012-03-12,2012-04-18,156,Offline,1,8474,79062.42,58640.08,20422.34,2012-03-12,2012-04-18,2012-04-18,c3c8123263b7eb1795c41b4769f48e1c,2012-04-18,2012-04-18,
1420,340512931,C,2012-03-13,2012-03-21,159,Online,11,4198,2733779.58,2203782.08,529997.5,2012-03-13,2012-03-21,2012-03-21,c480b43f89608e0e2eca7f70e746cd5c,2012-03-21,2012-03-21,
1421,136874473,H,2012-03-13,2012-04-08,179,Offline,7,3053,628002.1,357536.83,270465.27,2012-03-13,2012-04-08,2012-04-08,12445f6976cae11e2b02a7d0b83586a2,2012-04-08,2012-04-08,
1422,334373033,H,2012-03-13,2012-04-18,82,Online,9,7266,3065452.74,2649837.54,415615.2,2012-03-13,2012-04-18,2012-04-18,2fab9de1e7d58c4e999b98d63637a822,2012-04-18,2012-04-18,
1423,448354041,H,2012-03-14,2012-04-05,38,Offline,3,6779,554047.67,384165.93,169881.74,2012-03-14,2012-04-05,2012-04-05,868b4871070ad7599fbe2f65be2bc8cc,2012-04-05,2012-04-05,
1424,631172120,C,2012-03-15,2012-04-20,75,Offline,9,6711,2831303.79,2447434.59,383869.2,2012-03-15,2012-04-20,2012-04-20,a8857f77c4f5b5fb0f54de2951b11c21,2012-04-20,2012-04-20,
1425,460751855,M,2012-03-15,2012-04-27,161,Offline,4,5568,608471.04,199557.12,408913.92,2012-03-15,2012-04-27,2012-04-27,def99eef6671677f27925ad178ddab50,2012-04-27,2012-04-27,
1426,566428315,H,2012-03-16,2012-03-23,118,Online,2,7581,359718.45,240999.99,118718.46,2012-03-16,2012-03-23,2012-03-23,3675c9b2a0f4e75915d10ed15008db37,2012-03-23,2012-03-23,
1427,971658599,H,2012-03-16,2012-05-03,170,Offline,8,4227,1079068.56,673868.34,405200.22,2012-03-16,2012-05-03,2012-05-03,01cedd7153c8ca3fbe5b66d29595bb60,2012-05-03,2012-05-03,
1428,938322389,M,2012-03-17,2012-04-20,124,Offline,8,9301,2374359.28,1482765.42,891593.86,2012-03-17,2012-04-20,2012-04-20,195a5d29d36c35bb5c4899ae4c5a2edc,2012-04-20,2012-04-20,
1429,946390902,H,2012-03-18,2012-03-23,65,Online,10,6954,3040288.8,1831196.82,1209091.98,2012-03-18,2012-03-23,2012-03-23,854e18d0f40a5305a739e1519dc1f507,2012-03-23,2012-03-23,
1430,755268275,M,2012-03-18,2012-04-06,53,Offline,6,9521,1466805.26,865744.53,601060.73,2012-03-18,2012-04-06,2012-04-06,1b6602810e08a9b5fad9e7cccd688b99,2012-04-06,2012-04-06,
1431,754796206,C,2012-03-20,2012-04-08,22,Online,2,9826,466243.7,312368.54,153875.16,2012-03-20,2012-04-08,2012-04-08,f97701f24a82aba43ae11f419a879ced,2012-04-08,2012-04-08,
1432,214292466,L,2012-03-20,2012-04-13,58,Online,5,2758,420815.64,268739.52,152076.12,2012-03-20,2012-04-13,2012-04-13,09be9fe59c7a6b5bb3e1730d5e5da641,2012-04-13,2012-04-13,
1433,567412793,M,2012-03-21,2012-03-27,58,Offline,1,8910,83130.3,61657.2,21473.1,2012-03-21,2012-03-27,2012-03-27,995445c3e447754aeb59d9a5bd99ef35,2012-03-27,2012-03-27,
1434,610864150,L,2012-03-22,2012-04-07,130,Offline,2,7132,338413.4,226726.28,111687.12,2012-03-22,2012-04-07,2012-04-07,f9b846ad2f40fc201a14a0fcb5517edd,2012-04-07,2012-04-07,
1435,263647687,M,2012-03-23,2012-03-30,185,Online,4,8064,881233.92,289013.76,592220.16,2012-03-23,2012-03-30,2012-03-30,e1790f62d5a818e7177b0b715d3c94d9,2012-03-30,2012-03-30,
1436,548403012,C,2012-03-23,2012-04-04,169,Online,12,3493,2334267.11,1755372.22,578894.89,2012-03-23,2012-04-04,2012-04-04,d8bb1938aec01edb4bdb8f4aa0c46445,2012-04-04,2012-04-04,
1437,456934964,L,2012-03-23,2012-05-05,137,Offline,9,6065,2558762.85,2211844.85,346918,2012-03-23,2012-05-05,2012-05-05,1dc4fd47bacd71edbc7660a44fd69057,2012-05-05,2012-05-05,
1438,741690289,C,2012-03-23,2012-05-10,26,Offline,9,1494,630303.66,544846.86,85456.8,2012-03-23,2012-05-10,2012-05-10,69439841049c294366339f63fed859d6,2012-05-10,2012-05-10,
1439,622907912,H,2012-03-24,2012-04-05,7,Offline,2,1148,54472.6,36494.92,17977.68,2012-03-24,2012-04-05,2012-04-05,8199e6fe41cc2a6c01830a77f2306168,2012-04-05,2012-04-05,
1440,720515859,H,2012-03-25,2012-03-29,104,Offline,8,5509,1406337.52,878244.78,528092.74,2012-03-25,2012-03-29,2012-03-29,700cfb90c2eedc1de65fd5e22505e328,2012-03-29,2012-03-29,
1441,350550401,H,2012-03-25,2012-04-22,30,Online,10,4508,1970897.6,1187091.64,783805.96,2012-03-25,2012-04-22,2012-04-22,4f40868d02154c5d02b5fa756ede79ff,2012-04-22,2012-04-22,
1442,483423173,C,2012-03-26,2012-04-29,86,Online,6,4514,695426.84,410458.02,284968.82,2012-03-26,2012-04-29,2012-04-29,16c3db9a34b53fcf7803a7f3fad15afa,2012-04-29,2012-04-29,
1444,339727151,C,2012-03-27,2012-04-27,115,Online,10,1668,729249.6,439234.44,290015.16,2012-03-27,2012-04-27,2012-04-27,d8d3a29bb9a7bb085c38647fd774b10a,2012-04-27,2012-04-27,
1445,846776664,L,2012-03-27,2012-05-03,158,Offline,5,8887,1355978.46,865949.28,490029.18,2012-03-27,2012-05-03,2012-05-03,0fa4c27af809750aa512b6e7b77546e7,2012-05-03,2012-05-03,
1446,106727731,C,2012-03-28,2012-04-05,80,Online,4,1962,214407.36,70318.08,144089.28,2012-03-28,2012-04-05,2012-04-05,a0924e4f875b49af8c46d6084dcd1a17,2012-04-05,2012-04-05,
1447,530613744,L,2012-03-28,2012-04-14,113,Online,1,9253,86330.49,64030.76,22299.73,2012-03-28,2012-04-14,2012-04-14,2b251ab2eb25160f2f9685c73ea92792,2012-04-14,2012-04-14,
1448,441192328,C,2012-03-29,2012-04-20,87,Offline,12,7469,4991308.63,3753471.26,1237837.37,2012-03-29,2012-04-20,2012-04-20,605b91436d4d478416ac8850f06c504b,2012-04-20,2012-04-20,
1449,659393250,H,2012-03-29,2012-04-22,92,Offline,10,7971,3484921.2,2099003.43,1385917.77,2012-03-29,2012-04-22,2012-04-22,bd573f1d27bd8d96eae0d39e576afdfe,2012-04-22,2012-04-22,
1450,931632745,L,2012-03-29,2012-05-02,149,Online,12,9687,6473531.49,4868104.98,1605426.51,2012-03-29,2012-05-02,2012-05-02,09f5b6c3c2186f5debf3a54d75468fd6,2012-05-02,2012-05-02,
1451,975320136,H,2012-03-29,2012-05-12,149,Offline,7,7757,1595614.9,908422.27,687192.63,2012-03-29,2012-05-12,2012-05-12,3cdbe6ea9a2fdd06f3ec0c4102439ba6,2012-05-12,2012-05-12,
1452,147778403,C,2012-03-30,2012-04-19,81,Offline,4,9768,1067447.04,350085.12,717361.92,2012-03-30,2012-04-19,2012-04-19,44647ea397d3b8af41734ecbfb3a378a,2012-04-19,2012-04-19,
1453,850279843,C,2012-03-31,2012-04-10,43,Offline,1,5556,51837.48,38447.52,13389.96,2012-03-31,2012-04-10,2012-04-10,a210096f59f26b642740a48e9318e910,2012-04-10,2012-04-10,
1454,264042079,L,2012-03-31,2012-05-01,111,Online,10,4774,2087192.8,1257137.42,830055.38,2012-03-31,2012-05-01,2012-05-01,4411dbae6f69ac304988c518ddbf1605,2012-05-01,2012-05-01,
1455,999879729,M,2012-03-31,2012-05-06,163,Offline,12,5486,3666129.22,2756934.44,909194.78,2012-03-31,2012-05-06,2012-05-06,0f226285715db4237f3acda5a8ea7564,2012-05-06,2012-05-06,
1456,388728320,C,2012-03-31,2012-05-10,32,Offline,5,2203,336133.74,214660.32,121473.42,2012-03-31,2012-05-10,2012-05-10,e5cdfe9814c7ec8a86ad41ad5ac5ff5b,2012-05-10,2012-05-10,
1457,565288484,M,2012-04-01,2012-04-06,6,Offline,3,279,22802.67,15810.93,6991.74,2012-04-01,2012-04-06,2012-04-06,936d3f660bb61449d27bfa39170c718c,2012-04-06,2012-04-06,
1458,134790503,M,2012-04-02,2012-04-26,23,Online,4,6360,695020.8,227942.4,467078.4,2012-04-02,2012-04-26,2012-04-26,481a5d366c19848002c3191a5cad3acf,2012-04-26,2012-04-26,
1459,192922341,C,2012-04-02,2012-05-01,94,Offline,2,8863,420549.35,281754.77,138794.58,2012-04-02,2012-05-01,2012-05-01,669afd5d8bb808ce8c212bda015c32b2,2012-05-01,2012-05-01,
1460,173676526,H,2012-04-05,2012-05-10,42,Offline,12,3598,2404435.46,1808138.92,596296.54,2012-04-05,2012-05-10,2012-05-10,38615af7155000008d621e27053a2944,2012-05-10,2012-05-10,
1461,620429551,H,2012-04-05,2012-05-11,173,Offline,10,7746,3386551.2,2039754.18,1346797.02,2012-04-05,2012-05-11,2012-05-11,d3252a6baea7ca30fa1c2fc46df906d4,2012-05-11,2012-05-11,
1462,907349526,C,2012-04-05,2012-05-16,145,Online,10,3743,1636439.6,985644.19,650795.41,2012-04-05,2012-05-16,2012-05-16,2ecdab6b2051ef1b77b6586cad61c74c,2012-05-16,2012-05-16,
1463,826350677,C,2012-04-05,2012-05-18,47,Online,2,4383,207973.35,139335.57,68637.78,2012-04-05,2012-05-18,2012-05-18,3e4e82280363ac30ea6dbc36d83bea51,2012-05-18,2012-05-18,
1464,722248780,H,2012-04-06,2012-04-08,58,Online,5,8319,1269313.02,810603.36,458709.66,2012-04-06,2012-04-08,2012-04-08,b710c12a6430735a43418ca4f810190c,2012-04-08,2012-04-08,
1465,244088160,H,2012-04-06,2012-05-13,6,Online,12,9966,6659978.82,5008313.64,1651665.18,2012-04-06,2012-05-13,2012-05-13,32d6aef4fd60f2e6b461bce63a5e7e8a,2012-05-13,2012-05-13,
1466,518492305,L,2012-04-06,2012-05-21,157,Offline,10,2250,983700,592492.5,391207.5,2012-04-06,2012-05-21,2012-05-21,f10fce29ab2ed964a12f8116e8309482,2012-05-21,2012-05-21,
1467,948518216,H,2012-04-07,2012-05-04,54,Offline,9,6473,2730893.97,2360638.37,370255.6,2012-04-07,2012-05-04,2012-05-04,0f79fc54c241cb3d21b90901e8835f22,2012-05-04,2012-05-04,
1468,719730079,H,2012-04-08,2012-05-06,101,Offline,4,2979,325545.12,106767.36,218777.76,2012-04-08,2012-05-06,2012-05-06,560fcbb74ebefcd70f5cf1bbfb350f5f,2012-05-06,2012-05-06,
1469,110743319,C,2012-04-08,2012-05-09,112,Offline,8,264,67393.92,42086.88,25307.04,2012-04-08,2012-05-09,2012-05-09,5beb7c2eec2dd2cae607f37549bfa8a0,2012-05-09,2012-05-09,
1470,160334575,C,2012-04-09,2012-04-23,133,Offline,3,5418,442813.14,307038.06,135775.08,2012-04-09,2012-04-23,2012-04-23,03774e53243ebe272bf975c2c57b36c3,2012-04-23,2012-04-23,
1471,871022546,M,2012-04-10,2012-04-11,85,Online,12,3782,2527397.14,1900606.28,626790.86,2012-04-10,2012-04-11,2012-04-11,22bbf0b4c866a3e286b3fb9bcb75e57e,2012-04-11,2012-04-11,
1472,253731238,H,2012-04-10,2012-05-13,62,Online,8,3567,910583.76,568651.14,341932.62,2012-04-10,2012-05-13,2012-05-13,c114a83bd54435dcf0c2a3bc96ca0c81,2012-05-13,2012-05-13,
1473,291160714,H,2012-04-10,2012-05-26,34,Online,10,9780,4275816,2575367.4,1700448.6,2012-04-10,2012-05-26,2012-05-26,d352c699e6ba074f6669ebbf2ae8bedf,2012-05-26,2012-05-26,
1474,509361636,M,2012-04-10,2012-05-28,168,Online,12,282,188452.14,141716.28,46735.86,2012-04-10,2012-05-28,2012-05-28,a2b970162d6fb92a0bc70714a0f345e5,2012-05-28,2012-05-28,
1475,943598830,L,2012-04-11,2012-04-13,152,Offline,12,718,479817.86,360823.72,118994.14,2012-04-11,2012-04-13,2012-04-13,fe92305e1c95c06c07e67988529f99b1,2012-04-13,2012-04-13,
1476,184894168,H,2012-04-11,2012-04-16,143,Offline,7,3148,647543.6,368662.28,278881.32,2012-04-11,2012-04-16,2012-04-16,adea3353dcc689eee1a1c40747b18b6c,2012-04-16,2012-04-16,
1477,107870566,C,2012-04-11,2012-05-12,17,Offline,4,153,16719.84,5483.52,11236.32,2012-04-11,2012-05-12,2012-05-12,2c09eebca2fdd286b13452e13a3833b8,2012-05-12,2012-05-12,
1478,987050187,C,2012-04-12,2012-04-25,167,Online,6,8940,1377296.4,812914.2,564382.2,2012-04-12,2012-04-25,2012-04-25,62e414716d248e016cffb9061850b490,2012-04-25,2012-04-25,
1479,801949441,M,2012-04-12,2012-05-07,70,Online,8,3516,897564.48,560520.72,337043.76,2012-04-12,2012-05-07,2012-05-07,8bd5592069a480919c9d44c4e6e90c38,2012-05-07,2012-05-07,
1480,787504994,M,2012-04-12,2012-05-12,77,Offline,1,9083,84744.39,62854.36,21890.03,2012-04-12,2012-05-12,2012-05-12,17c68a879685ee966147eec687ca90c3,2012-05-12,2012-05-12,
1481,313555657,M,2012-04-12,2012-05-20,148,Online,4,6942,758621.76,248801.28,509820.48,2012-04-12,2012-05-20,2012-05-20,8a13920cb9aab66893a38bca25d09b30,2012-05-20,2012-05-20,
1482,585677134,H,2012-04-13,2012-05-04,134,Online,5,3734,569733.72,363840.96,205892.76,2012-04-13,2012-05-04,2012-05-04,9b71f72c26990ddb0da62bad3e432ab1,2012-05-04,2012-05-04,
1483,839142882,H,2012-04-13,2012-05-20,41,Online,9,9881,4168695.09,3603501.89,565193.2,2012-04-13,2012-05-20,2012-05-20,a3025346de20e2ae3975e74b39507779,2012-05-20,2012-05-20,
1484,192608630,H,2012-04-14,2012-04-16,182,Offline,10,6029,2635878.8,1587616.57,1048262.23,2012-04-14,2012-04-16,2012-04-16,acae6fda62d22064f4f0438e10d8a70c,2012-04-16,2012-04-16,
1485,921716296,H,2012-04-16,2012-04-25,173,Online,2,5189,246218.05,164958.31,81259.74,2012-04-16,2012-04-25,2012-04-25,643aaedcb4769655af511e59420519c6,2012-04-25,2012-04-25,
1486,886097419,L,2012-04-17,2012-05-08,22,Offline,3,4772,390015.56,270429.24,119586.32,2012-04-17,2012-05-08,2012-05-08,fef725e8d325a2a8819c1e89bc312b9b,2012-05-08,2012-05-08,
1487,954580438,L,2012-04-18,2012-05-11,104,Offline,6,419,64551.14,38099.67,26451.47,2012-04-18,2012-05-11,2012-05-11,ac36dc1bc8994afdc0623b873a17ea69,2012-05-11,2012-05-11,
1488,314186084,L,2012-04-19,2012-04-30,74,Online,2,3499,166027.55,111233.21,54794.34,2012-04-19,2012-04-30,2012-04-30,45d6b216ef5e0df5bd8c0d987e7543ea,2012-04-30,2012-04-30,
1489,933642041,H,2012-04-19,2012-05-19,140,Online,3,4282,349967.86,242660.94,107306.92,2012-04-19,2012-05-19,2012-05-19,1a4b9d2627d85e9b256a0c1544a0fdaf,2012-05-19,2012-05-19,
1490,918961560,C,2012-04-19,2012-05-24,12,Online,8,2,510.56,318.84,191.72,2012-04-19,2012-05-24,2012-05-24,d38662a052f1e3282a4a41652ee142c7,2012-05-24,2012-05-24,
1491,677775609,L,2012-04-20,2012-05-05,114,Online,10,7719,3374746.8,2032644.27,1342102.53,2012-04-20,2012-05-05,2012-05-05,da5bec9ddcae59682c7ecf62b81c2957,2012-05-05,2012-05-05,
1492,812695014,H,2012-04-20,2012-06-04,110,Online,8,3369,860038.32,537085.98,322952.34,2012-04-20,2012-06-04,2012-06-04,a350285a2c951eff4a7ef8406ca35df1,2012-06-04,2012-06-04,
1493,837608659,H,2012-04-21,2012-05-02,54,Online,12,5871,3923413.17,2950412.34,973000.83,2012-04-21,2012-05-02,2012-05-02,025aa05c6b2f2ebd6aad9fb167a17156,2012-05-02,2012-05-02,
1494,685844123,M,2012-04-21,2012-05-28,142,Offline,1,5372,50120.76,37174.24,12946.52,2012-04-21,2012-05-28,2012-05-28,a1a5bf6d91cfd7e020a6cccf7b49eedb,2012-05-28,2012-05-28,
1495,877084767,C,2012-04-21,2012-06-09,58,Online,9,7728,3260365.92,2818324.32,442041.6,2012-04-21,2012-06-09,2012-06-09,d350d00674e77d7a9bf3cbcb614bf34a,2012-06-09,2012-06-09,
1496,577530944,C,2012-04-22,2012-05-15,84,Online,3,3095,252954.35,175393.65,77560.7,2012-04-22,2012-05-15,2012-05-15,6a28a3d0ed6e26f45d7fe59909cea4a3,2012-05-15,2012-05-15,
1497,309148681,M,2012-04-23,2012-05-05,160,Offline,12,2819,1883853.13,1416660.26,467192.87,2012-04-23,2012-05-05,2012-05-05,6ec0ba5b381f8407dcde47c8941e39c2,2012-05-05,2012-05-05,
1498,533725535,L,2012-04-23,2012-05-30,48,Online,5,101,15410.58,9841.44,5569.14,2012-04-23,2012-05-30,2012-05-30,fa54887ef9be130de1622e6fe62880fe,2012-05-30,2012-05-30,
1499,786955249,L,2012-04-24,2012-04-26,22,Offline,4,6401,699501.28,229411.84,470089.44,2012-04-24,2012-04-26,2012-04-26,138017d66dd5bcde76246506edb23bc8,2012-04-26,2012-04-26,
1500,439856803,H,2012-04-24,2012-05-12,113,Offline,2,2257,107094.65,71750.03,35344.62,2012-04-24,2012-05-12,2012-05-12,34ae562fd6f75dd32b84e7a7578a0f76,2012-05-12,2012-05-12,
1501,182179772,H,2012-04-24,2012-05-23,20,Offline,3,9898,808963.54,560919.66,248043.88,2012-04-24,2012-05-23,2012-05-23,a65910322d7e40588b6199a3888f973f,2012-05-23,2012-05-23,
1502,651681792,M,2012-04-25,2012-06-12,39,Offline,4,5979,653385.12,214287.36,439097.76,2012-04-25,2012-06-12,2012-06-12,c5e302494fc50b6bc80aa41fe1cfc98a,2012-06-12,2012-06-12,
1504,917545354,L,2012-04-26,2012-05-30,76,Offline,3,915,74782.95,51853.05,22929.9,2012-04-26,2012-05-30,2012-05-30,64d02ac380cb69ba584509fcb8e7aa4f,2012-05-30,2012-05-30,
1505,813325440,M,2012-04-27,2012-05-15,9,Online,10,9927,4340084.4,2614076.91,1726007.49,2012-04-27,2012-05-15,2012-05-15,ba915b5b967b8d6091fdbf4746dfe1e5,2012-05-15,2012-05-15,
1506,547225844,L,2012-04-28,2012-05-30,138,Offline,3,5143,420337.39,291453.81,128883.58,2012-04-28,2012-05-30,2012-05-30,72a6ce26569ef8eb1d1f849be0b4cbd4,2012-05-30,2012-05-30,
1507,709105527,C,2012-04-29,2012-05-01,108,Online,4,8938,976744.64,320337.92,656406.72,2012-04-29,2012-05-01,2012-05-01,1972ac4c8c129125b42584977aeb5256,2012-05-01,2012-05-01,
1508,530262696,C,2012-04-29,2012-05-11,90,Offline,4,5370,586833.6,192460.8,394372.8,2012-04-29,2012-05-11,2012-05-11,6e3f43e3f5440d30771b690c674d9ab3,2012-05-11,2012-05-11,
1509,752792918,M,2012-04-29,2012-05-12,108,Offline,1,7008,65384.64,48495.36,16889.28,2012-04-29,2012-05-12,2012-05-12,a09906c4bc985bad7cf7786dbae796e6,2012-05-12,2012-05-12,
1510,270421016,L,2012-04-29,2012-05-23,170,Online,11,2443,1590906.03,1282477.28,308428.75,2012-04-29,2012-05-23,2012-05-23,8169bf047d4ac78990b8479f28a87406,2012-05-23,2012-05-23,
1511,118774497,M,2012-04-29,2012-05-24,97,Online,11,6868,4472510.28,3605425.28,867085,2012-04-29,2012-05-24,2012-05-24,f5a4b5e7348284316210c8a7a414fd89,2012-05-24,2012-05-24,
1512,956431376,H,2012-04-29,2012-06-14,51,Online,3,8153,666344.69,462030.51,204314.18,2012-04-29,2012-06-14,2012-06-14,fa3dd2fcdacbea2918f0f67ed2914968,2012-06-14,2012-06-14,
1513,748463618,H,2012-04-30,2012-05-14,111,Offline,1,5872,54785.76,40634.24,14151.52,2012-04-30,2012-05-14,2012-05-14,4b12f20d6a38e615894140ba1e4e970b,2012-05-14,2012-05-14,
1514,263927066,C,2012-05-01,2012-05-27,173,Offline,11,739,481244.19,387945.44,93298.75,2012-05-01,2012-05-27,2012-05-27,2385cb1c927450bc99b6d3826e40370f,2012-05-27,2012-05-27,
1515,754249465,H,2012-05-02,2012-05-14,9,Online,8,8033,2050664.24,1280620.86,770043.38,2012-05-02,2012-05-14,2012-05-14,9516d9c15641bc8c6e845ee8da86fce7,2012-05-14,2012-05-14,
1516,498501050,H,2012-05-02,2012-05-24,25,Online,2,6393,303347.85,203233.47,100114.38,2012-05-02,2012-05-24,2012-05-24,2959271a81dafab7f31f48efc1e0134a,2012-05-24,2012-05-24,
1517,862326610,M,2012-05-02,2012-05-28,139,Online,2,461,21874.45,14655.19,7219.26,2012-05-02,2012-05-28,2012-05-28,1ce7e340aede2e38dda4183d0ab2887b,2012-05-28,2012-05-28,
1518,438086545,C,2012-05-03,2012-06-15,106,Offline,6,8399,1293949.94,763721.07,530228.87,2012-05-03,2012-06-15,2012-06-15,ed3d0576a3fdbc02be166964e51e5408,2012-06-15,2012-06-15,
1519,211463057,C,2012-05-03,2012-06-15,116,Offline,3,5473,447308.29,310154.91,137153.38,2012-05-03,2012-06-15,2012-06-15,d45c492729855ff049e41d18ce8aa9fe,2012-06-15,2012-06-15,
1520,427735364,H,2012-05-03,2012-06-18,157,Online,5,5254,801655.32,511949.76,289705.56,2012-05-03,2012-06-18,2012-06-18,dfa9982d0c80b08c3dff42e6f0aeee5c,2012-06-18,2012-06-18,
1521,726935136,M,2012-05-03,2012-06-19,151,Offline,3,5116,418130.68,289923.72,128206.96,2012-05-03,2012-06-19,2012-06-19,507d3289f5c9214f4488b5772d5f0468,2012-06-19,2012-06-19,
1522,751730763,C,2012-05-04,2012-06-11,173,Offline,2,2693,127782.85,85610.47,42172.38,2012-05-04,2012-06-11,2012-06-11,724959bfc915315b10ca0752bec4f70c,2012-06-11,2012-06-11,
1523,179819428,C,2012-05-05,2012-06-02,54,Online,10,1420,620824,373928.6,246895.4,2012-05-05,2012-06-02,2012-06-02,2f87de1e0eb23e8c20b870d9af8383c5,2012-06-02,2012-06-02,
1524,620550572,C,2012-05-05,2012-06-05,73,Online,10,3559,1555994.8,937191.47,618803.33,2012-05-05,2012-06-05,2012-06-05,9ec2409a96890bcdb024762c30b81298,2012-06-05,2012-06-05,
1525,217248904,C,2012-05-05,2012-06-15,91,Online,11,7633,4970685.93,4007019.68,963666.25,2012-05-05,2012-06-15,2012-06-15,a1173c69c2148d37007e201796ec9a87,2012-06-15,2012-06-15,
1526,786641538,C,2012-05-06,2012-06-01,135,Online,8,3567,910583.76,568651.14,341932.62,2012-05-06,2012-06-01,2012-06-01,cf4cc6e286b26419659449f664d0ccb8,2012-06-01,2012-06-01,
1527,686750924,H,2012-05-07,2012-05-16,165,Offline,3,3714,303545.22,210472.38,93072.84,2012-05-07,2012-05-16,2012-05-16,36e7fd265764410aed27e96bead0ce2d,2012-05-16,2012-05-16,
1528,152505099,M,2012-05-07,2012-05-19,137,Offline,4,8503,929207.84,304747.52,624460.32,2012-05-07,2012-05-19,2012-05-19,d0e672df86fa0a1c4f8cf84670f4ad2c,2012-05-19,2012-05-19,
1529,393336999,C,2012-05-08,2012-05-14,152,Offline,3,6014,491524.22,340813.38,150710.84,2012-05-08,2012-05-14,2012-05-14,3d7303b1ff72f1852720c37fe9c61b0e,2012-05-14,2012-05-14,
1530,713357150,H,2012-05-09,2012-06-03,134,Offline,4,7088,774576.64,254033.92,520542.72,2012-05-09,2012-06-03,2012-06-03,88a7d7b538663568eb9ee3e99c6e89ef,2012-06-03,2012-06-03,
1531,428247773,C,2012-05-10,2012-06-24,67,Online,12,6888,4603043.76,3461495.52,1141548.24,2012-05-10,2012-06-24,2012-06-24,09b5d579bb821717d2e3c5b0cc598fe9,2012-06-24,2012-06-24,
1532,881140697,C,2012-05-11,2012-05-29,170,Online,8,7968,2034071.04,1270258.56,763812.48,2012-05-11,2012-05-29,2012-05-29,18cd59137f313e5e7dac2ee54d73d6d0,2012-05-29,2012-05-29,
1533,663057792,M,2012-05-11,2012-06-22,44,Offline,2,2390,113405.5,75978.1,37427.4,2012-05-11,2012-06-22,2012-06-22,8216537ac94d58065f00bc564e9e9e06,2012-06-22,2012-06-22,
1534,189108455,H,2012-05-11,2012-06-30,84,Offline,11,249,162151.29,130715.04,31436.25,2012-05-11,2012-06-30,2012-06-30,66942362254ac79f88b3bb8ff29fab2b,2012-06-30,2012-06-30,
1535,801598393,L,2012-05-14,2012-06-02,166,Offline,3,9633,787305.09,545902.11,241402.98,2012-05-14,2012-06-02,2012-06-02,cc241fb89aa29f167e3bf0cfb8619115,2012-06-02,2012-06-02,
1536,664278304,L,2012-05-15,2012-06-24,161,Offline,2,3567,169254.15,113394.93,55859.22,2012-05-15,2012-06-24,2012-06-24,490cefe4bb4ecb67b965bec00fe269fb,2012-06-24,2012-06-24,
1537,211031329,C,2012-05-15,2012-06-25,166,Online,11,7715,5024085.15,4050066.4,974018.75,2012-05-15,2012-06-25,2012-06-25,b7b67c63f6014b2301b942790e2e727b,2012-06-25,2012-06-25,
1538,562341058,H,2012-05-15,2012-07-04,126,Online,2,8070,382921.5,256545.3,126376.2,2012-05-15,2012-07-04,2012-07-04,59e05ba02a1cede8f81b5f52d1e6fd37,2012-07-04,2012-07-04,
1539,456074512,H,2012-05-16,2012-05-25,19,Online,2,1438,68233.1,45714.02,22519.08,2012-05-16,2012-05-25,2012-05-25,9147b12dbffe6995194c9eb957ebc0ed,2012-05-25,2012-05-25,
1540,948679578,H,2012-05-16,2012-06-05,64,Online,5,4224,644497.92,411586.56,232911.36,2012-05-16,2012-06-05,2012-06-05,404817aeeec6bcdbd88a39636323e9ff,2012-06-05,2012-06-05,
1541,487364089,M,2012-05-16,2012-07-04,85,Online,10,719,314346.8,189334.27,125012.53,2012-05-16,2012-07-04,2012-07-04,a7abe5b05116867462d103c3c2f9d0fa,2012-07-04,2012-07-04,
1542,593158566,C,2012-05-17,2012-06-25,43,Online,4,7656,836647.68,274391.04,562256.64,2012-05-17,2012-06-25,2012-06-25,fdd5ab6d151dc5b5a1de702e7fd725e9,2012-06-25,2012-06-25,
1543,125349128,L,2012-05-18,2012-06-06,137,Offline,7,2447,503347.9,286568.17,216779.73,2012-05-18,2012-06-06,2012-06-06,88251178b0161fe2e5a4ddf93854e76d,2012-06-06,2012-06-06,
1544,871537959,H,2012-05-18,2012-06-08,27,Online,7,6304,1296732.8,738261.44,558471.36,2012-05-18,2012-06-08,2012-06-08,664a8c7eff53e317aba36c9fc567eec6,2012-06-08,2012-06-08,
1545,152191388,L,2012-05-18,2012-06-22,163,Offline,8,5669,1447182.32,903751.98,543430.34,2012-05-18,2012-06-22,2012-06-22,cbb511bea60494a32b109af02cac45ff,2012-06-22,2012-06-22,
1546,513852298,L,2012-05-18,2012-06-27,83,Offline,8,9169,2340662.32,1461721.98,878940.34,2012-05-18,2012-06-27,2012-06-27,de1819c86b13d15f3ed3ae6540920a7e,2012-06-27,2012-06-27,
1547,704974925,L,2012-05-19,2012-06-14,6,Offline,5,6601,1007180.58,643201.44,363979.14,2012-05-19,2012-06-14,2012-06-14,02c0df27438d2e2e86bd2b2d4df85a6d,2012-06-14,2012-06-14,
1548,904402101,L,2012-05-19,2012-06-23,121,Offline,9,1534,647179.26,559434.46,87744.8,2012-05-19,2012-06-23,2012-06-23,da2411c101c2bfb1060872469dec086e,2012-06-23,2012-06-23,
1549,742404401,L,2012-05-19,2012-06-27,103,Online,8,2815,718613.2,448767.3,269845.9,2012-05-19,2012-06-27,2012-06-27,d3e740932f47d01eaea83078f0f2391e,2012-06-27,2012-06-27,
1550,380507457,M,2012-05-20,2012-06-23,146,Online,1,9467,88327.11,65511.64,22815.47,2012-05-20,2012-06-23,2012-06-23,400eeb8c56ade64f4dc02bb106d2af8b,2012-06-23,2012-06-23,
1551,939666926,M,2012-05-20,2012-07-07,178,Offline,4,7180,784630.4,257331.2,527299.2,2012-05-20,2012-07-07,2012-07-07,9b35c58a4e2fe8097fb75312f11fda23,2012-07-07,2012-07-07,
1552,143414771,H,2012-05-21,2012-06-03,138,Offline,12,8473,5662251.71,4258021.42,1404230.29,2012-05-21,2012-06-03,2012-06-03,acd4201a8fc819320bce7293962197c5,2012-06-03,2012-06-03,
1553,982882249,M,2012-05-22,2012-05-29,36,Online,12,5554,3711571.58,2791107.16,920464.42,2012-05-22,2012-05-29,2012-05-29,507ec3fcbc425c47f36ff4fea302a95f,2012-05-29,2012-05-29,
1554,513026177,M,2012-05-22,2012-06-05,54,Online,11,4701,3061338.21,2467836.96,593501.25,2012-05-22,2012-06-05,2012-06-05,465f2eca36de472e0947f77cb040616a,2012-06-05,2012-06-05,
1555,197217309,H,2012-05-22,2012-06-11,100,Offline,5,9839,1501234.62,958712.16,542522.46,2012-05-22,2012-06-11,2012-06-11,3a86b2702af2a40b90721c987b79d478,2012-06-11,2012-06-11,
1556,604494225,L,2012-05-22,2012-06-25,75,Offline,3,2129,174003.17,120650.43,53352.74,2012-05-22,2012-06-25,2012-06-25,19618020bcb00e9b8770f0090735cf5f,2012-06-25,2012-06-25,
1557,292424571,C,2012-05-24,2012-06-05,185,Offline,10,3784,1654364.8,996440.72,657924.08,2012-05-24,2012-06-05,2012-06-05,50a7e34df55b45866af1bb86d9a0b266,2012-06-05,2012-06-05,
1558,336111962,M,2012-05-24,2012-06-16,185,Offline,3,1854,151527.42,105066.18,46461.24,2012-05-24,2012-06-16,2012-06-16,d49b354b135f9bd9130eefb9ac85001a,2012-06-16,2012-06-16,
1559,622441852,L,2012-05-26,2012-05-28,45,Online,4,3231,353083.68,115799.04,237284.64,2012-05-26,2012-05-28,2012-05-28,b8c036c3ab0502ac00bdab9e3c3a9d09,2012-05-28,2012-05-28,
1560,217211568,C,2012-05-26,2012-06-07,49,Offline,12,6585,4400557.95,3309225.9,1091332.05,2012-05-26,2012-06-07,2012-06-07,c9c798e25ac72c9b22ef90745630cacd,2012-06-07,2012-06-07,
1561,319030797,L,2012-05-26,2012-06-23,68,Offline,6,7157,1102607.42,650786.01,451821.41,2012-05-26,2012-06-23,2012-06-23,35a53ba1f6890dd86cf8f0a5ef2cbced,2012-06-23,2012-06-23,
1562,111063039,L,2012-05-26,2012-07-13,79,Online,8,4876,1244745.28,777331.92,467413.36,2012-05-26,2012-07-13,2012-07-13,8d68d8fe8b6282e7a400c86a54c61d23,2012-07-13,2012-07-13,
1563,829937541,M,2012-05-28,2012-06-30,159,Offline,3,5816,475341.68,329592.72,145748.96,2012-05-28,2012-06-30,2012-06-30,3213f88561b2b995196d7f66f829c17d,2012-06-30,2012-06-30,
1564,274989354,M,2012-05-28,2012-07-10,37,Online,5,4316,658535.28,420551.04,237984.24,2012-05-28,2012-07-10,2012-07-10,b90ebe4f28f7d3b00aef7ba694f63f49,2012-07-10,2012-07-10,
1565,567931210,H,2012-05-28,2012-07-12,142,Online,1,2321,21654.93,16061.32,5593.61,2012-05-28,2012-07-12,2012-07-12,29b86c9cc2bcf396fc7ccb0df0d3e8ee,2012-07-12,2012-07-12,
1567,297502315,H,2012-05-29,2012-06-08,162,Online,4,6401,699501.28,229411.84,470089.44,2012-05-29,2012-06-08,2012-06-08,a8038c1101c6a4029839f23af0de8480,2012-06-08,2012-06-08,
1568,891808593,H,2012-05-30,2012-06-11,91,Offline,8,4835,1234278.8,770795.7,463483.1,2012-05-30,2012-06-11,2012-06-11,f4b537de1f4da47a619e21688f657ddb,2012-06-11,2012-06-11,
1569,592372786,C,2012-05-31,2012-06-11,165,Offline,9,5126,2162608.14,1869400.94,293207.2,2012-05-31,2012-06-11,2012-06-11,937eeeb86bb0d5ceed35513e0605b6ed,2012-06-11,2012-06-11,
1570,355398118,H,2012-05-31,2012-06-15,39,Online,10,9056,3959283.2,2384716.48,1574566.72,2012-05-31,2012-06-15,2012-06-15,ad61dca563afbcb8e69cf9b6a720186b,2012-06-15,2012-06-15,
1571,230475842,L,2012-06-01,2012-06-08,14,Offline,4,1778,194299.84,63723.52,130576.32,2012-06-01,2012-06-08,2012-06-08,117c2f3f1c3b20dac996b18b41737d08,2012-06-08,2012-06-08,
1572,637752759,H,2012-06-01,2012-06-22,6,Online,11,4069,2649773.49,2136062.24,513711.25,2012-06-01,2012-06-22,2012-06-22,82cfd9cbf278e969fc4152ed48a97dd8,2012-06-22,2012-06-22,
1573,668924319,L,2012-06-01,2012-07-07,150,Online,6,8426,1298109.56,766176.18,531933.38,2012-06-01,2012-07-07,2012-07-07,a20ade5ea49c2e4e80ae90af070ca9b5,2012-07-07,2012-07-07,
1574,205326163,H,2012-06-02,2012-07-12,128,Online,6,9429,1452631.74,857378.97,595252.77,2012-06-02,2012-07-12,2012-07-12,7e144f2cfb8f4bf67791157d85982f9b,2012-07-12,2012-07-12,
1575,679039466,H,2012-06-03,2012-07-05,37,Offline,10,1723,753295.6,453717.59,299578.01,2012-06-03,2012-07-05,2012-07-05,bfb47c53e1a0e13c4df2d9e243876c96,2012-07-05,2012-07-05,
1576,684943330,C,2012-06-04,2012-06-08,141,Online,6,8807,1356806.42,800820.51,555985.91,2012-06-04,2012-06-08,2012-06-08,67d8455ccacca8f1cc91ae1df9fc63fb,2012-06-08,2012-06-08,
1577,897122371,C,2012-06-04,2012-06-13,44,Offline,1,7300,68109,50516,17593,2012-06-04,2012-06-13,2012-06-13,5bd630d0371d808bd91a8ece300ce17c,2012-06-13,2012-06-13,
1578,953207576,L,2012-06-04,2012-07-15,107,Offline,5,4159,634580.22,405252.96,229327.26,2012-06-04,2012-07-15,2012-07-15,665425dd91f0cd6b89bcbc192b47b97a,2012-07-15,2012-07-15,
1579,724419438,M,2012-06-04,2012-07-16,57,Online,7,665,136790.5,77878.15,58912.35,2012-06-04,2012-07-16,2012-07-16,88682452cb81d13789df58d8e1d41630,2012-07-16,2012-07-16,
1580,323164403,H,2012-06-05,2012-06-30,17,Online,2,383,18173.35,12175.57,5997.78,2012-06-05,2012-06-30,2012-06-30,a120689408afebc0c858d3bfc76d52df,2012-06-30,2012-06-30,
1581,495631301,M,2012-06-05,2012-07-18,5,Online,6,7171,1104764.26,652059.03,452705.23,2012-06-05,2012-07-18,2012-07-18,fa775d4dff708ee48b4343fb90a9d048,2012-07-18,2012-07-18,
1582,930104529,C,2012-06-05,2012-07-24,10,Online,7,7454,1533287.8,872937.94,660349.86,2012-06-05,2012-07-24,2012-07-24,19bbeb63a5a5f9ea84fdf4cda844ab7d,2012-07-24,2012-07-24,
1583,670026814,M,2012-06-06,2012-06-15,158,Online,8,4679,1194455.12,745926.18,448528.94,2012-06-06,2012-06-15,2012-06-15,00cf91114c3511440e315192619185f7,2012-06-15,2012-06-15,
1584,815651452,M,2012-06-06,2012-06-17,168,Online,9,8245,3478483.05,3006869.05,471614,2012-06-06,2012-06-17,2012-06-17,7c4b16693f842d8660cb55fcf4065d31,2012-06-17,2012-06-17,
1585,940337693,C,2012-06-06,2012-06-25,102,Offline,1,5675,52947.75,39271,13676.75,2012-06-06,2012-06-25,2012-06-25,3cfbf5dae48db36a14ef1ae2c7da5126,2012-06-25,2012-06-25,
1586,187890946,C,2012-06-06,2012-06-26,62,Offline,8,9961,2542844.08,1587982.62,954861.46,2012-06-06,2012-06-26,2012-06-26,1d27a3740d75e97224d67030bc8b7dc7,2012-06-26,2012-06-26,
1587,767752778,H,2012-06-06,2012-07-03,47,Offline,11,3963,2580745.23,2080416.48,500328.75,2012-06-06,2012-07-03,2012-07-03,a61d6174cbc9dc71f0073020f18c7cfb,2012-07-03,2012-07-03,
1588,594813811,M,2012-06-08,2012-06-17,108,Offline,3,7480,611340.4,423891.6,187448.8,2012-06-08,2012-06-17,2012-06-17,e1860c0bff93f94e4be1c1e6e9e75c97,2012-06-17,2012-06-17,
1589,129169023,M,2012-06-08,2012-07-18,33,Offline,2,2839,134710.55,90251.81,44458.74,2012-06-08,2012-07-18,2012-07-18,edc19fdf9a7d80d161d1199237fbe9e8,2012-07-18,2012-07-18,
1590,263852393,L,2012-06-10,2012-06-29,33,Offline,8,8641,2205874.48,1377548.22,828326.26,2012-06-10,2012-06-29,2012-06-29,ea8ab4aeee487adb242e6f8f88bb5731,2012-06-29,2012-06-29,
1591,351109158,H,2012-06-11,2012-06-26,71,Online,9,9857,4158569.73,3594749.33,563820.4,2012-06-11,2012-06-26,2012-06-26,c8b9834647a2e08295d960de8be50554,2012-06-26,2012-06-26,
1592,989102828,L,2012-06-11,2012-07-08,33,Online,1,6362,59357.46,44025.04,15332.42,2012-06-11,2012-07-08,2012-07-08,cd1aa7c3064e18ac0e5ba2c709a80b38,2012-07-08,2012-07-08,
1593,548489701,M,2012-06-11,2012-07-31,64,Offline,3,9146,747502.58,518303.82,229198.76,2012-06-11,2012-07-31,2012-07-31,96ab60f58845651b51e53e5cd088ab8e,2012-07-31,2012-07-31,
1594,251100528,L,2012-06-12,2012-07-05,44,Offline,4,5081,555251.68,182103.04,373148.64,2012-06-12,2012-07-05,2012-07-05,74a03c36b30612505c442817c7de2b92,2012-07-05,2012-07-05,
1595,643932998,H,2012-06-12,2012-07-25,170,Offline,12,2938,1963377.26,1476462.52,486914.74,2012-06-12,2012-07-25,2012-07-25,f5445d88348915ec4d21ce32a0031eb5,2012-07-25,2012-07-25,
1596,712416017,H,2012-06-12,2012-07-27,135,Offline,11,8586,5591289.06,4507306.56,1083982.5,2012-06-12,2012-07-27,2012-07-27,1422677cf5c787deb55152e976d2d6e5,2012-07-27,2012-07-27,
1597,697617518,M,2012-06-13,2012-07-07,185,Offline,9,9381,3957750.09,3421156.89,536593.2,2012-06-13,2012-07-07,2012-07-07,1ca951b5caf1c4a61870570fa42832a8,2012-07-07,2012-07-07,
1598,843242156,M,2012-06-13,2012-07-09,87,Offline,8,2948,752565.44,469970.16,282595.28,2012-06-13,2012-07-09,2012-07-09,f879942919dd78710a09d617caaa211e,2012-07-09,2012-07-09,
1599,780899035,H,2012-06-13,2012-07-30,91,Offline,10,4233,1850667.6,1114675.89,735991.71,2012-06-13,2012-07-30,2012-07-30,10a52dc475bd1f59bc0d13609af9db48,2012-07-30,2012-07-30,
1600,527079236,M,2012-06-14,2012-06-20,84,Online,6,3314,510554.84,301342.02,209212.82,2012-06-14,2012-06-20,2012-06-20,b56753b0450d6b453304b513255f8e5a,2012-06-20,2012-06-20,
1601,838912856,H,2012-06-14,2012-07-11,71,Offline,8,1811,462312.08,288709.62,173602.46,2012-06-14,2012-07-11,2012-07-11,3da68693f4672dd6b81cf945c49f9868,2012-07-11,2012-07-11,
1602,948918616,M,2012-06-14,2012-07-25,64,Offline,10,4960,2168512,1306116.8,862395.2,2012-06-14,2012-07-25,2012-07-25,1b40320535529354dc084fcd9f21de54,2012-07-25,2012-07-25,
1603,314782178,L,2012-06-15,2012-07-12,23,Offline,8,9896,2526250.88,1577620.32,948630.56,2012-06-15,2012-07-12,2012-07-12,6e1dff977f848810c1afe292fbbac2c0,2012-07-12,2012-07-12,
1604,374724614,M,2012-06-17,2012-06-23,68,Offline,10,8195,3582854,2157989.35,1424864.65,2012-06-17,2012-06-23,2012-06-23,87ff3801598645e0f85a81acfe0fc136,2012-06-23,2012-06-23,
1605,439114367,M,2012-06-17,2012-06-26,169,Online,3,2554,208738.42,144735.18,64003.24,2012-06-17,2012-06-26,2012-06-26,6a625a6ec0c31bea5de18be417951a27,2012-06-26,2012-06-26,
1606,709071195,C,2012-06-18,2012-08-02,43,Online,12,8778,5866074.06,4411296.12,1454777.94,2012-06-18,2012-08-02,2012-08-02,721a6ae80751344a2697946f106a6b73,2012-08-02,2012-08-02,
1607,170732104,C,2012-06-18,2012-08-07,60,Online,12,2279,1522987.33,1145288.66,377698.67,2012-06-18,2012-08-07,2012-08-07,69e31a93cb9dcb9df888f4791f62b782,2012-08-07,2012-08-07,
1608,904169070,M,2012-06-20,2012-06-24,123,Offline,11,2575,1676865.75,1351772,325093.75,2012-06-20,2012-06-24,2012-06-24,083c514ca70b8832d1e88e39ed593e2a,2012-06-24,2012-06-24,
1609,964347541,M,2012-06-20,2012-07-24,29,Offline,1,722,6736.26,4996.24,1740.02,2012-06-20,2012-07-24,2012-07-24,732fc909b19cd86de9fbd07a224456d7,2012-07-24,2012-07-24,
1610,126808679,H,2012-06-20,2012-07-29,36,Online,9,4361,1839862.29,1590413.09,249449.2,2012-06-20,2012-07-29,2012-07-29,87efc43a5def6fa13a9590a167f205a7,2012-07-29,2012-07-29,
1611,997329699,M,2012-06-22,2012-07-15,131,Offline,7,876,180193.2,102588.36,77604.84,2012-06-22,2012-07-15,2012-07-15,d7555d2e1d4891cbe4299e762c7cb574,2012-07-15,2012-07-15,
1612,720878922,H,2012-06-22,2012-08-01,4,Online,8,2948,752565.44,469970.16,282595.28,2012-06-22,2012-08-01,2012-08-01,04ca2b31c3c1536c05bed2d4d5b4ddd4,2012-08-01,2012-08-01,
1613,537588775,C,2012-06-23,2012-07-19,38,Offline,3,3320,271343.6,188144.4,83199.2,2012-06-23,2012-07-19,2012-07-19,09f9775d632dae5d0c1ff9548f2a0cee,2012-07-19,2012-07-19,
1614,398104035,L,2012-06-25,2012-08-12,66,Offline,8,6686,1706802.08,1065882.12,640919.96,2012-06-25,2012-08-12,2012-08-12,2f629d6ef8929bbe6138b7d81fe7f2f0,2012-08-12,2012-08-12,
1615,693210542,L,2012-06-25,2012-08-13,11,Online,9,5259,2218719.51,1917904.71,300814.8,2012-06-25,2012-08-13,2012-08-13,54d8ccaa82508f26e751f68fddb63055,2012-08-13,2012-08-13,
1616,813213431,C,2012-06-27,2012-07-31,96,Online,7,6781,1394851.7,794122.91,600728.79,2012-06-27,2012-07-31,2012-07-31,db0de4686bd8de5a97691f77c9236486,2012-07-31,2012-07-31,
1617,659402263,M,2012-06-27,2012-08-01,89,Offline,7,638,131236.6,74716.18,56520.42,2012-06-27,2012-08-01,2012-08-01,793e65cc5e869c3b917e019997bdc2dd,2012-08-01,2012-08-01,
1618,563722932,M,2012-06-28,2012-08-09,114,Online,1,6998,65291.34,48426.16,16865.18,2012-06-28,2012-08-09,2012-08-09,4602c3b951a43207ddf8d973c59ceef5,2012-08-09,2012-08-09,
1619,983397662,H,2012-06-29,2012-07-25,123,Online,7,8076,1661233.2,945780.36,715452.84,2012-06-29,2012-07-25,2012-07-25,01225bab54cfded5b1b474f31976a62d,2012-07-25,2012-07-25,
1620,958366000,M,2012-06-29,2012-08-03,153,Offline,7,651,133910.7,76238.61,57672.09,2012-06-29,2012-08-03,2012-08-03,cc657b0910b2797dd4f8c8fe1e8c9f39,2012-08-03,2012-08-03,
1621,249606645,C,2012-06-29,2012-08-14,4,Offline,1,3008,28064.64,20815.36,7249.28,2012-06-29,2012-08-14,2012-08-14,f155088d3dc9a7d353d921f57ed3a4cc,2012-08-14,2012-08-14,
1622,328322827,C,2012-06-30,2012-07-19,34,Online,10,6876,3006187.2,1810657.08,1195530.12,2012-06-30,2012-07-19,2012-07-19,cc500fb37fe7a32554b118666e56525f,2012-07-19,2012-07-19,
1623,596469056,H,2012-06-30,2012-07-30,98,Offline,6,7303,1125100.18,664061.79,461038.39,2012-06-30,2012-07-30,2012-07-30,554f3f7f051eddc1689b0f03a2e01786,2012-07-30,2012-07-30,
1624,361659038,L,2012-06-30,2012-08-03,79,Online,7,1801,370465.7,210915.11,159550.59,2012-06-30,2012-08-03,2012-08-03,c3e49babfa87396cda2be6327d4a0f68,2012-08-03,2012-08-03,
1625,559157598,L,2012-06-30,2012-08-12,36,Offline,3,6014,491524.22,340813.38,150710.84,2012-06-30,2012-08-12,2012-08-12,4d239becec93a621d53b21e65c165648,2012-08-12,2012-08-12,
1626,270072972,C,2012-07-01,2012-08-09,16,Offline,3,9449,772266.77,535474.83,236791.94,2012-07-01,2012-08-09,2012-08-09,e42611e848eb333fe16dc5ebd430b597,2012-08-09,2012-08-09,
1627,437974536,M,2012-07-03,2012-07-10,103,Online,1,5253,49010.49,36350.76,12659.73,2012-07-03,2012-07-10,2012-07-10,de4152866a4b0c47083631fb8ea52be4,2012-07-10,2012-07-10,
1628,546051681,L,2012-07-03,2012-07-25,135,Online,10,7682,3358570.4,2022901.06,1335669.34,2012-07-03,2012-07-25,2012-07-25,86a60a21c057b470f72d1481a5d52bb3,2012-07-25,2012-07-25,
1629,337965905,C,2012-07-04,2012-07-20,115,Online,9,477,201241.53,173957.13,27284.4,2012-07-04,2012-07-20,2012-07-20,72b809b5ea9919dfee2948931fcbdf29,2012-07-20,2012-07-20,
1630,938648116,H,2012-07-04,2012-08-14,161,Online,6,5691,876755.46,517482.63,359272.83,2012-07-04,2012-08-14,2012-08-14,fcd23bdd27d1cab437d4fe574475d712,2012-08-14,2012-08-14,
1631,928296935,M,2012-07-04,2012-08-17,105,Offline,5,2547,388621.26,248179.68,140441.58,2012-07-04,2012-08-17,2012-08-17,a9c26d8a2654cd722226a5086c558297,2012-08-17,2012-08-17,
1632,431362569,H,2012-07-05,2012-08-09,76,Online,2,8625,409256.25,274188.75,135067.5,2012-07-05,2012-08-09,2012-08-09,4a1c032b1eb561732b51170c6849c0d5,2012-08-09,2012-08-09,
1633,416682088,H,2012-07-05,2012-08-14,108,Offline,6,4344,669236.64,394999.92,274236.72,2012-07-05,2012-08-14,2012-08-14,e85e5f9572072b9ca76761c0ae1faed3,2012-08-14,2012-08-14,
1634,555694758,L,2012-07-06,2012-07-24,12,Online,9,1283,541284.87,467897.27,73387.6,2012-07-06,2012-07-24,2012-07-24,aae31a93b8fc58a76484a2ac0e0841d0,2012-07-24,2012-07-24,
1635,106659066,L,2012-07-07,2012-08-19,83,Offline,3,1643,134282.39,93108.81,41173.58,2012-07-07,2012-08-19,2012-08-19,1706ac629a9451da0c60c77560b8dbb0,2012-08-19,2012-08-19,
1636,844307315,H,2012-07-08,2012-07-29,169,Online,8,8152,2081042.56,1299591.84,781450.72,2012-07-08,2012-07-29,2012-07-29,4fd0d0c01a61fa3d17abb07f1d41bd21,2012-07-29,2012-07-29,
1637,987767302,C,2012-07-08,2012-08-01,90,Online,11,1150,748891.5,603704,145187.5,2012-07-08,2012-08-01,2012-08-01,090effc3a95dba425ea25f6b902ce214,2012-08-01,2012-08-01,
1638,303331506,M,2012-07-11,2012-08-06,95,Online,9,1388,585583.32,506189.72,79393.6,2012-07-11,2012-08-06,2012-08-06,7b29b444bc8e8e6fcfca5c2665cbe595,2012-08-06,2012-08-06,
1639,434275662,H,2012-07-11,2012-08-13,32,Offline,11,674,438915.54,353823.04,85092.5,2012-07-11,2012-08-13,2012-08-13,7a9dafe4a99bcd034c3497cf6eda88e0,2012-08-13,2012-08-13,
1640,569313085,M,2012-07-11,2012-08-18,98,Offline,12,1248,834000.96,627169.92,206831.04,2012-07-11,2012-08-18,2012-08-18,d720d01e22695568b865056546903b5b,2012-08-18,2012-08-18,
1641,500476014,M,2012-07-12,2012-07-22,119,Offline,5,829,126488.82,80777.76,45711.06,2012-07-12,2012-07-22,2012-07-22,b8b7cfb31a351aca4ef6b3a087373a34,2012-07-22,2012-07-22,
1642,760317695,L,2012-07-12,2012-08-30,52,Online,7,3757,772814.9,439982.27,332832.63,2012-07-12,2012-08-30,2012-08-30,f9e1414743467f4ed7fe75b8366428db,2012-08-30,2012-08-30,
1643,884767901,C,2012-07-13,2012-07-20,111,Offline,7,1338,275226.6,156693.18,118533.42,2012-07-13,2012-07-20,2012-07-20,6646cee20cf4445f1e980abdf6ce497d,2012-07-20,2012-07-20,
1644,564629733,H,2012-07-13,2012-07-26,40,Online,3,5340,436438.2,302617.8,133820.4,2012-07-13,2012-07-26,2012-07-26,b193ab6034b1c2e1cf8026cdfacb07b2,2012-07-26,2012-07-26,
1645,799439752,M,2012-07-14,2012-07-24,17,Offline,5,843,128624.94,82141.92,46483.02,2012-07-14,2012-07-24,2012-07-24,1fb85bc57c5a02f406dc283393fe7c86,2012-07-24,2012-07-24,
1646,581120812,L,2012-07-14,2012-08-16,9,Offline,2,5417,257036.65,172206.43,84830.22,2012-07-14,2012-08-16,2012-08-16,3a4d25aa2a772f7c4e1dd1ea3cc98cee,2012-08-16,2012-08-16,
1647,431402909,M,2012-07-14,2012-08-16,61,Offline,1,562,5243.46,3889.04,1354.42,2012-07-14,2012-08-16,2012-08-16,671e3099949da0e96ace4e59e676994d,2012-08-16,2012-08-16,
1648,554160535,C,2012-07-14,2012-08-25,39,Offline,12,7272,4859659.44,3654470.88,1205188.56,2012-07-14,2012-08-25,2012-08-25,2388b6f98a8ee7bfb1b13a9f9e76ce64,2012-08-25,2012-08-25,
1650,265075910,H,2012-07-15,2012-08-23,21,Offline,12,707,472466.89,355295.78,117171.11,2012-07-15,2012-08-23,2012-08-23,de499e2b746641b597d8eb1b8fb87d20,2012-08-23,2012-08-23,
1651,640709197,M,2012-07-17,2012-08-24,8,Online,8,8944,2283224.32,1425852.48,857371.84,2012-07-17,2012-08-24,2012-08-24,ebe5fcc3d44a2dedcb15c1310f7dd6c2,2012-08-24,2012-08-24,
1652,385196816,C,2012-07-17,2012-09-03,111,Offline,12,7153,4780135.31,3594668.62,1185466.69,2012-07-17,2012-09-03,2012-09-03,6205be646c9f5b75e54c2925c7041c3a,2012-09-03,2012-09-03,
1653,141846215,H,2012-07-18,2012-08-16,75,Online,4,4302,470122.56,154183.68,315938.88,2012-07-18,2012-08-16,2012-08-16,4917452d3ee4d498c2727e28922c7efa,2012-08-16,2012-08-16,
1654,937744319,M,2012-07-18,2012-08-26,78,Offline,4,8238,900248.64,295249.92,604998.72,2012-07-18,2012-08-26,2012-08-26,b911e96dc19ecfee0fe4578bacdc1959,2012-08-26,2012-08-26,
1655,549123132,L,2012-07-18,2012-08-30,86,Offline,11,6592,4292776.32,3460536.32,832240,2012-07-18,2012-08-30,2012-08-30,66c72f753ffbb51b3cb005c7caea476f,2012-08-30,2012-08-30,
1656,280740869,H,2012-07-19,2012-08-20,93,Online,9,6317,2665079.13,2303746.73,361332.4,2012-07-19,2012-08-20,2012-08-20,0cb3759fc950d6f414f4453af361e5ed,2012-08-20,2012-08-20,
1657,885516345,L,2012-07-20,2012-07-25,20,Online,12,2819,1883853.13,1416660.26,467192.87,2012-07-20,2012-07-25,2012-07-25,c0bc4235022963a72ffe978729886360,2012-07-25,2012-07-25,
1658,802116811,M,2012-07-21,2012-07-29,124,Online,12,3044,2034213.88,1529731.76,504482.12,2012-07-21,2012-07-29,2012-07-29,0f79098bd48aacf5fbc031008d4153de,2012-07-29,2012-07-29,
1659,805974042,M,2012-07-22,2012-07-28,134,Offline,10,4484,1960404.8,1180771.72,779633.08,2012-07-22,2012-07-28,2012-07-28,95e09ab760f4a131f2360533993ba1c0,2012-07-28,2012-07-28,
1660,554554927,C,2012-07-22,2012-08-06,137,Offline,7,3981,818891.7,466214.91,352676.79,2012-07-22,2012-08-06,2012-08-06,d5e1b477a647d27d4b21c92a221b0280,2012-08-06,2012-08-06,
1661,972419059,H,2012-07-22,2012-08-17,45,Online,7,9264,1905604.8,1084907.04,820697.76,2012-07-22,2012-08-17,2012-08-17,55e7201356d003d8ae3acb52338df321,2012-08-17,2012-08-17,
1662,589701735,H,2012-07-23,2012-07-26,107,Offline,2,4703,223157.35,149508.37,73648.98,2012-07-23,2012-07-26,2012-07-26,a74c43c983790f7ec48287ce7215fcd9,2012-07-26,2012-07-26,
1663,190611350,C,2012-07-23,2012-08-29,48,Offline,4,4989,545197.92,178805.76,366392.16,2012-07-23,2012-08-29,2012-08-29,263f0b3fb318f5302f5479c0f66086ec,2012-08-29,2012-08-29,
1664,862059247,H,2012-07-23,2012-08-30,113,Online,4,1343,146763.04,48133.12,98629.92,2012-07-23,2012-08-30,2012-08-30,ade4be44bb245a7153c53948be0a35cf,2012-08-30,2012-08-30,
1665,354655683,M,2012-07-24,2012-07-31,167,Offline,2,9353,443799.85,297331.87,146467.98,2012-07-24,2012-07-31,2012-07-31,9e18cdb0a7a0c12df021195a39499b64,2012-07-31,2012-07-31,
1666,123938930,M,2012-07-24,2012-08-02,18,Online,2,5138,243798.1,163337.02,80461.08,2012-07-24,2012-08-02,2012-08-02,70433d520828d664397f70bece8f6974,2012-08-02,2012-08-02,
1667,477177274,L,2012-07-24,2012-08-09,67,Online,3,6214,507870.22,352147.38,155722.84,2012-07-24,2012-08-09,2012-08-09,6221e4461f7663c277f15e95d8bab8be,2012-08-09,2012-08-09,
1668,520864665,H,2012-07-24,2012-08-20,67,Online,7,4284,881218.8,501699.24,379519.56,2012-07-24,2012-08-20,2012-08-20,78baa8bffc358942a9cbbaaed85e9286,2012-08-20,2012-08-20,
1669,660231387,L,2012-07-24,2012-08-23,78,Online,6,5994,923435.64,545034.42,378401.22,2012-07-24,2012-08-23,2012-08-23,18aad8617bd43ef410d3434010970603,2012-08-23,2012-08-23,
1670,410740888,H,2012-07-24,2012-09-01,32,Online,9,6211,2620358.79,2265089.59,355269.2,2012-07-24,2012-09-01,2012-09-01,3845d5509f131f9478a26c76c06c9a4c,2012-09-01,2012-09-01,
1671,807430589,C,2012-07-25,2012-07-30,131,Offline,2,5509,261402.05,175131.11,86270.94,2012-07-25,2012-07-30,2012-07-30,f60a77b35b75d7189e056ff831159bcd,2012-07-30,2012-07-30,
1672,289793860,H,2012-07-26,2012-07-29,77,Online,2,5298,251390.1,168423.42,82966.68,2012-07-26,2012-07-29,2012-07-29,3abebf3cc3260f1a1a85890c05cb43c5,2012-07-29,2012-07-29,
1673,894569337,L,2012-07-26,2012-08-22,149,Online,7,1801,370465.7,210915.11,159550.59,2012-07-26,2012-08-22,2012-08-22,09c040f3e7137e0fc2e5971a3f17f510,2012-08-22,2012-08-22,
1674,524485862,C,2012-07-27,2012-08-21,105,Offline,5,5877,896712.66,572654.88,324057.78,2012-07-27,2012-08-21,2012-08-21,4859c85a76d42276d89f334eafa65107,2012-08-21,2012-08-21,
1675,470211255,L,2012-07-28,2012-08-15,125,Offline,10,4814,2104680.8,1267670.62,837010.18,2012-07-28,2012-08-15,2012-08-15,bcd7bafeebce0af86270078b3efbb122,2012-08-15,2012-08-15,
1676,287275159,H,2012-07-28,2012-08-26,142,Offline,5,9958,1519391.64,970307.52,549084.12,2012-07-28,2012-08-26,2012-08-26,53cc0e379f2cf1f6b7580f476329e430,2012-08-26,2012-08-26,
1677,432663762,C,2012-07-28,2012-08-27,27,Offline,3,3677,300521.21,208375.59,92145.62,2012-07-28,2012-08-27,2012-08-27,30374a4f65b7bf377c91de19bc98b01d,2012-08-27,2012-08-27,
1678,651100718,M,2012-07-28,2012-08-30,162,Offline,5,4026,614287.08,392293.44,221993.64,2012-07-28,2012-08-30,2012-08-30,0ff20ad5e244e87b644ac097e24d92ab,2012-08-30,2012-08-30,
1679,189667212,H,2012-07-28,2012-09-03,153,Offline,5,5598,854142.84,545469.12,308673.72,2012-07-28,2012-09-03,2012-09-03,2774aeb8f66a9871faf209cc80b31205,2012-09-03,2012-09-03,
1680,465881955,H,2012-07-29,2012-08-17,89,Offline,10,3678,1608021.6,968527.74,639493.86,2012-07-29,2012-08-17,2012-08-17,35da09b3b81a49ce1ac5e30be7b5f282,2012-08-17,2012-08-17,
1681,858360373,C,2012-07-30,2012-08-12,20,Online,2,6764,320951.8,215027.56,105924.24,2012-07-30,2012-08-12,2012-08-12,fc7d23a1f1df1dc3419bf4ec91b8bf4d,2012-08-12,2012-08-12,
1682,918656861,M,2012-07-30,2012-08-17,181,Offline,10,9835,4299862,2589850.55,1710011.45,2012-07-30,2012-08-17,2012-08-17,229ed645a89f841023257eb366363f0f,2012-08-17,2012-08-17,
1683,839704644,H,2012-07-30,2012-09-13,151,Offline,9,6119,2581544.91,2231538.11,350006.8,2012-07-30,2012-09-13,2012-09-13,3bb60b0f8bc5ec0961b020b48c01a511,2012-09-13,2012-09-13,
1684,459151971,H,2012-07-31,2012-08-21,15,Online,11,2126,1384472.46,1116064.96,268407.5,2012-07-31,2012-08-21,2012-08-21,53d1ab8ad4bd392979bc18b2e57b71a5,2012-08-21,2012-08-21,
1685,230599868,M,2012-07-31,2012-08-22,111,Offline,11,8480,5522260.8,4451660.8,1070600,2012-07-31,2012-08-22,2012-08-22,6825f382c7e826d147331e00c559674b,2012-08-22,2012-08-22,
1686,677352893,M,2012-07-31,2012-08-23,135,Online,2,2628,124698.6,83544.12,41154.48,2012-07-31,2012-08-23,2012-08-23,7720b4278e86e9f4ac15e2589f4d6dbf,2012-08-23,2012-08-23,
1687,750047194,M,2012-07-31,2012-09-18,94,Online,1,4487,41863.71,31050.04,10813.67,2012-07-31,2012-09-18,2012-09-18,a04960e6ea33e1373af2dfa6ae2ec5ae,2012-09-18,2012-09-18,
1688,760280358,M,2012-08-01,2012-08-21,33,Offline,11,2708,1763476.68,1421591.68,341885,2012-08-01,2012-08-21,2012-08-21,8d06406aa28dd1143699870270b7f9f3,2012-08-21,2012-08-21,
1689,292234885,C,2012-08-03,2012-08-04,38,Online,8,7651,1953147.28,1219722.42,733424.86,2012-08-03,2012-08-04,2012-08-04,d3ee506f0e74d475ea2f04eb09bf9e6a,2012-08-04,2012-08-04,
1690,861745536,M,2012-08-03,2012-08-14,12,Online,8,8509,2172177.52,1356504.78,815672.74,2012-08-03,2012-08-14,2012-08-14,dacd9ba144f9989d016a5013be6ff16e,2012-08-14,2012-08-14,
1691,163337361,L,2012-08-03,2012-08-22,6,Offline,12,4010,2679762.7,2015185.4,664577.3,2012-08-03,2012-08-22,2012-08-22,1ead4fe2bd511f6afd4ad07aa1199383,2012-08-22,2012-08-22,
1692,450021302,C,2012-08-04,2012-08-27,95,Offline,2,159,7544.55,5054.61,2489.94,2012-08-04,2012-08-27,2012-08-27,64d97074d25388193de52d103925abd0,2012-08-27,2012-08-27,
1693,639097297,H,2012-08-04,2012-09-08,41,Online,7,1947,400497.9,228013.17,172484.73,2012-08-04,2012-09-08,2012-09-08,877b4c56494b00f0b57966b7e5a42d3a,2012-09-08,2012-09-08,
1694,389606797,L,2012-08-05,2012-09-18,129,Online,6,2164,333385.84,196772.52,136613.32,2012-08-05,2012-09-18,2012-09-18,26a9638df702df9fda30b7f153dd3cdd,2012-09-18,2012-09-18,
1695,534641349,L,2012-08-07,2012-08-27,153,Offline,2,1111,52716.95,35318.69,17398.26,2012-08-07,2012-08-27,2012-08-27,24946c37fc27e692aa9ccf8461244bff,2012-08-27,2012-08-27,
1696,626109397,C,2012-08-07,2012-09-15,155,Online,7,8539,1756472.3,1000002.29,756470.01,2012-08-07,2012-09-15,2012-09-15,15aa50b68c225dea4e939d8283d5fe25,2012-09-15,2012-09-15,
1697,216431796,C,2012-08-08,2012-09-03,142,Online,12,5833,3898018.91,2931315.82,966703.09,2012-08-08,2012-09-03,2012-09-03,97d103ab314f7e23b2f868cc3c7433f1,2012-09-03,2012-09-03,
1698,725645959,C,2012-08-08,2012-09-08,76,Online,11,3620,2357380.2,1900355.2,457025,2012-08-08,2012-09-08,2012-09-08,898eb95283147484dce294f787d7df82,2012-09-08,2012-09-08,
1699,615522181,C,2012-08-08,2012-09-20,156,Online,5,5547,846361.26,540499.68,305861.58,2012-08-08,2012-09-20,2012-09-20,4f280c6b463cc9af39dad8796a064422,2012-09-20,2012-09-20,
1700,341000020,L,2012-08-09,2012-08-18,57,Offline,8,8339,2128779.92,1329403.38,799376.54,2012-08-09,2012-08-18,2012-08-18,174b2c9ad158ae5520c9de69a8a4aa72,2012-08-18,2012-08-18,
1701,779566514,M,2012-08-09,2012-08-22,86,Online,8,9910,2529824.8,1579852.2,949972.6,2012-08-09,2012-08-22,2012-08-22,817324ccd7791c7da959c685d35fdf41,2012-08-22,2012-08-22,
1702,893783557,L,2012-08-09,2012-09-28,42,Online,5,9271,1414569.18,903366.24,511202.94,2012-08-09,2012-09-28,2012-09-28,f711629558169497fc8990a8f2170036,2012-09-28,2012-09-28,
1703,197185981,H,2012-08-10,2012-09-11,165,Online,11,568,369887.28,298177.28,71710,2012-08-10,2012-09-11,2012-09-11,db08c5333890ac9db1f183890021991c,2012-09-11,2012-09-11,
1704,612767446,L,2012-08-11,2012-08-29,20,Online,8,359,91645.52,57231.78,34413.74,2012-08-11,2012-08-29,2012-08-29,99f1da7884fa3f5cfdb4729e806c284d,2012-08-29,2012-08-29,
1705,959983909,C,2012-08-11,2012-09-07,175,Offline,10,9426,4121047.2,2482148.58,1638898.62,2012-08-11,2012-09-07,2012-09-07,ec7dfe95cab6571d636f774fdb8d0a4a,2012-09-07,2012-09-07,
1706,103435266,H,2012-08-11,2012-09-18,30,Offline,2,7648,362897.6,243129.92,119767.68,2012-08-11,2012-09-18,2012-09-18,5004e82a430f6bdfe34f18be86ea27e2,2012-09-18,2012-09-18,
1707,196831929,M,2012-08-12,2012-08-18,110,Offline,6,5797,893085.82,527121.21,365964.61,2012-08-12,2012-08-18,2012-08-18,a22348c1ac1c99e055784d82e811974c,2012-08-18,2012-08-18,
1708,595922315,M,2012-08-12,2012-09-04,134,Offline,9,5510,2324613.9,2009441.9,315172,2012-08-12,2012-09-04,2012-09-04,43c787c9244a91682f60669c73e8a7ab,2012-09-04,2012-09-04,
1709,404799687,M,2012-08-12,2012-09-18,150,Online,12,8078,5398285.06,4059518.12,1338766.94,2012-08-12,2012-09-18,2012-09-18,efc523e93f7a96a970b9a226fdeb5976,2012-09-18,2012-09-18,
1710,393858420,L,2012-08-14,2012-08-29,91,Offline,1,314,2929.62,2172.88,756.74,2012-08-14,2012-08-29,2012-08-29,29ee54f12916105387194a1c2da925d2,2012-08-29,2012-08-29,
1711,306601655,M,2012-08-14,2012-09-02,126,Online,4,9098,994229.44,326072.32,668157.12,2012-08-14,2012-09-02,2012-09-02,760d5e8b98b5a972101e45739bc0fcce,2012-09-02,2012-09-02,
1712,373156058,M,2012-08-14,2012-09-05,82,Online,1,4025,37553.25,27853,9700.25,2012-08-14,2012-09-05,2012-09-05,19b58aa28507dfa66a97081cd5d059ae,2012-09-05,2012-09-05,
1713,971437585,H,2012-08-15,2012-10-02,106,Offline,11,8824,5746277.04,4632247.04,1114030,2012-08-15,2012-10-02,2012-10-02,33c5380ce582353d0bf6776c5d1a8260,2012-10-02,2012-10-02,
1714,374848639,H,2012-08-16,2012-09-06,160,Online,4,4897,535144.16,175508.48,359635.68,2012-08-16,2012-09-06,2012-09-06,c41bd8461c805e543d3c81e58dbb0caa,2012-09-06,2012-09-06,
1715,227295386,H,2012-08-16,2012-09-06,136,Online,8,611,155976.08,97405.62,58570.46,2012-08-16,2012-09-06,2012-09-06,644cfc6de08b22a45327ac541e8edec2,2012-09-06,2012-09-06,
1716,792358720,L,2012-08-17,2012-08-24,181,Online,3,5408,441995.84,306471.36,135524.48,2012-08-17,2012-08-24,2012-08-24,d1f2065b781fcc80df6c4fd872346a51,2012-08-24,2012-08-24,
1717,987692630,M,2012-08-17,2012-09-03,2,Offline,7,9053,1862202.1,1060196.83,802005.27,2012-08-17,2012-09-03,2012-09-03,dd10773b92f1bf8157d745810a58dc8f,2012-09-03,2012-09-03,
1718,283026540,H,2012-08-17,2012-09-13,36,Online,9,2697,1137837.33,983568.93,154268.4,2012-08-17,2012-09-13,2012-09-13,d4952b98aa8cb0facdd6dfe07af451ce,2012-09-13,2012-09-13,
1719,727732932,L,2012-08-18,2012-08-21,86,Offline,6,1201,185026.06,109206.93,75819.13,2012-08-18,2012-08-21,2012-08-21,11ea8af8e6ea267b9cb04880eb99dfcf,2012-08-21,2012-08-21,
1720,482453715,H,2012-08-18,2012-09-22,1,Online,1,7630,71187.9,52799.6,18388.3,2012-08-18,2012-09-22,2012-09-22,8b4ba423beb3c41a2ac20bbf3add3950,2012-09-22,2012-09-22,
1721,353320157,L,2012-08-19,2012-08-22,140,Offline,10,4141,1810445.2,1090449.53,719995.67,2012-08-19,2012-08-22,2012-08-22,053680e0163c688bbe99d36bace37385,2012-08-22,2012-08-22,
1722,615208470,M,2012-08-19,2012-09-04,22,Online,7,2713,558064.1,317719.43,240344.67,2012-08-19,2012-09-04,2012-09-04,5008e1288873bd8831f9734c2223ac00,2012-09-04,2012-09-04,
1723,733636796,M,2012-08-20,2012-09-15,155,Online,9,8286,3495780.54,3021821.34,473959.2,2012-08-20,2012-09-15,2012-09-15,d863c890e5f1bbcaac3ba71057802861,2012-09-15,2012-09-15,
1724,342850959,M,2012-08-20,2012-09-21,124,Offline,1,6072,56651.76,42018.24,14633.52,2012-08-20,2012-09-21,2012-09-21,cb122438515396809505e3de74f60272,2012-09-21,2012-09-21,
1725,631463515,L,2012-08-21,2012-09-25,84,Offline,4,2942,321501.76,105441.28,216060.48,2012-08-21,2012-09-25,2012-09-25,3375e4f2f1d464845efefe1e63a69a31,2012-09-25,2012-09-25,
1726,922240722,H,2012-08-22,2012-09-29,59,Online,1,379,3536.07,2622.68,913.39,2012-08-22,2012-09-29,2012-09-29,9cd5a08f77c9c512dba6ff11d3a75b34,2012-09-29,2012-09-29,
1727,161607444,L,2012-08-22,2012-10-03,26,Offline,9,2089,881328.21,761837.41,119490.8,2012-08-22,2012-10-03,2012-10-03,2c5d9609f1f7bf8381424067afacd49f,2012-10-03,2012-10-03,
1728,483438193,H,2012-08-23,2012-09-26,75,Online,9,8959,3779712.51,3267257.71,512454.8,2012-08-23,2012-09-26,2012-09-26,3b9d73e798c7991a3d65f9198ae95883,2012-09-26,2012-09-26,
1729,171722590,H,2012-08-23,2012-09-30,6,Offline,1,5385,50242.05,37264.2,12977.85,2012-08-23,2012-09-30,2012-09-30,a231c97fcac4afffeb174d4877328b68,2012-09-30,2012-09-30,
1730,368985116,C,2012-08-24,2012-10-11,141,Online,2,9750,462637.5,309952.5,152685,2012-08-24,2012-10-11,2012-10-11,c14fd3bee138f9ebe10f21da8115f050,2012-10-11,2012-10-11,
1731,495481956,L,2012-08-25,2012-09-24,61,Online,3,2976,243228.48,168649.92,74578.56,2012-08-25,2012-09-24,2012-09-24,4b787a7f69d7e796e67bb872377e01ee,2012-09-24,2012-09-24,
1732,524724900,H,2012-08-25,2012-10-09,105,Offline,1,6613,61699.29,45761.96,15937.33,2012-08-25,2012-10-09,2012-10-09,33f81d9756053825a51c6d055dacb08d,2012-10-09,2012-10-09,
1733,445654666,M,2012-08-25,2012-10-11,111,Offline,1,7974,74397.42,55180.08,19217.34,2012-08-25,2012-10-11,2012-10-11,82311d2cb23223a3d1e7fc55be3b3ffe,2012-10-11,2012-10-11,
1734,969195258,L,2012-08-26,2012-09-17,134,Online,6,5269,811742.14,479110.17,332631.97,2012-08-26,2012-09-17,2012-09-17,38e315896a6dba7479dd77d6a395e8ec,2012-09-17,2012-09-17,
1735,484776723,H,2012-08-27,2012-09-04,6,Online,2,5060,240097,160857.4,79239.6,2012-08-27,2012-09-04,2012-09-04,7728b6d20348cabbe00a9ca9131674c7,2012-09-04,2012-09-04,
1736,511855018,M,2012-08-27,2012-09-20,128,Offline,3,8129,664383.17,460670.43,203712.74,2012-08-27,2012-09-20,2012-09-20,fdf34aa08cdc6fdedd5dd4269a61fae7,2012-09-20,2012-09-20,
1737,226863658,C,2012-08-28,2012-09-16,173,Online,5,2853,435310.74,277996.32,157314.42,2012-08-28,2012-09-16,2012-09-16,dc3df2d81e82120aaf7dedac1cdf2ce5,2012-09-16,2012-09-16,
1738,829356467,L,2012-08-29,2012-09-16,140,Online,12,3864,2582195.28,1941814.56,640380.72,2012-08-29,2012-09-16,2012-09-16,c645d2d86441825c0fc8ba7b1b22d839,2012-09-16,2012-09-16,
1739,392718589,C,2012-08-30,2012-09-12,61,Online,2,3012,142919.4,95751.48,47167.92,2012-08-30,2012-09-12,2012-09-12,ba7b67bc03dbd7cfc146814decc751fe,2012-09-12,2012-09-12,
1740,228438222,H,2012-08-30,2012-10-12,142,Offline,8,8801,2246719.28,1403055.42,843663.86,2012-08-30,2012-10-12,2012-10-12,d4e80fc138f95b6aa882986d998924de,2012-10-12,2012-10-12,
1741,315576970,C,2012-08-31,2012-09-14,67,Online,10,5093,2226659.6,1341139.69,885519.91,2012-08-31,2012-09-14,2012-09-14,5ff1506f4a7331ed1222de05dea4ceb3,2012-09-14,2012-09-14,
1742,529448592,L,2012-09-01,2012-09-18,97,Offline,12,4459,2979815.93,2240825.86,738990.07,2012-09-01,2012-09-18,2012-09-18,ab580f7287411bddeb1fff8252908bcb,2012-09-18,2012-09-18,
1743,155271852,C,2012-09-01,2012-09-18,47,Online,10,7246,3167951.2,1908089.18,1259862.02,2012-09-01,2012-09-18,2012-09-18,392d821f27371ee8f837a45f95b86bee,2012-09-18,2012-09-18,
1744,809992635,H,2012-09-01,2012-10-20,69,Online,8,3675,938154,585868.5,352285.5,2012-09-01,2012-10-20,2012-10-20,4159d566f884a86873bda8863d55d07c,2012-10-20,2012-10-20,
1745,263230979,L,2012-09-02,2012-09-08,109,Online,4,4751,519189.28,170275.84,348913.44,2012-09-02,2012-09-08,2012-09-08,b095c351d003e64d3ecc1b04a95b2510,2012-09-08,2012-09-08,
1746,965732419,L,2012-09-02,2012-10-19,14,Offline,1,538,5019.54,3722.96,1296.58,2012-09-02,2012-10-19,2012-10-19,4caac6e5e0689f535f94d6c47841b60b,2012-10-19,2012-10-19,
1747,599624192,L,2012-09-03,2012-09-21,30,Online,2,978,46406.1,31090.62,15315.48,2012-09-03,2012-09-21,2012-09-21,c8b37442f09c3415c954417905f5bd96,2012-09-21,2012-09-21,
1748,516460692,M,2012-09-03,2012-09-24,11,Offline,12,1051,702351.77,528169.54,174182.23,2012-09-03,2012-09-24,2012-09-24,239d3b4d3ac858b32c1a5d592991dc7a,2012-09-24,2012-09-24,
1749,248314464,H,2012-09-04,2012-09-14,86,Online,9,623,262837.47,227201.87,35635.6,2012-09-04,2012-09-14,2012-09-14,9811e9e5f687341df09a597f33e06474,2012-09-14,2012-09-14,
1750,451834905,M,2012-09-04,2012-09-21,38,Online,11,6844,4456881.24,3592826.24,864055,2012-09-04,2012-09-21,2012-09-21,577b2ab4ed50b42faf787ce1e323a9cf,2012-09-21,2012-09-21,
1751,765833175,H,2012-09-04,2012-10-12,128,Offline,7,5910,1215687,692120.1,523566.9,2012-09-04,2012-10-12,2012-10-12,7b08cdae6c41c1fef2764b5b65a0f303,2012-10-12,2012-10-12,
1752,247960412,M,2012-09-05,2012-10-11,104,Offline,6,5851,901405.06,532031.43,369373.63,2012-09-05,2012-10-11,2012-10-11,66aa7546a8fcb9b3ecdf0928595efa38,2012-10-11,2012-10-11,
1753,597105491,M,2012-09-06,2012-10-20,167,Offline,5,5639,860398.62,549464.16,310934.46,2012-09-06,2012-10-20,2012-10-20,b52e1ce797c51db8e586a65658fea7a2,2012-10-20,2012-10-20,
1754,164442861,M,2012-09-07,2012-09-20,178,Offline,8,1152,294082.56,183651.84,110430.72,2012-09-07,2012-09-20,2012-09-20,7b61c8e7eaefd6e6293d38b23956d3c7,2012-09-20,2012-09-20,
1755,704710566,M,2012-09-08,2012-09-15,89,Online,1,8372,78110.76,57934.24,20176.52,2012-09-08,2012-09-15,2012-09-15,c700a2734bc5e085ce710eedfd4cd9d3,2012-09-15,2012-09-15,
1756,176722657,H,2012-09-08,2012-09-16,164,Online,4,5016,548148.48,179773.44,368375.04,2012-09-08,2012-09-16,2012-09-16,27b91a26b950da066144472f17c5623b,2012-09-16,2012-09-16,
1757,317781960,M,2012-09-09,2012-09-20,161,Offline,9,7599,3205942.11,2771279.31,434662.8,2012-09-09,2012-09-20,2012-09-20,5383eb8303327fadf18381387dbac367,2012-09-20,2012-09-20,
1758,930980002,M,2012-09-09,2012-10-11,78,Offline,2,6526,309658.7,207461.54,102197.16,2012-09-09,2012-10-11,2012-10-11,e0649a1f9c0a62f52916b02f2b315679,2012-10-11,2012-10-11,
1759,525749719,L,2012-09-09,2012-10-22,18,Online,5,9880,1507490.4,962707.2,544783.2,2012-09-09,2012-10-22,2012-10-22,78a9b84d0ec645ee4ea7b6783d9dc60c,2012-10-22,2012-10-22,
1760,762370336,M,2012-09-10,2012-09-23,53,Online,8,1179,300975.12,187956.18,113018.94,2012-09-10,2012-09-23,2012-09-23,69f62920777f5b7c59cc415f777f325e,2012-09-23,2012-09-23,
1761,159641492,M,2012-09-10,2012-09-24,173,Online,9,320,135004.8,116700.8,18304,2012-09-10,2012-09-24,2012-09-24,616aadb5934d7f712968b9fe3d9415bb,2012-09-24,2012-09-24,
1762,278069818,M,2012-09-10,2012-10-05,87,Offline,2,5893,279622.85,187338.47,92284.38,2012-09-10,2012-10-05,2012-10-05,87de0a80772e666b287115c800d503a7,2012-10-05,2012-10-05,
1763,968173444,M,2012-09-10,2012-10-25,21,Offline,6,2892,445541.52,262969.56,182571.96,2012-09-10,2012-10-25,2012-10-25,2d12832dd7bb51cf4d76b020462aa179,2012-10-25,2012-10-25,
1764,153147542,C,2012-09-11,2012-09-27,114,Offline,9,8616,3635004.24,3142169.04,492835.2,2012-09-11,2012-09-27,2012-09-27,b722577fbf3524e72df351689f9ebb97,2012-09-27,2012-09-27,
1765,602301251,M,2012-09-11,2012-09-27,23,Offline,4,3180,347510.4,113971.2,233539.2,2012-09-11,2012-09-27,2012-09-27,7ca2fc57484e76e042160ce524592619,2012-09-27,2012-09-27,
1766,917874085,M,2012-09-12,2012-09-23,108,Offline,9,8194,3456966.66,2988269.86,468696.8,2012-09-12,2012-09-23,2012-09-23,f7eaa1aa248285ecde3174ce0d40a1a8,2012-09-23,2012-09-23,
1767,653939139,H,2012-09-12,2012-10-06,170,Offline,8,3978,1015503.84,634172.76,381331.08,2012-09-12,2012-10-06,2012-10-06,9983226037749ad6e3c0151e6274a805,2012-10-06,2012-10-06,
1768,279880416,C,2012-09-12,2012-10-31,104,Online,5,1689,257707.62,164576.16,93131.46,2012-09-12,2012-10-31,2012-10-31,de09505ad68e587c9e0b34ff5e1f9e1e,2012-10-31,2012-10-31,
1769,936411798,L,2012-09-13,2012-09-17,139,Offline,3,3915,319972.95,221863.05,98109.9,2012-09-13,2012-09-17,2012-09-17,0f89f6260e19cdb99038e12c9b547258,2012-09-17,2012-09-17,
1770,364854514,M,2012-09-13,2012-10-03,33,Offline,8,7413,1892390.64,1181780.46,710610.18,2012-09-13,2012-10-03,2012-10-03,5d6d947aa9c2f116f32b060d72e6a780,2012-10-03,2012-10-03,
1771,113435399,C,2012-09-13,2012-10-12,20,Offline,2,6910,327879.5,219668.9,108210.6,2012-09-13,2012-10-12,2012-10-12,d516fb8b78213909ae452e351876f188,2012-10-12,2012-10-12,
1772,894535005,M,2012-09-15,2012-10-03,176,Offline,8,1641,418914.48,261608.22,157306.26,2012-09-15,2012-10-03,2012-10-03,88f26be9fdf3c6005d41c11147863634,2012-10-03,2012-10-03,
1773,811253488,L,2012-09-15,2012-10-31,99,Offline,11,6790,4421715.9,3564478.4,857237.5,2012-09-15,2012-10-31,2012-10-31,6f29d884db0c0faf57a5628e9ff2e5e2,2012-10-31,2012-10-31,
1774,522286880,L,2012-09-16,2012-10-03,65,Offline,4,5149,562682.72,184540.16,378142.56,2012-09-16,2012-10-03,2012-10-03,e14f360e9276ee0dcf0f7dd233be187e,2012-10-03,2012-10-03,
1775,281100928,H,2012-09-16,2012-11-03,23,Online,5,2866,437294.28,279263.04,158031.24,2012-09-16,2012-11-03,2012-11-03,48a6f23491fa6a39350ce94692e3088c,2012-11-03,2012-11-03,
1776,698729026,M,2012-09-17,2012-09-25,76,Offline,7,8301,1707515.7,972130.11,735385.59,2012-09-17,2012-09-25,2012-09-25,a3e502dd88ed6074cf7c5ba18b5fe1d2,2012-09-25,2012-09-25,
1777,638314521,H,2012-09-17,2012-10-15,127,Online,9,306,129098.34,111595.14,17503.2,2012-09-17,2012-10-15,2012-10-15,5dfced5f8b96ceafc2c50ac4d8cba628,2012-10-15,2012-10-15,
1778,764811360,C,2012-09-19,2012-09-30,147,Online,7,3532,726532.4,413632.52,312899.88,2012-09-19,2012-09-30,2012-09-30,873304f00851baea570c1f5b94e43d50,2012-09-30,2012-09-30,
1779,103832662,H,2012-09-19,2012-10-20,144,Offline,8,5247,1339454.16,836476.74,502977.42,2012-09-19,2012-10-20,2012-10-20,1db535e193031e72f6a6148273fd62ba,2012-10-20,2012-10-20,
1780,132603538,M,2012-09-20,2012-11-06,5,Online,10,9188,4016993.6,2419476.04,1597517.56,2012-09-20,2012-11-06,2012-11-06,f62642ec033f158c8a848f8a960c3e45,2012-11-06,2012-11-06,
1781,169914996,L,2012-09-21,2012-10-25,8,Online,8,478,122023.84,76202.76,45821.08,2012-09-21,2012-10-25,2012-10-25,37be10bbb05b4243160b8d5390a27e2d,2012-10-25,2012-10-25,
1782,949085986,M,2012-09-22,2012-10-16,49,Online,4,4489,490557.92,160885.76,329672.16,2012-09-22,2012-10-16,2012-10-16,689a94427d9a5edd22a5629377b9b927,2012-10-16,2012-10-16,
1783,321325480,L,2012-09-22,2012-10-25,181,Offline,1,6205,57892.65,42938.6,14954.05,2012-09-22,2012-10-25,2012-10-25,8b201689d36c8d9e0516d2ed2fa5f4e8,2012-10-25,2012-10-25,
1784,317232215,L,2012-09-22,2012-10-27,31,Offline,8,4917,1255211.76,783868.14,471343.62,2012-09-22,2012-10-27,2012-10-27,b9b2d63b9a4a9933353dc54f175adfb8,2012-10-27,2012-10-27,
1785,454434287,C,2012-09-22,2012-10-31,114,Online,1,6059,56530.47,41928.28,14602.19,2012-09-22,2012-10-31,2012-10-31,c87a514c66d87d03bf0ee78c8c3647dc,2012-10-31,2012-10-31,
1786,967741715,H,2012-09-22,2012-11-04,7,Offline,10,5134,2244584.8,1351936.22,892648.58,2012-09-22,2012-11-04,2012-11-04,c10b3f0f4129843f957ee08918c5a30d,2012-11-04,2012-11-04,
1788,250441777,H,2012-09-23,2012-10-25,93,Online,4,142,15517.76,5089.28,10428.48,2012-09-23,2012-10-25,2012-10-25,f18a07fb362210b2dc570e9cbaa8159f,2012-10-25,2012-10-25,
1789,938380753,C,2012-09-24,2012-09-26,40,Online,10,6573,2873715.6,1730868.09,1142847.51,2012-09-24,2012-09-26,2012-09-26,130b493d42bba87f30383fbac116cdb3,2012-09-26,2012-09-26,
1790,466478049,M,2012-09-24,2012-10-29,174,Online,1,76,709.08,525.92,183.16,2012-09-24,2012-10-29,2012-10-29,2c8aa6a096fbd70da717e4fc2e12980b,2012-10-29,2012-10-29,
1792,135870683,H,2012-09-25,2012-10-15,81,Online,5,6009,916853.22,585516.96,331336.26,2012-09-25,2012-10-15,2012-10-15,4e20fea2950d4bdd21cb48aa785688f8,2012-10-15,2012-10-15,
1793,436999070,M,2012-09-26,2012-10-15,15,Offline,5,6591,1005654.78,642227.04,363427.74,2012-09-26,2012-10-15,2012-10-15,0c946411b551ff9267f47262eaf558e1,2012-10-15,2012-10-15,
1794,632332980,H,2012-09-26,2012-10-25,41,Online,6,236,36358.16,21459.48,14898.68,2012-09-26,2012-10-25,2012-10-25,45248dc056dcb5941dcdd63097d41711,2012-10-25,2012-10-25,
1795,771699702,L,2012-09-26,2012-10-29,67,Online,9,1946,820997.94,709686.74,111311.2,2012-09-26,2012-10-29,2012-10-29,c6c7a5ccd796851bedd6bedfe46d5b6e,2012-10-29,2012-10-29,
1796,983406674,M,2012-09-27,2012-11-03,31,Online,8,743,189673.04,118449.06,71223.98,2012-09-27,2012-11-03,2012-11-03,e2a0de4cf2aa29fcecfdd83d53f9bbcc,2012-11-03,2012-11-03,
1797,631978929,M,2012-09-28,2012-10-01,109,Offline,10,5464,2388860.8,1438835.12,950025.68,2012-09-28,2012-10-01,2012-10-01,c95db8de278c81bfc7f688f406607643,2012-10-01,2012-10-01,
1798,800352561,H,2012-09-28,2012-10-21,118,Online,6,963,148359.78,87565.59,60794.19,2012-09-28,2012-10-21,2012-10-21,8ccbd86f71dae03ecc28f944c73f2859,2012-10-21,2012-10-21,
1799,812632358,C,2012-09-29,2012-10-17,26,Offline,7,4828,993119.6,565407.08,427712.52,2012-09-29,2012-10-17,2012-10-17,f299ad0a5bc3f8e6117c356f1a3bd5bd,2012-10-17,2012-10-17,
1800,363714683,M,2012-09-29,2012-10-17,174,Online,3,112,9153.76,6347.04,2806.72,2012-09-29,2012-10-17,2012-10-17,7b39375cf371733fc52f194d410c5381,2012-10-17,2012-10-17,
1801,877022111,L,2012-09-29,2012-10-21,87,Offline,3,9187,750853.51,520627.29,230226.22,2012-09-29,2012-10-21,2012-10-21,d2d0ae232674f129eed36f874ccf9084,2012-10-21,2012-10-21,
1802,947433745,C,2012-09-30,2012-10-23,44,Offline,3,5554,453928.42,314745.18,139183.24,2012-09-30,2012-10-23,2012-10-23,53473ab6d05477ea16d870ac6b545f02,2012-10-23,2012-10-23,
1803,556647908,C,2012-09-30,2012-10-29,169,Online,6,3341,514714.46,303797.13,210917.33,2012-09-30,2012-10-29,2012-10-29,caff53cfb2976818adb3a9108e19729c,2012-10-29,2012-10-29,
1804,382134377,C,2012-09-30,2012-11-06,143,Online,1,909,8480.97,6290.28,2190.69,2012-09-30,2012-11-06,2012-11-06,f8c70e4a8002efe2a3002f2291614fa2,2012-11-06,2012-11-06,
1805,359267365,M,2012-09-30,2012-11-14,119,Offline,1,4052,37805.16,28039.84,9765.32,2012-09-30,2012-11-14,2012-11-14,b601e89e66b64e73bcfb06b9bc7b2acd,2012-11-14,2012-11-14,
1806,255047452,H,2012-10-01,2012-10-30,43,Online,5,3064,467505.12,298556.16,168948.96,2012-10-01,2012-10-30,2012-10-30,a5934e44cb4861ee74e57d6c3b23a0f8,2012-10-30,2012-10-30,
1807,845496499,M,2012-10-01,2012-11-02,21,Online,3,58,4740.34,3286.86,1453.48,2012-10-01,2012-11-02,2012-11-02,4a8b6412a43db51a2fb8541ff528f927,2012-11-02,2012-11-02,
1808,893277156,C,2012-10-01,2012-11-12,13,Offline,1,9416,87851.28,65158.72,22692.56,2012-10-01,2012-11-12,2012-11-12,b83ec52a43753c76877a27a9c91157ff,2012-11-12,2012-11-12,
1809,261187350,C,2012-10-02,2012-10-03,138,Online,4,9996,1092362.88,358256.64,734106.24,2012-10-02,2012-10-03,2012-10-03,050173af15d4f6da75d86902d79f6f10,2012-10-03,2012-10-03,
1810,234227073,H,2012-10-02,2012-10-12,151,Online,11,1851,1205389.71,971700.96,233688.75,2012-10-02,2012-10-12,2012-10-12,288025ba1b5c8376e467855ecb753c59,2012-10-12,2012-10-12,
1811,421256434,C,2012-10-02,2012-11-20,47,Offline,8,7995,2040963.6,1274562.9,766400.7,2012-10-02,2012-11-20,2012-11-20,cdc64a5a7ab3f38a638b6eedfc8c5a9d,2012-11-20,2012-11-20,
1812,772330129,C,2012-10-03,2012-10-09,99,Offline,4,8503,929207.84,304747.52,624460.32,2012-10-03,2012-10-09,2012-10-09,e6753de7819e2411e396eebee96b5437,2012-10-09,2012-10-09,
1813,541613376,C,2012-10-03,2012-10-11,124,Online,12,4289,2866210.03,2155394.06,710815.97,2012-10-03,2012-10-11,2012-10-11,9d46fb27c526ff3a10e87f8a4db92995,2012-10-11,2012-10-11,
1814,235919654,C,2012-10-03,2012-10-13,48,Offline,2,2723,129206.35,86564.17,42642.18,2012-10-03,2012-10-13,2012-10-13,80c507d040d5c3083376fdc7062e59c8,2012-10-13,2012-10-13,
1815,304638707,H,2012-10-03,2012-10-15,55,Offline,11,8218,5351643.78,4314121.28,1037522.5,2012-10-03,2012-10-15,2012-10-15,f54c8b8c468fd4c308b05b90c85f3e95,2012-10-15,2012-10-15,
1816,169483268,L,2012-10-03,2012-11-04,121,Online,5,2720,415017.6,265036.8,149980.8,2012-10-03,2012-11-04,2012-11-04,99c2c32823543185abb13d15268142ba,2012-11-04,2012-11-04,
1817,819992768,H,2012-10-03,2012-11-13,113,Online,7,2937,604140.9,343952.07,260188.83,2012-10-03,2012-11-13,2012-11-13,966edeace93b3e5047bf289046d6c72a,2012-11-13,2012-11-13,
1818,921693980,M,2012-10-04,2012-11-04,24,Online,6,8586,1322759.16,780724.98,542034.18,2012-10-04,2012-11-04,2012-11-04,04e740d579e7ad24a88db36a66f091b7,2012-11-04,2012-11-04,
1819,977897202,L,2012-10-04,2012-11-11,12,Offline,6,368,56694.08,33462.24,23231.84,2012-10-04,2012-11-11,2012-11-11,6c56787678cccca747ad88b27fa64569,2012-11-11,2012-11-11,
1820,670274865,C,2012-10-04,2012-11-13,58,Online,6,8082,1245112.92,734896.26,510216.66,2012-10-04,2012-11-13,2012-11-13,f8ca7130f57260cbb4c70165157e8365,2012-11-13,2012-11-13,
1821,850928294,M,2012-10-05,2012-10-09,105,Online,1,7447,69480.51,51533.24,17947.27,2012-10-05,2012-10-09,2012-10-09,19bc9e67ae903819990da1411b33afac,2012-10-09,2012-10-09,
1822,501665198,L,2012-10-05,2012-10-26,136,Offline,11,2735,1781059.35,1435765.6,345293.75,2012-10-05,2012-10-26,2012-10-26,73a1775b02536033ba6ffbe9a93c98e4,2012-10-26,2012-10-26,
1823,476633536,C,2012-10-05,2012-11-03,163,Online,6,5310,818058.6,482838.3,335220.3,2012-10-05,2012-11-03,2012-11-03,82903820adabaac763ef4360fb6bdf76,2012-11-03,2012-11-03,
1824,250010049,H,2012-10-06,2012-11-05,1,Offline,3,2384,194844.32,135101.28,59743.04,2012-10-06,2012-11-05,2012-11-05,bf01f965706ebf7b14a1a17cb295e6d5,2012-11-05,2012-11-05,
1825,948064172,H,2012-10-07,2012-11-23,107,Offline,5,2111,322096.38,205695.84,116400.54,2012-10-07,2012-11-23,2012-11-23,4e2e2446037feb6f568349d1b411a7e2,2012-11-23,2012-11-23,
1826,877062451,C,2012-10-09,2012-10-29,163,Online,2,1124,53333.8,35731.96,17601.84,2012-10-09,2012-10-29,2012-10-29,ed44c6a4470c6ccb2d732f600d9f6a33,2012-10-29,2012-10-29,
1827,638041150,L,2012-10-09,2012-11-28,32,Online,8,9410,2402184.8,1500142.2,902042.6,2012-10-09,2012-11-28,2012-11-28,cba8ee70116f14e11615713e6f73463e,2012-11-28,2012-11-28,
1828,804132115,C,2012-10-10,2012-11-24,102,Online,5,9417,1436845.86,917592.48,519253.38,2012-10-10,2012-11-24,2012-11-24,98a0bfb023f1bb3a30fc79f1351af789,2012-11-24,2012-11-24,
1829,462819516,M,2012-10-12,2012-10-20,114,Online,4,7435,812496.8,266470.4,546026.4,2012-10-12,2012-10-20,2012-10-20,fc97215caf82b350e47f5a9964446780,2012-10-20,2012-10-20,
1830,651895511,L,2012-10-12,2012-11-01,4,Offline,8,9223,2354447.44,1470330.66,884116.78,2012-10-12,2012-11-01,2012-11-01,f5803f10236c1ba027af24f1c6819f8a,2012-11-01,2012-11-01,
1831,487615144,C,2012-10-12,2012-12-01,149,Online,7,5012,1030968.4,586955.32,444013.08,2012-10-12,2012-12-01,2012-12-01,a42478e894e709535bf7c954c2822d4a,2012-12-01,2012-12-01,
1832,354270303,L,2012-10-14,2012-11-27,137,Offline,6,5310,818058.6,482838.3,335220.3,2012-10-14,2012-11-27,2012-11-27,c5940f18742df18633c072326d48aa2b,2012-11-27,2012-11-27,
1833,111037719,L,2012-10-14,2012-12-03,122,Online,5,7383,1126498.14,719399.52,407098.62,2012-10-14,2012-12-03,2012-12-03,223f44b634d370bd8f12b5d957355cd4,2012-12-03,2012-12-03,
1834,528665816,L,2012-10-15,2012-10-25,87,Offline,8,2818,719379.04,449245.56,270133.48,2012-10-15,2012-10-25,2012-10-25,b634b514a9043245d1d9e2faf6c799b0,2012-10-25,2012-10-25,
1835,441409051,M,2012-10-15,2012-10-29,47,Online,9,1602,675867.78,584233.38,91634.4,2012-10-15,2012-10-29,2012-10-29,6a21f663d54740bcd9cf515619f6d737,2012-10-29,2012-10-29,
1836,485096442,C,2012-10-15,2012-11-09,47,Offline,8,9672,2469068.16,1541910.24,927157.92,2012-10-15,2012-11-09,2012-11-09,a5845f088aead2812b3a5b09ee8a32c3,2012-11-09,2012-11-09,
1837,264612853,L,2012-10-15,2012-12-03,157,Offline,7,3678,756564.6,430730.58,325834.02,2012-10-15,2012-12-03,2012-12-03,0642385033b58e35f50ef287d3d9b148,2012-12-03,2012-12-03,
1838,831722819,C,2012-10-17,2012-10-26,16,Offline,6,4120,634727.2,374631.6,260095.6,2012-10-17,2012-10-26,2012-10-26,820f30d32cce1191f01180386974ecf1,2012-10-26,2012-10-26,
1839,174837386,M,2012-10-17,2012-11-14,74,Offline,9,7123,3005122.47,2597686.87,407435.6,2012-10-17,2012-11-14,2012-11-14,1e6b9f9f86e1c5875c4ea888c459441a,2012-11-14,2012-11-14,
1840,667324435,L,2012-10-18,2012-10-31,137,Online,8,4985,1272570.8,794708.7,477862.1,2012-10-18,2012-10-31,2012-10-31,183251b43d6e0ae7d5981e972bbf16f1,2012-10-31,2012-10-31,
1841,906345736,C,2012-10-18,2012-11-21,101,Offline,2,6699,317867.55,212961.21,104906.34,2012-10-18,2012-11-21,2012-11-21,9a59e84c01d5fbeb3c6ac89989de4d7a,2012-11-21,2012-11-21,
1842,737736070,L,2012-10-19,2012-11-03,37,Offline,7,1352,278106.4,158332.72,119773.68,2012-10-19,2012-11-03,2012-11-03,0ab625ddac49b8cbe2c7a05a03b99bfb,2012-11-03,2012-11-03,
1843,685744130,H,2012-10-19,2012-11-20,125,Online,12,5782,3863937.14,2905686.28,958250.86,2012-10-19,2012-11-20,2012-11-20,bb6ce2fcece06e821b8e445641512d59,2012-11-20,2012-11-20,
1844,754227149,H,2012-10-20,2012-11-24,171,Online,11,1429,930579.09,750167.84,180411.25,2012-10-20,2012-11-24,2012-11-24,66525cb52018740f827a11854b5225d8,2012-11-24,2012-11-24,
1845,519417130,C,2012-10-20,2012-11-27,112,Offline,10,5926,2590847.2,1560493.58,1030353.62,2012-10-20,2012-11-27,2012-11-27,a2036bdbf4c6f8d076394c3331bfd4ed,2012-11-27,2012-11-27,
1846,876394689,M,2012-10-22,2012-11-09,8,Online,7,3519,723858.3,412110.09,311748.21,2012-10-22,2012-11-09,2012-11-09,82bf58c1a3255fff84675dde0945c07f,2012-11-09,2012-11-09,
1847,169799983,H,2012-10-22,2012-11-20,45,Online,1,6443,60113.19,44585.56,15527.63,2012-10-22,2012-11-20,2012-11-20,84223afe012f4a951abaee7ef31bdf0f,2012-11-20,2012-11-20,
1848,425430381,M,2012-10-22,2012-12-05,93,Online,2,3159,149894.55,100424.61,49469.94,2012-10-22,2012-12-05,2012-12-05,64641fbb4b79f23cd4b4451176a195dd,2012-12-05,2012-12-05,
1849,595496594,H,2012-10-24,2012-11-04,54,Offline,3,9530,778886.9,540065.1,238821.8,2012-10-24,2012-11-04,2012-11-04,d3d403cd469902cda9304f00bdecb787,2012-11-04,2012-11-04,
1850,202546107,C,2012-10-24,2012-11-10,159,Offline,6,6749,1039750.94,613686.57,426064.37,2012-10-24,2012-11-10,2012-11-10,858c0b80281bada26307bd0ea8d3acda,2012-11-10,2012-11-10,
1851,545315253,H,2012-10-25,2012-10-28,53,Offline,10,9756,4265323.2,2569047.48,1696275.72,2012-10-25,2012-10-28,2012-10-28,5e4d8ddf34f582a235307810f0e81d94,2012-10-28,2012-10-28,
1852,678424060,H,2012-10-25,2012-11-03,103,Online,7,9610,1976777,1125427.1,851349.9,2012-10-25,2012-11-03,2012-11-03,b94dd89e2ce2acd317eab9c68523725a,2012-11-03,2012-11-03,
1853,382963502,M,2012-10-26,2012-11-27,183,Online,9,6265,2643140.85,2284782.85,358358,2012-10-26,2012-11-27,2012-11-27,34324c1b51f7b0d734442ad0a89cd686,2012-11-27,2012-11-27,
1854,638593900,L,2012-10-26,2012-12-12,37,Online,10,2981,1303293.2,784986.73,518306.47,2012-10-26,2012-12-12,2012-12-12,bde86e76f4d8f97ba3838ec0822ea35f,2012-12-12,2012-12-12,
1855,507531726,H,2012-10-27,2012-11-11,37,Offline,5,8771,1338279.18,854646.24,483632.94,2012-10-27,2012-11-11,2012-11-11,9ac6a5abcce75f70a3f38e6187e0424e,2012-11-11,2012-11-11,
1856,496826493,L,2012-10-28,2012-12-11,75,Online,1,855,7977.15,5916.6,2060.55,2012-10-28,2012-12-11,2012-12-11,419b363f4c8e4f5d2976b459b07267d6,2012-12-11,2012-12-11,
1857,303303182,M,2012-10-29,2012-11-06,49,Offline,12,3006,2008819.62,1510635.24,498184.38,2012-10-29,2012-11-06,2012-11-06,d1d7bc80d7d2d283f7c4adacfd5f0b50,2012-11-06,2012-11-06,
1858,816728627,H,2012-10-29,2012-12-05,86,Online,8,7005,1788236.4,1116737.1,671499.3,2012-10-29,2012-12-05,2012-12-05,dd6885794789e7a1ce6c9f88a82efd2b,2012-12-05,2012-12-05,
1859,720931279,L,2012-10-30,2012-11-18,145,Offline,5,8441,1287927.78,822491.04,465436.74,2012-10-30,2012-11-18,2012-11-18,57c8b3742519f7d392dc7881024b9d14,2012-11-18,2012-11-18,
1860,438104569,H,2012-10-31,2012-11-13,83,Offline,10,3733,1632067.6,983010.89,649056.71,2012-10-31,2012-11-13,2012-11-13,d1dfd39c40e8416f68d01f202652af07,2012-11-13,2012-11-13,
1861,620922648,H,2012-10-31,2012-11-27,53,Online,7,3665,753890.5,429208.15,324682.35,2012-10-31,2012-11-27,2012-11-27,cf00c067b5400a97b690a89ae680be9f,2012-11-27,2012-11-27,
1862,813973891,C,2012-11-01,2012-11-13,33,Offline,10,1818,794829.6,478733.94,316095.66,2012-11-01,2012-11-13,2012-11-13,6589fbd7be5a1fd82d908c5f6a098304,2012-11-13,2012-11-13,
1863,192589318,M,2012-11-01,2012-12-16,84,Online,1,314,2929.62,2172.88,756.74,2012-11-01,2012-12-16,2012-12-16,0a96eb9b0e3013ba187eb0a29c73527d,2012-12-16,2012-12-16,
1864,857425248,H,2012-11-02,2012-11-25,63,Online,5,40,6103.2,3897.6,2205.6,2012-11-02,2012-11-25,2012-11-25,6303f28b217b624bbd2a15d469b24c34,2012-11-25,2012-11-25,
1865,481319892,M,2012-11-02,2012-11-25,13,Offline,7,2107,433409.9,246750.77,186659.13,2012-11-02,2012-11-25,2012-11-25,75ee53d96bf454223b96085cb5b89957,2012-11-25,2012-11-25,
1866,695427548,M,2012-11-02,2012-11-29,35,Offline,6,1320,203359.2,120027.6,83331.6,2012-11-02,2012-11-29,2012-11-29,f67f962a74d0b2a22fff100a0b4a98a4,2012-11-29,2012-11-29,
1867,184166753,L,2012-11-02,2012-12-20,100,Online,8,7890,2014159.2,1257823.8,756335.4,2012-11-02,2012-12-20,2012-12-20,4fafc401dca208d3db1bad19ca2e54b5,2012-12-20,2012-12-20,
1868,241826522,L,2012-11-04,2012-11-06,142,Offline,4,697,76168.16,24980.48,51187.68,2012-11-04,2012-11-06,2012-11-06,5647eb73c906d74db7dc4f837d4ecaca,2012-11-06,2012-11-06,
1869,688697564,M,2012-11-04,2012-12-03,36,Offline,3,9768,798338.64,553552.56,244786.08,2012-11-04,2012-12-03,2012-12-03,93ea3da3dc6b63adeb621411952437e2,2012-12-03,2012-12-03,
1870,557871425,H,2012-11-04,2012-12-22,60,Online,8,5407,1380298.96,861983.94,518315.02,2012-11-04,2012-12-22,2012-12-22,cafefd10c0d68d357e615f0953be9371,2012-12-22,2012-12-22,
1871,470378625,L,2012-11-05,2012-11-06,109,Offline,4,4343,474603.04,155653.12,318949.92,2012-11-05,2012-11-06,2012-11-06,376b8c1e9f807fbe42f007f17a943141,2012-11-06,2012-11-06,
1872,996083867,H,2012-11-05,2012-12-01,184,Offline,5,2206,336591.48,214952.64,121638.84,2012-11-05,2012-12-01,2012-12-01,1837aa8fe055ce0ea40e7d462c4d1d81,2012-12-01,2012-12-01,
1873,299840342,M,2012-11-05,2012-12-08,27,Online,3,8275,676315.75,468944.25,207371.5,2012-11-05,2012-12-08,2012-12-08,091206823cd0f7d473de6991d7512f6a,2012-12-08,2012-12-08,
1874,593018233,M,2012-11-05,2012-12-11,43,Online,5,6128,935010.24,597112.32,337897.92,2012-11-05,2012-12-11,2012-12-11,147ba6db67d830e392aeff82b5a9d877,2012-12-11,2012-12-11,
1875,671616399,C,2012-11-06,2012-12-10,171,Offline,6,5072,781392.32,461196.96,320195.36,2012-11-06,2012-12-10,2012-12-10,ff98a5b4b6c15c6f4efcb5a97c4b34d0,2012-12-10,2012-12-10,
1876,648749387,M,2012-11-06,2012-12-18,109,Online,6,8215,1265602.9,746989.95,518612.95,2012-11-06,2012-12-18,2012-12-18,3173609c6cc8645ea67dd36a1c856db6,2012-12-18,2012-12-18,
1877,293228375,H,2012-11-07,2012-11-17,59,Offline,1,1647,15366.51,11397.24,3969.27,2012-11-07,2012-11-17,2012-11-17,70f1817b87bfb215321ff75e7812da3c,2012-11-17,2012-11-17,
1878,575583016,C,2012-11-08,2012-11-24,32,Offline,11,6660,4337058.6,3496233.6,840825,2012-11-08,2012-11-24,2012-11-24,9ea058ca7591119e31785e8e7acc3cb8,2012-11-24,2012-11-24,
1879,263867413,C,2012-11-08,2012-11-28,168,Online,10,3086,1349199.2,812636.38,536562.82,2012-11-08,2012-11-28,2012-11-28,e2245507e60dfac85733e3e9b065647f,2012-11-28,2012-11-28,
1880,586052215,H,2012-11-08,2012-12-16,157,Offline,6,4729,728549.74,430007.97,298541.77,2012-11-08,2012-12-16,2012-12-16,87c633855f0985d68fc2fa03a01ad497,2012-12-16,2012-12-16,
1881,161812150,C,2012-11-09,2012-11-12,134,Online,4,2666,291340.48,95549.44,195791.04,2012-11-09,2012-11-12,2012-11-12,679fc7d9fc57a2afa51231f36895a519,2012-11-12,2012-11-12,
1882,546458089,C,2012-11-09,2012-12-04,97,Online,10,7947,3474428.4,2092683.51,1381744.89,2012-11-09,2012-12-04,2012-12-04,8ff100a4f9a4ac25f7df80b87a2391f6,2012-12-04,2012-12-04,
1883,789572656,M,2012-11-09,2012-12-24,103,Offline,6,950,146357,86383.5,59973.5,2012-11-09,2012-12-24,2012-12-24,05eb4854a4cb29a0a5ca755c8796835f,2012-12-24,2012-12-24,
1884,595931327,M,2012-11-11,2012-12-15,120,Offline,6,8177,1259748.62,743534.61,516214.01,2012-11-11,2012-12-15,2012-12-15,2bf3abbfa1697e7c19301f3414f01c70,2012-12-15,2012-12-15,
1885,593766677,H,2012-11-11,2012-12-16,50,Offline,6,7609,1172242.54,691886.37,480356.17,2012-11-11,2012-12-16,2012-12-16,55cbe616d6747fc397947572b3a2f80f,2012-12-16,2012-12-16,
1886,389892184,M,2012-11-12,2012-11-14,71,Online,1,6616,61727.28,45782.72,15944.56,2012-11-12,2012-11-14,2012-11-14,660e036db5d8769c70b5c058aa1b3251,2012-11-14,2012-11-14,
1887,294330871,C,2012-11-12,2012-12-16,131,Offline,2,7900,374855,251141,123714,2012-11-12,2012-12-16,2012-12-16,dc6c689e3277f8d97be03d1b3439da2d,2012-12-16,2012-12-16,
1888,256547343,C,2012-11-13,2012-12-30,158,Online,3,6915,565162.95,391873.05,173289.9,2012-11-13,2012-12-30,2012-12-30,fadeccef2b10e8f6e9dda414797397ed,2012-12-30,2012-12-30,
1889,306256616,L,2012-11-14,2012-11-18,23,Offline,3,6993,571537.89,396293.31,175244.58,2012-11-14,2012-11-18,2012-11-18,46071ebf2b3d83e144d822affb44f1a0,2012-11-18,2012-11-18,
1890,624348151,C,2012-11-14,2012-12-08,155,Online,11,7347,4784439.87,3856881.12,927558.75,2012-11-14,2012-12-08,2012-12-08,a4c8adbc4ddcdd1c6809e4b0bf93d669,2012-12-08,2012-12-08,
1891,495450627,L,2012-11-14,2012-12-26,180,Offline,7,3705,762118.5,433892.55,328225.95,2012-11-14,2012-12-26,2012-12-26,90a0afc627f5eaaa2c97ce2cc8ff5bd0,2012-12-26,2012-12-26,
1892,551653850,C,2012-11-14,2013-01-01,152,Online,7,5488,1128881.6,642699.68,486181.92,2012-11-14,2013-01-01,2013-01-01,9068de4aac3a7caa3873f3af8f6e82c7,2013-01-01,2013-01-01,
1893,258121907,H,2012-11-16,2012-12-06,95,Offline,4,2863,312868.64,102609.92,210258.72,2012-11-16,2012-12-06,2012-12-06,178788ceaf8e37326f5aeba1484c7392,2012-12-06,2012-12-06,
1894,378714883,M,2012-11-16,2012-12-16,140,Offline,10,9005,3936986,2371286.65,1565699.35,2012-11-16,2012-12-16,2012-12-16,6ade25bda7ef33094c0d99d94c9d36e3,2012-12-16,2012-12-16,
1895,170747125,H,2012-11-16,2013-01-05,95,Online,5,6723,1025795.34,655089.12,370706.22,2012-11-16,2013-01-05,2013-01-05,f92e8a28e0290e506d3a154b5611e045,2013-01-05,2013-01-05,
1897,717036712,M,2012-11-18,2012-12-30,126,Offline,12,5952,3977543.04,2991118.08,986424.96,2012-11-18,2012-12-30,2012-12-30,515e39f2ad144f8cd01ee0b4be045f6b,2012-12-30,2012-12-30,
1898,257767856,M,2012-11-18,2013-01-03,110,Online,3,8092,661359.16,458573.64,202785.52,2012-11-18,2013-01-03,2013-01-03,6ccac6aea4c35f33699d4c12068ecef8,2013-01-03,2013-01-03,
1899,159805858,M,2012-11-19,2012-12-17,33,Offline,9,8959,3779712.51,3267257.71,512454.8,2012-11-19,2012-12-17,2012-12-17,2abb7f8aef4d7789064db821d148e42c,2012-12-17,2012-12-17,
1900,174368321,C,2012-11-19,2013-01-06,67,Online,3,8316,679666.68,471267.72,208398.96,2012-11-19,2013-01-06,2013-01-06,1645cb5e9296f62d14825fb1a71afc6a,2013-01-06,2013-01-06,
1901,641705691,C,2012-11-20,2012-12-07,96,Online,4,3829,418433.12,137231.36,281201.76,2012-11-20,2012-12-07,2012-12-07,02c8f18bf678f0d04c94a3593df274b6,2012-12-07,2012-12-07,
1902,558542191,L,2012-11-20,2012-12-09,177,Online,9,3901,1645792.89,1422655.69,223137.2,2012-11-20,2012-12-09,2012-12-09,b3e606603c1ecf187daa6624982f5b5d,2012-12-09,2012-12-09,
1903,354667699,L,2012-11-21,2012-12-29,144,Offline,11,2908,1893718.68,1526583.68,367135,2012-11-21,2012-12-29,2012-12-29,8cf54f5c2bc1522eb084236ebe6175a2,2012-12-29,2012-12-29,
1904,470931375,M,2012-11-22,2013-01-10,156,Online,2,7914,375519.3,251586.06,123933.24,2012-11-22,2013-01-10,2013-01-10,685321563d81963495626f4dc03f0896,2013-01-10,2013-01-10,
1905,433383882,C,2012-11-23,2012-12-04,31,Online,6,6776,1043910.56,616141.68,427768.88,2012-11-23,2012-12-04,2012-12-04,b2629b71d541310349e2ccc577ebde6c,2012-12-04,2012-12-04,
1906,724397122,M,2012-11-23,2012-12-07,179,Online,3,4061,331905.53,230136.87,101768.66,2012-11-23,2012-12-07,2012-12-07,5bcdc5606386e9a7307a79b83a67758f,2012-12-07,2012-12-07,
1907,106987798,L,2012-11-23,2012-12-13,113,Online,9,8922,3764102.58,3253764.18,510338.4,2012-11-23,2012-12-13,2012-12-13,f0dc34000a6085e03b13e0657cfdab2b,2012-12-13,2012-12-13,
1908,441688430,C,2012-11-23,2012-12-26,35,Online,1,4277,39904.41,29596.84,10307.57,2012-11-23,2012-12-26,2012-12-26,dcae79c4cb167ad16c774fabaffff049,2012-12-26,2012-12-26,
1909,378873240,H,2012-11-25,2012-11-28,34,Online,2,5866,278341.7,186480.14,91861.56,2012-11-25,2012-11-28,2012-11-28,aaf20b1fcd1d58ef02cfd5dcab579dc6,2012-11-28,2012-11-28,
1910,370450675,M,2012-11-25,2012-12-01,72,Online,3,3442,281314.66,195058.14,86256.52,2012-11-25,2012-12-01,2012-12-01,b065ad655ed6459d0cb8796002be37fc,2012-12-01,2012-12-01,
1911,829483497,M,2012-11-27,2012-11-30,64,Online,2,1454,68992.3,46222.66,22769.64,2012-11-27,2012-11-30,2012-11-30,beb1f0b1055d60a9fdd308016e362529,2012-11-30,2012-11-30,
1912,681812226,L,2012-11-27,2012-12-24,157,Online,4,2244,245224.32,80424.96,164799.36,2012-11-27,2012-12-24,2012-12-24,246a34e0b4b650a7d91c90b620a4bec6,2012-12-24,2012-12-24,
1913,949958455,C,2012-11-27,2013-01-04,57,Offline,8,2672,682108.16,425970.24,256137.92,2012-11-27,2013-01-04,2013-01-04,c4b5b9c358bd978805bf8a27c85cded8,2013-01-04,2013-01-04,
1914,856443774,H,2012-11-27,2013-01-10,14,Offline,10,9600,4197120,2527968,1669152,2012-11-27,2013-01-10,2013-01-10,0e23a854a20566d3db363f468228950a,2013-01-10,2013-01-10,
1915,833340728,M,2012-11-28,2012-11-29,154,Offline,11,2895,1885252.95,1519759.2,365493.75,2012-11-28,2012-11-29,2012-11-29,04db1161fe01f09ce99a87d003c78f8e,2012-11-29,2012-11-29,
1916,519578492,L,2012-11-28,2012-12-29,115,Offline,9,3677,1551289.53,1340965.13,210324.4,2012-11-28,2012-12-29,2012-12-29,40ae0553cfe662f3d3105d45f0a3ed0d,2012-12-29,2012-12-29,
1917,228211200,H,2012-11-30,2012-12-03,137,Online,10,1620,708264,426594.6,281669.4,2012-11-30,2012-12-03,2012-12-03,20eaaca9d452c3ac2d73f9799941d991,2012-12-03,2012-12-03,
1918,456527268,L,2012-12-01,2012-12-02,180,Offline,11,5419,3528906.99,2844758.24,684148.75,2012-12-01,2012-12-02,2012-12-02,57d087d4eb4dd45495df48394bf1ce43,2012-12-02,2012-12-02,
1919,307045400,C,2012-12-01,2012-12-02,107,Online,11,412,268298.52,216283.52,52015,2012-12-01,2012-12-02,2012-12-02,890e184c92044d5a14779e575f44b351,2012-12-02,2012-12-02,
1920,901351678,C,2012-12-01,2012-12-04,3,Online,12,8846,5911516.42,4445468.84,1466047.58,2012-12-01,2012-12-04,2012-12-04,d804c0f13e74d968f8434a628b57eaff,2012-12-04,2012-12-04,
1921,859592902,M,2012-12-02,2013-01-14,156,Online,9,1497,631569.33,545940.93,85628.4,2012-12-02,2013-01-14,2013-01-14,02c9f1ac0c64aaefe017671bda7628f1,2013-01-14,2013-01-14,
1922,745139825,H,2012-12-03,2012-12-08,124,Online,2,2288,108565.6,72735.52,35830.08,2012-12-03,2012-12-08,2012-12-08,6855cc9f64311767b1c695aa5c3ffb86,2012-12-08,2012-12-08,
1923,227621114,C,2012-12-03,2012-12-31,72,Offline,6,7001,1078574.06,636600.93,441973.13,2012-12-03,2012-12-31,2012-12-31,aa64f86a2897748ed6f03fe9bafddcb3,2012-12-31,2012-12-31,
1924,287917602,L,2012-12-03,2013-01-05,88,Online,3,71,5802.83,4023.57,1779.26,2012-12-03,2013-01-05,2013-01-05,65be30dd0851f4d318f75c3608c1e106,2013-01-05,2013-01-05,
1925,913277423,L,2012-12-04,2012-12-28,116,Online,6,7939,1223082.34,721893.27,501189.07,2012-12-04,2012-12-28,2012-12-28,503affef2f79089e3cb93b8637d2fdfb,2012-12-28,2012-12-28,
1926,574247491,H,2012-12-05,2012-12-17,84,Offline,12,1448,967654.96,727677.92,239977.04,2012-12-05,2012-12-17,2012-12-17,8b231c38889028842e1617a2437e92b3,2012-12-17,2012-12-17,
1927,740338456,H,2012-12-06,2012-12-12,2,Offline,11,1456,948161.76,764341.76,183820,2012-12-06,2012-12-12,2012-12-12,86f49c8566d8f80e4e78385a772489ba,2012-12-12,2012-12-12,
1928,258202588,L,2012-12-06,2012-12-23,113,Online,11,6738,4387852.98,3537180.48,850672.5,2012-12-06,2012-12-23,2012-12-23,2edd9d102b41d7525d1684aa0ddc56ba,2012-12-23,2012-12-23,
1929,983453023,L,2012-12-06,2012-12-31,113,Offline,3,4459,364434.07,252691.53,111742.54,2012-12-06,2012-12-31,2012-12-31,b3af10bdcc74b128a8c0332ad1fbf3ec,2012-12-31,2012-12-31,
1930,262177836,H,2012-12-06,2013-01-16,160,Offline,1,3103,28950.99,21472.76,7478.23,2012-12-06,2013-01-16,2013-01-16,02bdea01573502492ebddb3c872d47f6,2013-01-16,2013-01-16,
1931,322120273,C,2012-12-08,2012-12-28,78,Offline,11,1402,912996.42,735993.92,177002.5,2012-12-08,2012-12-28,2012-12-28,cf1d991100ad6d8271317520dc4f927d,2012-12-28,2012-12-28,
1932,920519816,M,2012-12-09,2012-12-30,29,Offline,2,1125,53381.25,35763.75,17617.5,2012-12-09,2012-12-30,2012-12-30,739c2967b828e713acd8077d8e309574,2012-12-30,2012-12-30,
1933,885136973,C,2012-12-09,2013-01-11,46,Offline,6,555,85503.3,50466.15,35037.15,2012-12-09,2013-01-11,2013-01-11,83f5b31a9c72f26aa67ab59b0e1b92a7,2013-01-11,2013-01-11,
1934,471484124,M,2012-12-09,2013-01-24,134,Online,8,1485,379090.8,236738.7,142352.1,2012-12-09,2013-01-24,2013-01-24,640db03d7d4c67cc8bf67a706872e265,2013-01-24,2013-01-24,
1935,691259610,L,2012-12-12,2013-01-03,8,Offline,12,7935,5302722.45,3987654.9,1315067.55,2012-12-12,2013-01-03,2013-01-03,b618da588ecd9ff1f4fd7ae73494dff4,2013-01-03,2013-01-03,
1936,292287242,M,2012-12-12,2013-01-11,175,Offline,2,3145,149230.25,99979.55,49250.7,2012-12-12,2013-01-11,2013-01-11,d9faf2c097c8a097de064d3d1806a4fb,2013-01-11,2013-01-11,
1937,468611371,M,2012-12-13,2013-01-28,86,Offline,5,1373,209492.34,133785.12,75707.22,2012-12-13,2013-01-28,2013-01-28,7a848df8baf2e44290dbab2b97f49d3a,2013-01-28,2013-01-28,
1938,692952191,M,2012-12-14,2013-01-04,169,Online,10,8807,3850420.4,2319147.31,1531273.09,2012-12-14,2013-01-04,2013-01-04,caaa229acb0afa5d0ecfea93d6b5891a,2013-01-04,2013-01-04,
1939,310588920,H,2012-12-14,2013-01-06,66,Offline,10,9018,3942669.6,2374709.94,1567959.66,2012-12-14,2013-01-06,2013-01-06,3a8e85660518ba79be7c3f57ac336764,2013-01-06,2013-01-06,
1940,884192836,C,2012-12-14,2013-01-15,108,Offline,11,1164,758008.44,611053.44,146955,2012-12-14,2013-01-15,2013-01-15,b786127b269449518f2e8f40175e4977,2013-01-15,2013-01-15,
1941,493406999,C,2012-12-14,2013-01-21,148,Offline,7,8950,1841015,1048134.5,792880.5,2012-12-14,2013-01-21,2013-01-21,2dd43156ec8b4dbb21744f751be08977,2013-01-21,2013-01-21,
1942,674060428,L,2012-12-15,2012-12-17,18,Online,7,8315,1710395.5,973769.65,736625.85,2012-12-15,2012-12-17,2012-12-17,97350521391f8fd184eaea31f6fade6c,2012-12-17,2012-12-17,
1943,917293012,L,2012-12-15,2013-01-30,165,Offline,3,6241,510076.93,353677.47,156399.46,2012-12-15,2013-01-30,2013-01-30,36ddd89d9804920bcf4fc021dd3c81a6,2013-01-30,2013-01-30,
1944,898283231,H,2012-12-16,2012-12-18,10,Offline,7,825,169702.5,96615.75,73086.75,2012-12-16,2012-12-18,2012-12-18,f3b91f376f1d8a45bcb501be99a73d75,2012-12-18,2012-12-18,
1945,337077128,M,2012-12-16,2012-12-30,157,Offline,8,7468,1906431.04,1190548.56,715882.48,2012-12-16,2012-12-30,2012-12-30,11582b2894780fec913cb1dd90a989fc,2012-12-30,2012-12-30,
1946,910681045,M,2012-12-16,2013-01-08,47,Offline,10,9613,4202803.6,2531391.29,1671412.31,2012-12-16,2013-01-08,2013-01-08,23ce0ee324d3710651fa41f1c221d3af,2013-01-08,2013-01-08,
1947,889742648,L,2012-12-17,2013-01-16,116,Offline,11,3476,2263605.96,1824760.96,438845,2012-12-17,2013-01-16,2013-01-16,f2c2e365bd7e966e744f7cabe0037d6b,2013-01-16,2013-01-16,
1948,818976962,C,2012-12-18,2012-12-21,33,Offline,6,2337,360038.22,212503.41,147534.81,2012-12-18,2012-12-21,2012-12-21,904fb181c8eac215f0b19aa6339d8599,2012-12-21,2012-12-21,
1949,733648812,M,2012-12-18,2012-12-24,79,Online,7,1842,378899.4,215716.62,163182.78,2012-12-18,2012-12-24,2012-12-24,868952f8830ba1418f589f53be348a50,2012-12-24,2012-12-24,
1950,556970632,L,2012-12-18,2013-01-02,184,Offline,8,8842,2257185.76,1409591.64,847594.12,2012-12-18,2013-01-02,2013-01-02,7b7f796e9b50f9d7b8abb4cbd40ad67d,2013-01-02,2013-01-02,
1951,841725957,C,2012-12-18,2013-01-08,154,Online,8,4271,1090300.88,680882.82,409418.06,2012-12-18,2013-01-08,2013-01-08,aea7464f3dc093dfd91ec9e93fdc2915,2013-01-08,2013-01-08,
1952,723061597,L,2012-12-19,2012-12-29,149,Online,4,8849,967018.72,317148.16,649870.56,2012-12-19,2012-12-29,2012-12-29,7bc0d50f2ab51a10ceeb3aa7ab499c41,2012-12-29,2012-12-29,
1953,664693725,C,2012-12-20,2012-12-24,13,Offline,5,6499,991617.42,633262.56,358354.86,2012-12-20,2012-12-24,2012-12-24,ea57f8ded755a25c24240a93da4f50dd,2012-12-24,2012-12-24,
1954,215540015,M,2012-12-21,2012-12-24,26,Offline,3,1935,158147.55,109656.45,48491.1,2012-12-21,2012-12-24,2012-12-24,6021146607eec7e8c9ca0bf1909717d8,2012-12-24,2012-12-24,
1955,524972951,L,2012-12-22,2013-01-17,26,Offline,9,17,7172.13,6199.73,972.4,2012-12-22,2013-01-17,2013-01-17,ef7038be916e66a07cf5e90318038ccb,2013-01-17,2013-01-17,
1956,238170993,L,2012-12-22,2013-02-07,108,Offline,2,8944,424392.8,284329.76,140063.04,2012-12-22,2013-02-07,2013-02-07,e83d16d15dc1e328341baf314c4df697,2013-02-07,2013-02-07,
1957,302442729,C,2012-12-23,2013-01-17,66,Offline,8,8379,2138991.12,1335780.18,803210.94,2012-12-23,2013-01-17,2013-01-17,c377a8a20028fe6966fd14e3f5b317f0,2013-01-17,2013-01-17,
1958,938507783,L,2012-12-23,2013-01-30,22,Online,11,4164,2711638.44,2185933.44,525705,2012-12-23,2013-01-30,2013-01-30,c01fa2c26d25c593a57fa8263ab78860,2013-01-30,2013-01-30,
1959,308582627,C,2012-12-23,2013-02-09,30,Offline,2,5312,252054.4,168868.48,83185.92,2012-12-23,2013-02-09,2013-02-09,3d416eccfa0742841256c83a16f3562a,2013-02-09,2013-02-09,
1960,121317231,C,2012-12-24,2013-01-02,56,Offline,3,9319,761641.87,528107.73,233534.14,2012-12-24,2013-01-02,2013-01-02,4a619d0ad291cdec48396c6eeae09e44,2013-01-02,2013-01-02,
1961,183778369,L,2012-12-24,2013-01-07,32,Online,5,2958,451331.64,288227.52,163104.12,2012-12-24,2013-01-07,2013-01-07,5322dc3b998c23ae2863d0261a164282,2013-01-07,2013-01-07,
1962,314604508,C,2012-12-24,2013-02-08,8,Online,11,7320,4766857.2,3842707.2,924150,2012-12-24,2013-02-08,2013-02-08,c39079e07f5cba20d000c86bada02527,2013-02-08,2013-02-08,
1963,869198644,H,2012-12-26,2013-01-05,121,Online,7,4049,832879.3,474178.39,358700.91,2012-12-26,2013-01-05,2013-01-05,5d6f4cd0cb3a725712b0ff7ccc1a44b0,2013-01-05,2013-01-05,
1964,696613729,M,2012-12-26,2013-01-13,13,Online,6,2337,360038.22,212503.41,147534.81,2012-12-26,2013-01-13,2013-01-13,141111d7319db95816ba4c7b9770d7b0,2013-01-13,2013-01-13,
1965,900488221,M,2012-12-26,2013-02-14,99,Offline,11,3330,2168529.3,1748116.8,420412.5,2012-12-26,2013-02-14,2013-02-14,7cc3d400e77f6a03b712c5203bc6e2f4,2013-02-14,2013-02-14,
1966,975111138,M,2012-12-27,2013-01-21,123,Online,8,5910,1508704.8,942172.2,566532.6,2012-12-27,2013-01-21,2013-01-21,606a9c5fa05773332554a859a672456e,2013-01-21,2013-01-21,
1967,889192903,C,2012-12-30,2013-01-01,86,Online,2,795,37722.75,25273.05,12449.7,2012-12-30,2013-01-01,2013-01-01,f3cdb3f909e9cd12df059c05033e944b,2013-01-01,2013-01-01,
1968,413078916,L,2012-12-31,2013-01-11,18,Online,6,8086,1245729.16,735259.98,510469.18,2012-12-31,2013-01-11,2013-01-11,1998f15cf645d9d01c1e2c8fc757c963,2013-01-11,2013-01-11,
1969,154811799,L,2013-01-02,2013-02-19,6,Offline,1,1106,10318.98,7653.52,2665.46,2013-01-02,2013-02-19,2013-02-19,d6eff1e4cbe62c92c6ca769132288234,2013-02-19,2013-02-19,
1970,578461778,C,2013-01-04,2013-01-09,173,Online,2,8550,405697.5,271804.5,133893,2013-01-04,2013-01-09,2013-01-09,43ccf11c63d02a26ee9a4d462ebe30d4,2013-01-09,2013-01-09,
1971,181418025,M,2013-01-04,2013-01-17,81,Online,11,4480,2917420.8,2351820.8,565600,2013-01-04,2013-01-17,2013-01-17,4aa5a043edacfd6053f6f7601449d933,2013-01-17,2013-01-17,
1972,399618947,L,2013-01-04,2013-01-19,21,Online,2,4982,236395.9,158377.78,78018.12,2013-01-04,2013-01-19,2013-01-19,fbd84340cfd3d7c5be166ddc856e5cfe,2013-01-19,2013-01-19,
1973,152411115,H,2013-01-04,2013-02-21,37,Online,9,691,291525.99,252000.79,39525.2,2013-01-04,2013-02-21,2013-02-21,4263e4b726a10100d266aec0fa49d0b8,2013-02-21,2013-02-21,
1974,823622977,C,2013-01-04,2013-02-22,83,Offline,4,7197,786488.16,257940.48,528547.68,2013-01-04,2013-02-22,2013-02-22,3a38567c2dca2c610fbbb3d5d4d941e4,2013-02-22,2013-02-22,
1975,291305768,H,2013-01-05,2013-01-06,32,Online,1,2705,25237.65,18718.6,6519.05,2013-01-05,2013-01-06,2013-01-06,f7a27962c8976c8809c15d02172355c3,2013-01-06,2013-01-06,
1976,734201562,M,2013-01-05,2013-01-08,16,Offline,10,5413,2366563.6,1425405.29,941158.31,2013-01-05,2013-01-08,2013-01-08,c855ab1c9e6c0f96f0fa4803f05e005c,2013-01-08,2013-01-08,
1977,941933286,M,2013-01-05,2013-02-08,153,Online,5,7846,1197142.68,764514.24,432628.44,2013-01-05,2013-02-08,2013-02-08,0e273bd65cab2b8f2b5c37f56c5b931a,2013-02-08,2013-02-08,
1978,715309798,M,2013-01-06,2013-02-10,23,Online,7,4920,1012044,576181.2,435862.8,2013-01-06,2013-02-10,2013-02-10,58d325ea836f5ab2f39299115b613528,2013-02-10,2013-02-10,
1979,939768636,H,2013-01-06,2013-02-10,60,Online,5,7278,1110477.24,709168.32,401308.92,2013-01-06,2013-02-10,2013-02-10,7f8fb029ae52e73d6eb542cb805b6c33,2013-02-10,2013-02-10,
1980,854204452,L,2013-01-07,2013-02-14,1,Online,5,6934,1057989.72,675648.96,382340.76,2013-01-07,2013-02-14,2013-02-14,3fff5cd05c1f959bf72a70bb1c11fe27,2013-02-14,2013-02-14,
1981,725188910,L,2013-01-08,2013-02-08,2,Online,7,8369,1721503.3,980093.59,741409.71,2013-01-08,2013-02-08,2013-02-08,38b15f7aba5d1cda972692d5de9d1fe3,2013-02-08,2013-02-08,
1982,209598815,L,2013-01-09,2013-01-11,43,Offline,4,3802,415482.56,136263.68,279218.88,2013-01-09,2013-01-11,2013-01-11,cc9456bca898bd3f5731e1b8f34f2606,2013-01-11,2013-01-11,
1983,968185460,M,2013-01-09,2013-02-03,172,Online,5,6448,983835.84,628293.12,355542.72,2013-01-09,2013-02-03,2013-02-03,193ddd3e81f146a8407a04ce4792288e,2013-02-03,2013-02-03,
1984,201294267,L,2013-01-09,2013-02-09,137,Offline,5,6302,961559.16,614066.88,347492.28,2013-01-09,2013-02-09,2013-02-09,4e8f3634e8d1b91bc05c96e99a98bdcc,2013-02-09,2013-02-09,
1985,697992599,L,2013-01-09,2013-02-18,156,Online,7,376,77343.2,44033.36,33309.84,2013-01-09,2013-02-18,2013-02-18,ebe5d566424c8fdcbbf6b70305033436,2013-02-18,2013-02-18,
1986,107425534,C,2013-01-10,2013-01-21,85,Online,2,8458,401332.1,268879.82,132452.28,2013-01-10,2013-01-21,2013-01-21,6208b1764d29adb6b9616310ed991c87,2013-01-21,2013-01-21,
1987,248720872,M,2013-01-10,2013-01-24,15,Online,11,888,578274.48,466164.48,112110,2013-01-10,2013-01-24,2013-01-24,cd51e7162b255de6e56320a9220dfffa,2013-01-24,2013-01-24,
1988,250885522,L,2013-01-10,2013-01-24,19,Online,11,1456,948161.76,764341.76,183820,2013-01-10,2013-01-24,2013-01-24,448b5df400409163ab94f8fa0b84f5cc,2013-01-24,2013-01-24,
1989,699803197,H,2013-01-10,2013-01-24,74,Offline,2,6172,292861.4,196207.88,96653.52,2013-01-10,2013-01-24,2013-01-24,8f73194a6bf9dc6b7f97f9f173de6925,2013-01-24,2013-01-24,
1990,142572343,H,2013-01-11,2013-03-02,82,Offline,4,9179,1003081.12,328975.36,674105.76,2013-01-11,2013-03-02,2013-03-02,b7a0f7267db8a6b37ac3d410b0bc3d5a,2013-03-02,2013-03-02,
1991,768050181,C,2013-01-12,2013-01-28,76,Online,2,1971,93523.95,62658.09,30865.86,2013-01-12,2013-01-28,2013-01-28,37d8b90fa03b5504ea049574c6bbe674,2013-01-28,2013-01-28,
1992,946774995,M,2013-01-12,2013-02-13,150,Online,3,615,50263.95,34852.05,15411.9,2013-01-12,2013-02-13,2013-02-13,cfda21f917b2135d237f8a09d8210777,2013-02-13,2013-02-13,
1993,235732972,H,2013-01-13,2013-01-31,46,Offline,11,7480,4871050.8,3926700.8,944350,2013-01-13,2013-01-31,2013-01-31,0f0a3214fafcb5225b2eec7a6771e7b8,2013-01-31,2013-01-31,
1994,651432454,M,2013-01-13,2013-02-12,110,Online,11,2194,1428754.74,1151762.24,276992.5,2013-01-13,2013-02-12,2013-02-12,8842c21a1d0dcadeaad2b178b4f1242c,2013-02-12,2013-02-12,
1995,576337468,C,2013-01-14,2013-01-18,80,Online,1,9919,92544.27,68639.48,23904.79,2013-01-14,2013-01-18,2013-01-18,83ae776e71a905cca4421553f40794e3,2013-01-18,2013-01-18,
1996,753133666,L,2013-01-14,2013-02-04,109,Online,12,7843,5241241.61,3941421.22,1299820.39,2013-01-14,2013-02-04,2013-02-04,ef6fd3f3d92ec808e2833330c1529aec,2013-02-04,2013-02-04,
1997,225145757,H,2013-01-14,2013-02-05,150,Offline,10,4487,1961716.4,1181561.71,780154.69,2013-01-14,2013-02-05,2013-02-05,5fc731fd3d76ef9a8a7a596074f903e7,2013-02-05,2013-02-05,
1998,723772704,M,2013-01-15,2013-02-15,165,Offline,12,9282,6202882.14,4664576.28,1538305.86,2013-01-15,2013-02-15,2013-02-15,aab10f7b729f89edb91df86f38d70b65,2013-02-15,2013-02-15,
1999,785643756,H,2013-01-17,2013-01-26,162,Offline,8,8301,2119079.28,1323345.42,795733.86,2013-01-17,2013-01-26,2013-01-26,e2a58d812bbd52d885962d4e3ca68f38,2013-01-26,2013-01-26,
2000,417606914,H,2013-01-18,2013-02-19,110,Offline,11,8021,5223355.41,4210704.16,1012651.25,2013-01-18,2013-02-19,2013-02-19,d6d84172bf91f0b50f802140fdfd3bf7,2013-02-19,2013-02-19,
2001,591766393,C,2013-01-20,2013-03-10,97,Online,6,5681,875214.86,516573.33,358641.53,2013-01-20,2013-03-10,2013-03-10,97b8f77d71d647b75b888ef177d660da,2013-03-10,2013-03-10,
2002,680715739,H,2013-01-22,2013-03-07,61,Online,11,7769,5059250.49,4078414.24,980836.25,2013-01-22,2013-03-07,2013-03-07,5c3fb758a6a0346829be408cc6c79416,2013-03-07,2013-03-07,
2003,167172276,L,2013-01-23,2013-03-04,158,Offline,12,8846,5911516.42,4445468.84,1466047.58,2013-01-23,2013-03-04,2013-03-04,70f9b15bd1e73b126d8d15290cbe8ce6,2013-03-04,2013-03-04,
2004,412215459,H,2013-01-24,2013-01-31,24,Online,7,2569,528443.3,300855.59,227587.71,2013-01-24,2013-01-31,2013-01-31,fffc6d9382abcc31e2eee2815e278223,2013-01-31,2013-01-31,
2005,443269002,H,2013-01-24,2013-03-13,61,Online,12,2003,1338544.81,1006587.62,331957.19,2013-01-24,2013-03-13,2013-03-13,fa1165b61d5a31c25118c33f3c14c023,2013-03-13,2013-03-13,
2006,592986905,M,2013-01-24,2013-03-13,9,Online,11,6858,4465998.18,3600175.68,865822.5,2013-01-24,2013-03-13,2013-03-13,e3bf714a9cc6ba5b4acf396c0701c0f1,2013-03-13,2013-03-13,
2007,414026057,M,2013-01-25,2013-02-26,55,Online,8,8366,2135672.48,1333707.72,801964.76,2013-01-25,2013-02-26,2013-02-26,f5a9fcdb1b398b2f58336831e3a51007,2013-02-26,2013-02-26,
2008,316418111,M,2013-01-25,2013-03-06,120,Offline,2,4005,190037.25,127318.95,62718.3,2013-01-25,2013-03-06,2013-03-06,19a25d427c4225dbb6e6bb5a5fc2e797,2013-03-06,2013-03-06,
2009,704921281,L,2013-01-26,2013-02-05,161,Offline,5,727,110925.66,70838.88,40086.78,2013-01-26,2013-02-05,2013-02-05,5c56865820bcac6521d0da97f298d93c,2013-02-05,2013-02-05,
2010,945517146,C,2013-01-28,2013-02-01,55,Offline,5,8390,1280146.2,817521.6,462624.6,2013-01-28,2013-02-01,2013-02-01,1640df09f35ffe94a244493f760f0549,2013-02-01,2013-02-01,
2011,460980594,C,2013-01-29,2013-02-13,115,Offline,7,3257,669964.9,381427.27,288537.63,2013-01-29,2013-02-13,2013-02-13,83e0b5acef1bc6b3d511e2cf4541c6ff,2013-02-13,2013-02-13,
2012,224005925,M,2013-01-29,2013-02-18,64,Online,5,7186,1096439.88,700203.84,396236.04,2013-01-29,2013-02-18,2013-02-18,3080123ad24d5533c53a811d8c5b6afe,2013-02-18,2013-02-18,
2013,392379558,H,2013-01-29,2013-03-09,141,Offline,8,2685,685426.8,428042.7,257384.1,2013-01-29,2013-03-09,2013-03-09,01f646a60af5ed30d0d364d299dc42c8,2013-03-09,2013-03-09,
2014,673041617,M,2013-01-29,2013-03-15,130,Online,12,6826,4561611.02,3430338.04,1131272.98,2013-01-29,2013-03-15,2013-03-15,429e616b01cf727f75ec2e909d6a3bdc,2013-03-15,2013-03-15,
2015,687368047,L,2013-01-30,2013-02-14,65,Online,7,6335,1303109.5,741891.85,561217.65,2013-01-30,2013-02-14,2013-02-14,2236b6d91638e411048938071a5db55a,2013-02-14,2013-02-14,
2016,250848186,M,2013-01-30,2013-03-07,79,Online,4,407,44476.96,14586.88,29890.08,2013-01-30,2013-03-07,2013-03-07,560e55a8e559f80b20f9d58a881ce3ca,2013-03-07,2013-03-07,
2017,986449801,H,2013-01-31,2013-03-13,163,Offline,9,1272,536644.08,463885.68,72758.4,2013-01-31,2013-03-13,2013-03-13,982641d0701e66fbe3fdfed0d43c8e33,2013-03-13,2013-03-13,
2018,846965062,H,2013-02-01,2013-02-12,9,Online,5,4638,707666.04,451926.72,255739.32,2013-02-01,2013-02-12,2013-02-12,b5651f471851cef5fbc0c3037718ed78,2013-02-12,2013-02-12,
2019,539342725,H,2013-02-01,2013-02-15,69,Offline,5,2353,359020.74,229276.32,129744.42,2013-02-01,2013-02-15,2013-02-15,bf6b6085c07d46834ab9011484bd2bc4,2013-02-15,2013-02-15,
2020,585194766,C,2013-02-01,2013-02-25,170,Offline,6,990,152519.4,90020.7,62498.7,2013-02-01,2013-02-25,2013-02-25,139f6e5284c09ad099642b1de25ac448,2013-02-25,2013-02-25,
2021,560163104,H,2013-02-01,2013-03-05,117,Online,1,3565,33261.45,24669.8,8591.65,2013-02-01,2013-03-05,2013-03-05,15dcd790f2a0722b550e787f2e7393ed,2013-03-05,2013-03-05,
2022,687013995,C,2013-02-01,2013-03-13,174,Offline,8,1563,399002.64,249173.46,149829.18,2013-02-01,2013-03-13,2013-03-13,6816f7b783a8f358481f7be06a7b34f1,2013-03-13,2013-03-13,
2023,881993854,L,2013-02-03,2013-02-28,46,Online,6,436,67170.16,39645.48,27524.68,2013-02-03,2013-02-28,2013-02-28,f88b98d3699cb5cbba23b3b9c3c65a4a,2013-02-28,2013-02-28,
2024,484950101,H,2013-02-03,2013-03-07,12,Online,4,6366,695676.48,228157.44,467519.04,2013-02-03,2013-03-07,2013-03-07,c99516f08382c19b8f6d0480a7c7649b,2013-03-07,2013-03-07,
2025,555479753,C,2013-02-04,2013-02-12,6,Offline,10,7658,3348077.6,2016581.14,1331496.46,2013-02-04,2013-02-12,2013-02-12,211b1881ae889efb90bbb9f89298c4e4,2013-02-12,2013-02-12,
2026,281075608,H,2013-02-04,2013-03-26,92,Offline,12,5373,3590614.71,2700147.42,890467.29,2013-02-04,2013-03-26,2013-03-26,b193c79ca2a27ab1a1e60a8cf7817eab,2013-03-26,2013-03-26,
2027,424181544,H,2013-02-05,2013-03-04,11,Online,7,3600,740520,421596,318924,2013-02-05,2013-03-04,2013-03-04,31c325af445f5083f4a77c5125a36ede,2013-03-04,2013-03-04,
2028,636360585,H,2013-02-05,2013-03-08,28,Offline,7,2093,430530.1,245111.23,185418.87,2013-02-05,2013-03-08,2013-03-08,87d4d669fb875e3af6c878c930312a59,2013-03-08,2013-03-08,
2029,783913838,H,2013-02-05,2013-03-09,33,Online,5,6380,973460.4,621667.2,351793.2,2013-02-05,2013-03-09,2013-03-09,10545a8e31daa68927cfeac9d5f79ea6,2013-03-09,2013-03-09,
2030,266159093,C,2013-02-06,2013-02-10,27,Offline,11,1245,810756.45,653575.2,157181.25,2013-02-06,2013-02-10,2013-02-10,c62926b06e0ded46b6058d16dea57ea2,2013-02-10,2013-02-10,
2031,405407798,C,2013-02-06,2013-03-11,124,Offline,6,8031,1237255.86,730258.83,506997.03,2013-02-06,2013-03-11,2013-03-11,3b8f29efcbbc3cd59073e758f216e074,2013-03-11,2013-03-11,
2032,523836123,C,2013-02-06,2013-03-22,90,Online,4,3605,393954.4,129203.2,264751.2,2013-02-06,2013-03-22,2013-03-22,5a972830d6f13a3340f1d7b0830e98a7,2013-03-22,2013-03-22,
2033,417569577,C,2013-02-07,2013-02-10,14,Offline,12,6972,4659178.44,3503708.88,1155469.56,2013-02-07,2013-02-10,2013-02-10,efeac324bb4a44fb8c2a09039e7e5931,2013-02-10,2013-02-10,
2034,330312812,M,2013-02-07,2013-02-14,157,Online,10,5756,2516523.2,1515727.48,1000795.72,2013-02-07,2013-02-14,2013-02-14,938e51eff96fa1485b8c22fa3b571f01,2013-02-14,2013-02-14,
2035,841573607,H,2013-02-07,2013-03-17,126,Online,9,9187,3875903.43,3350407.03,525496.4,2013-02-07,2013-03-17,2013-03-17,9a40728c18c34638160452ab1c4385e2,2013-03-17,2013-03-17,
2036,246913278,H,2013-02-08,2013-02-18,178,Online,10,5981,2614893.2,1574976.73,1039916.47,2013-02-08,2013-02-18,2013-02-18,d997cf0aaec550ffd8c3068b0dd6ded6,2013-02-18,2013-02-18,
2037,575355994,C,2013-02-08,2013-03-06,41,Online,3,9479,774718.67,537174.93,237543.74,2013-02-08,2013-03-06,2013-03-06,9dd7ed261473d1c986d59030b6a00375,2013-03-06,2013-03-06,
2038,943274819,M,2013-02-08,2013-03-08,139,Online,5,4836,737876.88,471219.84,266657.04,2013-02-08,2013-03-08,2013-03-08,f7c602a2d9149ed104aed852bacaf60e,2013-03-08,2013-03-08,
2039,242583978,L,2013-02-09,2013-02-20,77,Online,10,4845,2118234,1275833.85,842400.15,2013-02-09,2013-02-20,2013-02-20,6da642eb35d154e238d6c0af8d19d4a6,2013-02-20,2013-02-20,
2040,533597218,M,2013-02-09,2013-02-24,28,Online,11,2130,1387077.3,1118164.8,268912.5,2013-02-09,2013-02-24,2013-02-24,27c04d555c2c786460f9f11a783e819f,2013-02-24,2013-02-24,
2041,735189044,L,2013-02-09,2013-03-03,114,Offline,7,7631,1569696.7,893666.41,676030.29,2013-02-09,2013-03-03,2013-03-03,d2afce043333a79cbeeeca4c7514f328,2013-03-03,2013-03-03,
2042,516870105,L,2013-02-09,2013-03-27,12,Offline,1,2205,20572.65,15258.6,5314.05,2013-02-09,2013-03-27,2013-03-27,6cbb53d6b4e02b3f8fefc7980460a2b0,2013-03-27,2013-03-27,
2043,890928828,C,2013-02-10,2013-03-02,51,Online,11,4494,2926537.74,2359170.24,567367.5,2013-02-10,2013-03-02,2013-03-02,975e5f2d14753d41bd7e06d41f5f5b3f,2013-03-02,2013-03-02,
2044,624829232,M,2013-02-10,2013-03-16,103,Offline,5,9710,1481551.8,946142.4,535409.4,2013-02-10,2013-03-16,2013-03-16,92ba4cdd4786a978bfbc5d51897d4d33,2013-03-16,2013-03-16,
2045,691383635,M,2013-02-10,2013-03-19,45,Offline,6,4637,714376.22,421642.41,292733.81,2013-02-10,2013-03-19,2013-03-19,cd60194e54cc2407526874ed59a54983,2013-03-19,2013-03-19,
2046,290246617,C,2013-02-10,2013-03-28,109,Offline,9,9279,3914717.31,3383958.51,530758.8,2013-02-10,2013-03-28,2013-03-28,bf6dd9043de7c9305abd2a1ef88218ec,2013-03-28,2013-03-28,
2047,668280589,L,2013-02-11,2013-03-28,28,Online,9,7932,3346431.48,2892721.08,453710.4,2013-02-11,2013-03-28,2013-03-28,c5b14371bafedb68a09823452759af89,2013-03-28,2013-03-28,
2048,873847663,M,2013-02-12,2013-03-10,20,Online,10,9797,4283248.4,2579844.01,1703404.39,2013-02-12,2013-03-10,2013-03-10,1947aaa103124cdf99a06582c415f173,2013-03-10,2013-03-10,
2049,723893725,C,2013-02-13,2013-03-11,32,Online,12,5095,3404835.65,2560441.3,844394.35,2013-02-13,2013-03-11,2013-03-11,f52cd22774ff542f681cc6e9b44b45fd,2013-03-11,2013-03-11,
2050,771674382,L,2013-02-14,2013-03-21,118,Offline,6,4453,686029.18,404911.29,281117.89,2013-02-14,2013-03-21,2013-03-21,cf52af9874b590301473c44977b2dbdb,2013-03-21,2013-03-21,
2051,821383655,M,2013-02-14,2013-03-29,77,Online,6,4531,698045.86,412003.83,286042.03,2013-02-14,2013-03-29,2013-03-29,a15566f65e9c55f6ad70742c5faee3d6,2013-03-29,2013-03-29,
2052,709095227,M,2013-02-15,2013-02-20,39,Online,4,5890,643659.2,211097.6,432561.6,2013-02-15,2013-02-20,2013-02-20,27ba538f360664299330fdda0add69fa,2013-02-20,2013-02-20,
2053,910569036,C,2013-02-15,2013-03-25,184,Online,7,6467,1330261.9,757350.37,572911.53,2013-02-15,2013-03-25,2013-03-25,70f3c746920f30c75187be9f2d48d33c,2013-03-25,2013-03-25,
2054,382581126,M,2013-02-16,2013-03-27,138,Offline,3,3112,254343.76,176357.04,77986.72,2013-02-16,2013-03-27,2013-03-27,b91a3af4599d6c0b7dce8eaf2953acd6,2013-03-27,2013-03-27,
2055,444806230,H,2013-02-16,2013-04-01,84,Online,7,6903,1419947.1,808410.33,611536.77,2013-02-16,2013-04-01,2013-04-01,aeb69400c05a450290f36ab18ca16417,2013-04-01,2013-04-01,
2056,421821200,C,2013-02-17,2013-03-15,67,Offline,12,5122,3422878.94,2574009.88,848869.06,2013-02-17,2013-03-15,2013-03-15,dfd2a689b348effce56a25c106abab03,2013-03-15,2013-03-15,
2057,562880504,H,2013-02-18,2013-03-19,83,Online,11,7704,5016921.84,4044291.84,972630,2013-02-18,2013-03-19,2013-03-19,bdfa8248d8e1ad4073132d3045702775,2013-03-19,2013-03-19,
2058,542178142,C,2013-02-18,2013-03-26,17,Online,11,1415,921462.15,742818.4,178643.75,2013-02-18,2013-03-26,2013-03-26,213e3d8e665e2e1e8c58e583e00e113f,2013-03-26,2013-03-26,
2059,968228805,L,2013-02-18,2013-04-03,179,Online,5,9274,1415026.92,903658.56,511368.36,2013-02-18,2013-04-03,2013-04-03,eb5efc4e6263d565ddb49d2230c9c790,2013-04-03,2013-04-03,
2060,280171811,L,2013-02-18,2013-04-07,9,Online,7,7920,1629144,927511.2,701632.8,2013-02-18,2013-04-07,2013-04-07,b67aff13d38faa2ab7b7f37c6a369516,2013-04-07,2013-04-07,
2061,498136699,L,2013-02-20,2013-04-11,64,Offline,5,8574,1308220.92,835450.56,472770.36,2013-02-20,2013-04-11,2013-04-11,275582d7c0d0c694862885748e412c9b,2013-04-11,2013-04-11,
2062,406432616,H,2013-02-21,2013-03-23,67,Online,2,1298,61590.1,41263.42,20326.68,2013-02-21,2013-03-23,2013-03-23,959d5cc2214c14050d94896cd5082a3a,2013-03-23,2013-03-23,
2063,437604176,L,2013-02-21,2013-04-07,79,Online,5,5655,862839.9,551023.2,311816.7,2013-02-21,2013-04-07,2013-04-07,4aef5fb0e40fe1dab23236b55a3b2337,2013-04-07,2013-04-07,
2064,431346261,M,2013-02-21,2013-04-09,7,Online,3,3799,310492.27,215289.33,95202.94,2013-02-21,2013-04-09,2013-04-09,b4cb51215e56b8d72013dc586edcaab0,2013-04-09,2013-04-09,
2065,634866702,M,2013-02-22,2013-02-25,77,Offline,3,20,1634.6,1133.4,501.2,2013-02-22,2013-02-25,2013-02-25,576163e40877801e76523162a6dfa7ee,2013-02-25,2013-02-25,
2066,474797618,L,2013-02-22,2013-03-01,165,Offline,6,2021,311355.26,183769.53,127585.73,2013-02-22,2013-03-01,2013-03-01,98108578c8588d4b126e8b8d6edf28a1,2013-03-01,2013-03-01,
2067,281510341,M,2013-02-22,2013-03-16,39,Online,9,4020,1695997.8,1466053.8,229944,2013-02-22,2013-03-16,2013-03-16,96f2d86505cb8dca90fe22f2936c050f,2013-03-16,2013-03-16,
2068,189924275,L,2013-02-22,2013-03-21,144,Offline,2,1668,79146.6,53025.72,26120.88,2013-02-22,2013-03-21,2013-03-21,b999f55e3308e488941cc4a48aa035fb,2013-03-21,2013-03-21,
2069,137814319,M,2013-02-23,2013-03-14,116,Online,1,1174,10953.42,8124.08,2829.34,2013-02-23,2013-03-14,2013-03-14,c7fb4505d1e9fc9ec9444f1366dedb80,2013-03-14,2013-03-14,
2070,499593245,H,2013-02-23,2013-04-13,73,Online,3,9598,784444.54,543918.66,240525.88,2013-02-23,2013-04-13,2013-04-13,efdcc28e7d9c57954ab5fc2b39264da5,2013-04-13,2013-04-13,
2071,357943856,L,2013-02-24,2013-03-17,108,Offline,8,2396,611650.88,381970.32,229680.56,2013-02-24,2013-03-17,2013-03-17,ba114bc447d62d64498494d1b3d75a05,2013-03-17,2013-03-17,
2072,334958827,L,2013-02-25,2013-02-28,14,Online,3,615,50263.95,34852.05,15411.9,2013-02-25,2013-02-28,2013-02-28,fd326e4a78df900a6246397b7651f229,2013-02-28,2013-02-28,
2073,559417665,M,2013-02-25,2013-02-28,30,Offline,6,2973,458020.38,270334.89,187685.49,2013-02-25,2013-02-28,2013-02-28,ea6ae18ff46c6f71d30d8992615687cb,2013-02-28,2013-02-28,
2074,898211562,L,2013-02-25,2013-03-12,164,Offline,1,9616,89717.28,66542.72,23174.56,2013-02-25,2013-03-12,2013-03-12,890f6a1927ed6ffef94fcad8ab3d6099,2013-03-12,2013-03-12,
2075,511518990,C,2013-02-25,2013-03-16,92,Online,1,8691,81087.03,60141.72,20945.31,2013-02-25,2013-03-16,2013-03-16,63d67e525fd1daafbb6a42702709df88,2013-03-16,2013-03-16,
2076,133248984,C,2013-02-25,2013-03-17,64,Offline,9,190,80159.1,69291.1,10868,2013-02-25,2013-03-17,2013-03-17,0c71168932b28ebfd2d4d2e3403fe76f,2013-03-17,2013-03-17,
2077,210154569,L,2013-02-25,2013-03-17,52,Offline,9,8262,3485655.18,3013068.78,472586.4,2013-02-25,2013-03-17,2013-03-17,198a003e17b2b730ee489101073cefbd,2013-03-17,2013-03-17,
2078,824927175,C,2013-02-27,2013-03-13,47,Offline,7,3138,645486.6,367491.18,277995.42,2013-02-27,2013-03-13,2013-03-13,c6b3292106345a5a6d1834fbf87dccf4,2013-03-13,2013-03-13,
2079,741527640,M,2013-03-01,2013-03-18,57,Offline,7,3362,691563.4,393723.82,297839.58,2013-03-01,2013-03-18,2013-03-18,d98ee426e8c4cbbf7c2e9f29c0432839,2013-03-18,2013-03-18,
2080,269742953,M,2013-03-01,2013-03-26,39,Online,9,1789,754761.21,652430.41,102330.8,2013-03-01,2013-03-26,2013-03-26,f6d25c21edfff4e5304b65de124ae5f3,2013-03-26,2013-03-26,
2081,670761954,L,2013-03-01,2013-04-11,109,Offline,2,2223,105481.35,70669.17,34812.18,2013-03-01,2013-04-11,2013-04-11,720b9b44e5fa7041149acd5eee890589,2013-04-11,2013-04-11,
2082,678830468,M,2013-03-02,2013-03-15,25,Online,7,9876,2031493.2,1156578.36,874914.84,2013-03-02,2013-03-15,2013-03-15,35562fbe9447cb516583c3805cf3224a,2013-03-15,2013-03-15,
2083,597831618,M,2013-03-02,2013-03-17,151,Offline,5,516,78731.28,50279.04,28452.24,2013-03-02,2013-03-17,2013-03-17,77aa9646ed92b5e0637c0dff1466c54a,2013-03-17,2013-03-17,
2084,132186830,M,2013-03-02,2013-04-16,123,Offline,10,5875,2568550,1547063.75,1021486.25,2013-03-02,2013-04-16,2013-04-16,f2783231e73bd66b3a94c75ac0988708,2013-04-16,2013-04-16,
2085,560166108,H,2013-03-03,2013-03-05,156,Online,2,4454,211342.3,141592.66,69749.64,2013-03-03,2013-03-05,2013-03-05,e80ab8e4776c63787aac2b3f3e4eb542,2013-03-05,2013-03-05,
2086,967679059,C,2013-03-03,2013-03-19,34,Online,6,6592,1015563.52,599410.56,416152.96,2013-03-03,2013-03-19,2013-03-19,ac25c52fa6661d6dae182101c995d7d0,2013-03-19,2013-03-19,
2087,630931794,H,2013-03-03,2013-04-01,140,Offline,8,5593,1427781.04,891636.06,536144.98,2013-03-03,2013-04-01,2013-04-01,0265d01b1866f904795b5d10ac036bcf,2013-04-01,2013-04-01,
2088,930013549,L,2013-03-04,2013-03-07,142,Offline,11,531,345792.51,278753.76,67038.75,2013-03-04,2013-03-07,2013-03-07,438daae22451aafa4bae9651559223a0,2013-03-07,2013-03-07,
2089,651162087,C,2013-03-05,2013-03-26,156,Online,3,2187,178743.51,123937.29,54806.22,2013-03-05,2013-03-26,2013-03-26,c3d9bf6f981aff98b44ea2b5984a070c,2013-03-26,2013-03-26,
2090,433079183,M,2013-03-05,2013-04-19,90,Offline,11,6609,4303846.89,3469460.64,834386.25,2013-03-05,2013-04-19,2013-04-19,4cb02d3c0557eda10ce9cdcb861cbae6,2013-04-19,2013-04-19,
2091,245813786,M,2013-03-06,2013-03-12,120,Offline,10,617,269752.4,162474.61,107277.79,2013-03-06,2013-03-12,2013-03-12,96a2f095c9a6b750933b62881aa5172c,2013-03-12,2013-03-12,
2092,380733191,C,2013-03-07,2013-04-13,34,Offline,8,6267,1599839.76,999085.14,600754.62,2013-03-07,2013-04-13,2013-04-13,9a6cc7107c3d1b57819ca27716634445,2013-04-13,2013-04-13,
2093,376403892,M,2013-03-07,2013-04-14,116,Offline,8,5131,1309841.68,817984.02,491857.66,2013-03-07,2013-04-14,2013-04-14,b3e53c5274d2f0616186d385f2c02390,2013-04-14,2013-04-14,
2094,727713620,C,2013-03-07,2013-04-22,113,Offline,11,5486,3572538.06,2879930.56,692607.5,2013-03-07,2013-04-22,2013-04-22,dc96d8c970a6ff2c0f2d731379b1faee,2013-04-22,2013-04-22,
2095,343185698,H,2013-03-07,2013-04-25,164,Offline,11,5129,3340056.09,2692519.84,647536.25,2013-03-07,2013-04-25,2013-04-25,d9cd4e1004c122966c8f6f215423dd4c,2013-04-25,2013-04-25,
2096,962169587,M,2013-03-09,2013-03-26,62,Offline,3,6217,508115.41,352317.39,155798.02,2013-03-09,2013-03-26,2013-03-26,9bd8325b12e0a60ac93937be819e3e68,2013-03-26,2013-03-26,
2097,247152316,M,2013-03-09,2013-04-09,41,Offline,3,6717,548980.41,380652.39,168328.02,2013-03-09,2013-04-09,2013-04-09,608978bdb44827acbc33c67cd8b63570,2013-04-09,2013-04-09,
2098,750108563,C,2013-03-09,2013-04-16,132,Offline,8,2648,675981.44,422144.16,253837.28,2013-03-09,2013-04-16,2013-04-16,a16ea660ee43aba7eee369d0bfc5a08c,2013-04-16,2013-04-16,
2099,363297975,L,2013-03-10,2013-03-27,112,Online,12,6799,4543567.73,3416769.46,1126798.27,2013-03-10,2013-03-27,2013-03-27,14a562253b09a5d97e207b2d75e4c8d6,2013-03-27,2013-03-27,
2100,918364179,H,2013-03-10,2013-04-11,118,Offline,5,3223,491765.34,314049.12,177716.22,2013-03-10,2013-04-11,2013-04-11,704418e7d4d4f1a4b79fb7d7cd629015,2013-04-11,2013-04-11,
2101,253056180,C,2013-03-11,2013-03-14,148,Online,12,3802,2540762.54,1910657.08,630105.46,2013-03-11,2013-03-14,2013-03-14,7b639aabf866a9f9b8af2e027b580bb2,2013-03-14,2013-03-14,
2102,758177077,L,2013-03-11,2013-03-21,175,Online,10,300,131160,78999,52161,2013-03-11,2013-03-21,2013-03-21,bd2316ed9233f9729bd6f2c0a442510b,2013-03-21,2013-03-21,
2103,579334247,L,2013-03-11,2013-03-30,47,Online,7,6733,1384978.1,788501.63,596476.47,2013-03-11,2013-03-30,2013-03-30,c92038357796620a63046e978da2f4be,2013-03-30,2013-03-30,
2104,467045819,M,2013-03-11,2013-04-12,127,Online,3,8092,661359.16,458573.64,202785.52,2013-03-11,2013-04-12,2013-04-12,5d412feeac129f06e3d90419863cae88,2013-04-12,2013-04-12,
2105,383882319,H,2013-03-11,2013-04-15,181,Online,6,8164,1257745.84,742352.52,515393.32,2013-03-11,2013-04-15,2013-04-15,c2b36d3ecb794c8adecd56105d6f5c30,2013-04-15,2013-04-15,
2106,298790204,H,2013-03-11,2013-04-18,123,Offline,4,7516,821348.48,269373.44,551975.04,2013-03-11,2013-04-18,2013-04-18,bd351e41c1bb4fb3a047c87433fe3a03,2013-04-18,2013-04-18,
2107,144743001,M,2013-03-12,2013-04-21,45,Offline,8,1525,389302,243115.5,146186.5,2013-03-12,2013-04-21,2013-04-21,5c9bf04bb773ebb5624389649524992e,2013-04-21,2013-04-21,
2108,614245021,L,2013-03-13,2013-03-20,10,Offline,10,7606,3325343.2,2002887.98,1322455.22,2013-03-13,2013-03-20,2013-03-20,a18414de8b74af55defe78825aa48f9d,2013-03-20,2013-03-20,
2109,757468974,H,2013-03-14,2013-03-23,171,Online,2,757,35919.65,24065.03,11854.62,2013-03-14,2013-03-23,2013-03-23,cb01bf3410b602b9bf13a8734c7cc345,2013-03-23,2013-03-23,
2110,491369378,M,2013-03-14,2013-04-06,93,Offline,6,5973,920200.38,543124.89,377075.49,2013-03-14,2013-04-06,2013-04-06,5d36f0c90e01fe3d1b052c6a3e5b24c7,2013-04-06,2013-04-06,
2111,799109733,C,2013-03-14,2013-04-29,167,Online,4,3183,347838.24,114078.72,233759.52,2013-03-14,2013-04-29,2013-04-29,da67041a1d962ce019019c2e69354577,2013-04-29,2013-04-29,
2112,514000356,C,2013-03-15,2013-03-30,65,Offline,12,2982,1992781.14,1498574.28,494206.86,2013-03-15,2013-03-30,2013-03-30,d0feb00800119cb17b75814264faf96d,2013-03-30,2013-03-30,
2113,586812674,M,2013-03-15,2013-03-31,153,Offline,11,9766,6359716.86,5126759.36,1232957.5,2013-03-15,2013-03-31,2013-03-31,b0c04e66683e3428337ef7207d7c78dd,2013-03-31,2013-03-31,
2114,994325625,H,2013-03-15,2013-04-15,64,Offline,5,1904,290512.32,185525.76,104986.56,2013-03-15,2013-04-15,2013-04-15,bbb6b7de38a18470c2b6fa5e052287c9,2013-04-15,2013-04-15,
2115,393407380,L,2013-03-16,2013-03-21,82,Online,1,6841,63826.53,47339.72,16486.81,2013-03-16,2013-03-21,2013-03-21,b2108a7f25d0da1d4689627cc653ccf8,2013-03-21,2013-03-21,
2116,694771802,H,2013-03-16,2013-03-21,101,Offline,8,7270,1855885.6,1158983.4,696902.2,2013-03-16,2013-03-21,2013-03-21,52bec4c12993cdcf4008b2eaee7adfae,2013-03-21,2013-03-21,
2117,962800014,L,2013-03-16,2013-04-26,103,Online,5,2774,423256.92,270298.56,152958.36,2013-03-16,2013-04-26,2013-04-26,385221578034bb82450bbbc502d507c7,2013-04-26,2013-04-26,
2118,523997485,L,2013-03-17,2013-04-23,100,Online,7,1355,278723.5,158684.05,120039.45,2013-03-17,2013-04-23,2013-04-23,b47d72a1121433f36d6421fe443b7725,2013-04-23,2013-04-23,
2119,372232949,C,2013-03-18,2013-03-30,130,Online,12,856,572039.12,430174.24,141864.88,2013-03-18,2013-03-30,2013-03-30,74c8831fed2bae9ebcddf20a64d41d09,2013-03-30,2013-03-30,
2121,826936471,H,2013-03-20,2013-03-30,145,Online,8,7733,1974080.24,1232794.86,741285.38,2013-03-20,2013-03-30,2013-03-30,1bbca2140352fcf08b1583fde4de72a2,2013-03-30,2013-03-30,
2122,492353856,L,2013-03-20,2013-04-11,43,Online,12,7302,4879707.54,3669547.08,1210160.46,2013-03-20,2013-04-11,2013-04-11,5657dc4e83a56b994cc2581621f52b06,2013-04-11,2013-04-11,
2123,805762040,M,2013-03-22,2013-04-08,173,Online,9,1748,737463.72,637478.12,99985.6,2013-03-22,2013-04-08,2013-04-08,69d121fd9a81b6ec3f38620d9147436d,2013-04-08,2013-04-08,
2124,726809823,H,2013-03-22,2013-05-05,41,Online,5,8033,1225675.14,782735.52,442939.62,2013-03-22,2013-05-05,2013-05-05,71c3de7fb2d6d045787dd160833fc673,2013-05-05,2013-05-05,
2125,431467282,C,2013-03-23,2013-05-04,159,Online,3,9612,785588.76,544712.04,240876.72,2013-03-23,2013-05-04,2013-05-04,890d78ed392c0bc68eebfe3b4fb5d008,2013-05-04,2013-05-04,
2126,578666484,H,2013-03-24,2013-04-11,153,Offline,1,9127,85154.91,63158.84,21996.07,2013-03-24,2013-04-11,2013-04-11,b4de22151360ca72aa4cb05a60429274,2013-04-11,2013-04-11,
2127,747040116,H,2013-03-24,2013-04-30,111,Online,11,4626,3012497.46,2428464.96,584032.5,2013-03-24,2013-04-30,2013-04-30,4c8d2b2b63ca56b03f3210e6c6e323aa,2013-04-30,2013-04-30,
2128,343974483,M,2013-03-24,2013-05-09,95,Offline,6,8548,1316904.88,777269.64,539635.24,2013-03-24,2013-05-09,2013-05-09,baa7e12452a0dd4d2be59827d9e421f7,2013-05-09,2013-05-09,
2129,634397637,H,2013-03-26,2013-04-19,10,Offline,4,1213,132556.64,43473.92,89082.72,2013-03-26,2013-04-19,2013-04-19,821076d181e64ba1c31fe164a884a1ef,2013-04-19,2013-04-19,
2130,833706796,M,2013-03-27,2013-04-03,43,Online,7,1223,251571.1,143225.53,108345.57,2013-03-27,2013-04-03,2013-04-03,a2766dae07971d7d0574005b7f43e927,2013-04-03,2013-04-03,
2131,104245078,M,2013-03-27,2013-04-21,169,Offline,1,7290,68015.7,50446.8,17568.9,2013-03-27,2013-04-21,2013-04-21,eb2b2e43234f2d00418a07adb2ef3d69,2013-04-21,2013-04-21,
2132,266360795,C,2013-03-27,2013-05-13,128,Online,7,933,191918.1,109263.63,82654.47,2013-03-27,2013-05-13,2013-05-13,46daeda245c68ad4cca6108e20f3eae6,2013-05-13,2013-05-13,
2133,621291720,H,2013-03-29,2013-03-31,59,Offline,6,2881,443846.86,261969.33,181877.53,2013-03-29,2013-03-31,2013-03-31,7d041762658d92985f465d4e801db949,2013-03-31,2013-03-31,
2134,396832883,M,2013-03-29,2013-03-31,144,Offline,3,523,42744.79,29638.41,13106.38,2013-03-29,2013-03-31,2013-03-31,615580130f81991aee8702507642c7c3,2013-03-31,2013-03-31,
2135,114242208,M,2013-03-29,2013-05-15,62,Offline,3,5663,462836.99,320922.21,141914.78,2013-03-29,2013-05-15,2013-05-15,db4c8a217146079173ef453938aee7d5,2013-05-15,2013-05-15,
2136,357120740,L,2013-03-30,2013-04-14,7,Offline,8,8818,2251059.04,1405765.56,845293.48,2013-03-30,2013-04-14,2013-04-14,da9f28ccc62c8f199a6b12383a9d7a3a,2013-04-14,2013-04-14,
2137,409112679,H,2013-03-30,2013-05-18,140,Online,6,4388,676015.28,399000.84,277014.44,2013-03-30,2013-05-18,2013-05-18,5d7436a322a8f96868b97c7fc74f51c9,2013-05-18,2013-05-18,
2138,386009633,M,2013-03-31,2013-04-05,90,Offline,3,7683,627931.59,435395.61,192535.98,2013-03-31,2013-04-05,2013-04-05,81a6c0caeb12dc58f006779585ff8c64,2013-04-05,2013-04-05,
2139,820482861,C,2013-03-31,2013-04-11,107,Offline,6,7967,1227396.02,724439.31,502956.71,2013-03-31,2013-04-11,2013-04-11,d969196cd66642b823189671990cf00e,2013-04-11,2013-04-11,
2140,286001002,C,2013-04-01,2013-04-15,52,Online,5,2907,443550.06,283258.08,160291.98,2013-04-01,2013-04-15,2013-04-15,060a40c8b54d603825fc9bdd70bd9e71,2013-04-15,2013-04-15,
2141,870074117,C,2013-04-01,2013-05-16,177,Online,2,3121,148091.45,99216.59,48874.86,2013-04-01,2013-05-16,2013-05-16,f076acce4af1a7ae1ee47171333a1189,2013-05-16,2013-05-16,
2142,462561166,H,2013-04-02,2013-05-02,160,Online,9,983,414717.87,358490.27,56227.6,2013-04-02,2013-05-02,2013-05-02,41b0ab4c0dd2b30b9288caa6d36b211c,2013-05-02,2013-05-02,
2143,516599738,M,2013-04-02,2013-05-09,24,Offline,11,2197,1430708.37,1153337.12,277371.25,2013-04-02,2013-05-09,2013-05-09,d245e0aec5c98e55ed94d1e0c5782b38,2013-05-09,2013-05-09,
2144,443551385,L,2013-04-03,2013-05-09,37,Online,8,5566,1420888.48,887331.72,533556.76,2013-04-03,2013-05-09,2013-05-09,fd1d1e611c604358cabc72c55bb93133,2013-05-09,2013-05-09,
2145,248099458,M,2013-04-04,2013-04-05,42,Offline,10,6998,3059525.6,1842783.34,1216742.26,2013-04-04,2013-04-05,2013-04-05,4171ec06f37033976c240cafef08209a,2013-04-05,2013-04-05,
2146,256404006,M,2013-04-04,2013-04-27,59,Online,8,4498,1148249.44,717071.16,431178.28,2013-04-04,2013-04-27,2013-04-27,4fb3b2ef021f51a38b36f18693a35747,2013-04-27,2013-04-27,
2147,669938838,M,2013-04-04,2013-05-10,165,Offline,8,8645,2206895.6,1378185.9,828709.7,2013-04-04,2013-05-10,2013-05-10,410645e6a1a55d132127aeeb8c86e122,2013-05-10,2013-05-10,
2148,441150701,H,2013-04-05,2013-05-12,2,Online,1,5150,48049.5,35638,12411.5,2013-04-05,2013-05-12,2013-05-12,c25358175501b5e89796052695fbb9a8,2013-05-12,2013-05-12,
2149,424541604,H,2013-04-05,2013-05-17,58,Offline,11,150,97681.5,78744,18937.5,2013-04-05,2013-05-17,2013-05-17,50703114bf0db4d674fb839b15cb0bb6,2013-05-17,2013-05-17,
2150,328862273,H,2013-04-05,2013-05-24,9,Online,12,6510,4350437.7,3271535.4,1078902.3,2013-04-05,2013-05-24,2013-05-24,660cdd8dcca58b7bf8a14ba30f395ec1,2013-05-24,2013-05-24,
2151,902466189,C,2013-04-06,2013-04-13,104,Online,5,8655,1320579.9,843343.2,477236.7,2013-04-06,2013-04-13,2013-04-13,4e3bac71aea3f1de90b8d3d06e822de9,2013-04-13,2013-04-13,
2152,885739076,H,2013-04-06,2013-05-14,25,Online,4,8730,954014.4,312883.2,641131.2,2013-04-06,2013-05-14,2013-05-14,55c4472b79f51cd3aa5b8b23adbc8917,2013-05-14,2013-05-14,
2153,129199063,C,2013-04-06,2013-05-17,85,Offline,1,1729,16131.57,11964.68,4166.89,2013-04-06,2013-05-17,2013-05-17,d77c1faa886d193e5573183789ddd51a,2013-05-17,2013-05-17,
2154,347399985,H,2013-04-06,2013-05-19,16,Online,12,2231,1490910.37,1121166.74,369743.63,2013-04-06,2013-05-19,2013-05-19,3a5250c3fca1077bbf9236b6990233bf,2013-05-19,2013-05-19,
2155,850356233,L,2013-04-06,2013-05-26,158,Online,10,8161,3567989.2,2149036.13,1418953.07,2013-04-06,2013-05-26,2013-05-26,cf0d1c2b5825e9e237da54c465e5b8e1,2013-05-26,2013-05-26,
2156,427808749,C,2013-04-09,2013-04-24,44,Online,7,6971,1433934.7,816373.81,617560.89,2013-04-09,2013-04-24,2013-04-24,9a5168735f094a2eb845d6528a011b17,2013-04-24,2013-04-24,
2157,107670581,M,2013-04-09,2013-05-01,10,Online,3,972,79441.56,55083.24,24358.32,2013-04-09,2013-05-01,2013-05-01,87488dcd7cec1f660e0b961c200c665c,2013-05-01,2013-05-01,
2158,105623948,L,2013-04-09,2013-05-27,67,Online,2,5328,252813.6,169377.12,83436.48,2013-04-09,2013-05-27,2013-05-27,280a96730f0bdc7fd57b140fe0d3ed9b,2013-05-27,2013-05-27,
2159,872161090,L,2013-04-11,2013-04-28,148,Offline,5,703,107263.74,68500.32,38763.42,2013-04-11,2013-04-28,2013-04-28,ad3d0fe04a2f8de21f871b374ca3e96e,2013-04-28,2013-04-28,
2160,277736794,C,2013-04-11,2013-05-21,181,Online,1,7344,68519.52,50820.48,17699.04,2013-04-11,2013-05-21,2013-05-21,b170d5e5dde225a2f64da670745bdb9e,2013-05-21,2013-05-21,
2161,242353951,L,2013-04-12,2013-04-13,10,Online,12,6775,4527529.25,3404708.5,1122820.75,2013-04-12,2013-04-13,2013-04-13,4e83ac45ccf1c00a3530f059e08f450b,2013-04-13,2013-04-13,
2162,828237664,H,2013-04-13,2013-04-19,44,Offline,12,2785,1861131.95,1399573.9,461558.05,2013-04-13,2013-04-19,2013-04-19,1c31aac8f906d9c548f5f346fb622b13,2013-04-19,2013-04-19,
2163,984095466,H,2013-04-13,2013-05-12,52,Online,6,4572,704362.32,415731.96,288630.36,2013-04-13,2013-05-12,2013-05-12,f9088556a5829511a091d61c05700124,2013-05-12,2013-05-12,
2164,131876122,C,2013-04-13,2013-05-22,141,Offline,8,3930,1003250.4,626520.6,376729.8,2013-04-13,2013-05-22,2013-05-22,fa983eb9ef5ffd654b7b4575922a025b,2013-05-22,2013-05-22,
2165,439262425,M,2013-04-14,2013-05-20,19,Offline,6,6368,981054.08,579042.24,402011.84,2013-04-14,2013-05-20,2013-05-20,b5cfb5f99e515d2c3d27a18b7b4a295c,2013-05-20,2013-05-20,
2166,867477738,M,2013-04-14,2013-05-27,80,Online,4,4795,523997.6,171852.8,352144.8,2013-04-14,2013-05-27,2013-05-27,c224acf5626d4e3c2fe0f9a4cc10ca06,2013-05-27,2013-05-27,
2167,584296977,M,2013-04-16,2013-04-28,49,Online,2,5315,252196.75,168963.85,83232.9,2013-04-16,2013-04-28,2013-04-28,b29293b3945596fc110d80ecab3e55bb,2013-04-28,2013-04-28,
2168,447212922,L,2013-04-16,2013-05-19,142,Online,7,9097,1871252.9,1065349.67,805903.23,2013-04-16,2013-05-19,2013-05-19,df3167eba84742a0b2b65239147e0770,2013-05-19,2013-05-19,
2169,783842170,C,2013-04-16,2013-06-01,117,Offline,8,5172,1320308.16,824520.24,495787.92,2013-04-16,2013-06-01,2013-06-01,5350f33f34d5ac98b08dfb123f5aa86e,2013-06-01,2013-06-01,
2170,804308497,C,2013-04-18,2013-05-27,55,Offline,6,1613,248498.78,146670.09,101828.69,2013-04-18,2013-05-27,2013-05-27,2f0c4df0a2b81197e922a6b6a445f1b4,2013-05-27,2013-05-27,
2171,255264174,M,2013-04-19,2013-05-10,182,Offline,12,7197,4809539.19,3616780.38,1192758.81,2013-04-19,2013-05-10,2013-05-10,2e6cb298bff8e68878177258b14aa2de,2013-05-10,2013-05-10,
2172,864368951,M,2013-04-19,2013-06-02,38,Online,5,4836,737876.88,471219.84,266657.04,2013-04-19,2013-06-02,2013-06-02,6ead08efa7c5d7eeaa31bf7d48563ba2,2013-06-02,2013-06-02,
2173,924665439,C,2013-04-19,2013-06-07,135,Online,8,7906,2018243.68,1260374.52,757869.16,2013-04-19,2013-06-07,2013-06-07,d06336633b1cda2a0d3af122af6290d0,2013-06-07,2013-06-07,
2174,286317718,M,2013-04-20,2013-04-30,72,Offline,1,6630,61857.9,45879.6,15978.3,2013-04-20,2013-04-30,2013-04-30,3b775d60e037cd20929571b2d8f8a768,2013-04-30,2013-04-30,
2175,103499639,L,2013-04-20,2013-06-06,147,Online,1,6698,62492.34,46350.16,16142.18,2013-04-20,2013-06-06,2013-06-06,bbbbe61864379a1a6a5358f48797d987,2013-06-06,2013-06-06,
2176,577094924,C,2013-04-21,2013-05-04,50,Offline,4,4067,444441.76,145761.28,298680.48,2013-04-21,2013-05-04,2013-05-04,d65ee3a9ce43f5d1cc06de59d7b48433,2013-05-04,2013-05-04,
2177,327604424,L,2013-04-21,2013-05-13,5,Online,2,4284,203275.8,136188.36,67087.44,2013-04-21,2013-05-13,2013-05-13,6105d55dc7ede7d7e166a6081e2e3b69,2013-05-13,2013-05-13,
2178,886763894,M,2013-04-21,2013-05-27,45,Offline,6,1997,307657.82,181587.21,126070.61,2013-04-21,2013-05-27,2013-05-27,bcd1cdc5769909ae2f72f9f3e18ee3da,2013-05-27,2013-05-27,
2179,173557221,C,2013-04-23,2013-05-16,89,Online,10,8293,3625699.6,2183795.69,1441903.91,2013-04-23,2013-05-16,2013-05-16,3b6ba86b336a355e994420ac6d83964a,2013-05-16,2013-05-16,
2180,570482957,L,2013-04-23,2013-06-03,55,Online,6,7439,1146052.34,676428.27,469624.07,2013-04-23,2013-06-03,2013-06-03,8c2e6f20b6df9fdde8d1f13cdca858c0,2013-06-03,2013-06-03,
2181,624285495,L,2013-04-24,2013-06-11,2,Offline,3,8806,719714.38,499036.02,220678.36,2013-04-24,2013-06-11,2013-06-11,47d79e9380162b3665121e58ac35afc4,2013-06-11,2013-06-11,
2182,738502538,C,2013-04-25,2013-05-29,52,Online,11,8167,5318432.07,4287348.32,1031083.75,2013-04-25,2013-05-29,2013-05-29,75c5271d589ecf37ab946a6a49230271,2013-05-29,2013-05-29,
2183,409941804,M,2013-04-25,2013-06-08,57,Online,3,9744,796377.12,552192.48,244184.64,2013-04-25,2013-06-08,2013-06-08,ed7a28480d865592508e7b104eb23642,2013-06-08,2013-06-08,
2184,659196269,L,2013-04-26,2013-06-01,144,Online,12,9680,6468853.6,4864587.2,1604266.4,2013-04-26,2013-06-01,2013-06-01,e95bffee5612a0d47f8bd8566ba8afc6,2013-06-01,2013-06-01,
2185,738030469,M,2013-04-27,2013-05-31,61,Offline,2,8471,401948.95,269293.09,132655.86,2013-04-27,2013-05-31,2013-05-31,791b8796d23a86810420cbe59335cc9f,2013-05-31,2013-05-31,
2186,328470885,H,2013-04-27,2013-06-12,110,Online,5,689,105127.62,67136.16,37991.46,2013-04-27,2013-06-12,2013-06-12,dc356a3b809b5a8680b2ba3e8057e2e3,2013-06-12,2013-06-12,
2187,833473765,H,2013-04-28,2013-05-25,163,Offline,2,2264,107426.8,71972.56,35454.24,2013-04-28,2013-05-25,2013-05-25,5b6a1831af24624fdb40e8248fc2b9c2,2013-05-25,2013-05-25,
2188,602520978,C,2013-04-29,2013-05-28,64,Online,10,8202,3585914.4,2159832.66,1426081.74,2013-04-29,2013-05-28,2013-05-28,a556de7013a549bf0f6c2dc3ca59531a,2013-05-28,2013-05-28,
2189,149274003,C,2013-04-29,2013-05-29,108,Offline,12,2350,1570434.5,1180969,389465.5,2013-04-29,2013-05-29,2013-05-29,d77379c688fcf2d2f304fa8030a03434,2013-05-29,2013-05-29,
2190,517074811,C,2013-04-30,2013-05-07,49,Online,3,2782,227372.86,157655.94,69716.92,2013-04-30,2013-05-07,2013-05-07,5ed5c23f4f8ef22d02e53b6baa0148d5,2013-05-07,2013-05-07,
2191,546081721,H,2013-04-30,2013-05-22,172,Online,9,6571,2772239.19,2396377.99,375861.2,2013-04-30,2013-05-22,2013-05-22,11650fc3122cb42f53b2d3eb10414dcf,2013-05-22,2013-05-22,
2192,806041419,C,2013-04-30,2013-06-05,92,Online,10,4423,1933735.6,1164708.59,769027.01,2013-04-30,2013-06-05,2013-06-05,3b3b165c6feccef3761dfc4031f47db5,2013-06-05,2013-06-05,
2193,739250981,L,2013-05-01,2013-06-03,83,Offline,2,9648,457797.6,306709.92,151087.68,2013-05-01,2013-06-03,2013-06-03,70313239867eb5a07236272137c881af,2013-06-03,2013-06-03,
2194,737086331,M,2013-05-01,2013-06-04,55,Offline,2,9080,430846,288653.2,142192.8,2013-05-01,2013-06-04,2013-06-04,db71c6b62e7b6d91a0beb784a7350b67,2013-06-04,2013-06-04,
2195,157106482,L,2013-05-02,2013-05-03,126,Offline,7,154,31677.8,18034.94,13642.86,2013-05-02,2013-05-03,2013-05-03,4e3344d81c0fe08e4bd173bcac10c59a,2013-05-03,2013-05-03,
2196,826389729,M,2013-05-02,2013-05-05,128,Online,7,5940,1221858,695633.4,526224.6,2013-05-02,2013-05-05,2013-05-05,d266876672185b904d54189db613fd97,2013-05-05,2013-05-05,
2197,275062739,H,2013-05-04,2013-05-16,106,Offline,7,6032,1240782.4,706407.52,534374.88,2013-05-04,2013-05-16,2013-05-16,63aaec5c89617d6aa21d7e2dc2183915,2013-05-16,2013-05-16,
2198,347639024,M,2013-05-05,2013-05-18,16,Offline,7,2967,610311.9,347465.37,262846.53,2013-05-05,2013-05-18,2013-05-18,499c8b89fc92773d489d08f2f5d6da17,2013-05-18,2013-05-18,
2199,229092681,C,2013-05-05,2013-06-01,114,Offline,1,2470,23045.1,17092.4,5952.7,2013-05-05,2013-06-01,2013-06-01,34c857ecb0531d8a8bbcb278d485b69d,2013-06-01,2013-06-01,
2200,308044898,H,2013-05-06,2013-05-07,177,Offline,2,6186,293525.7,196652.94,96872.76,2013-05-06,2013-05-07,2013-05-07,3245ca7863cddbfdcbb6423c7d532288,2013-05-07,2013-05-07,
2201,897785842,L,2013-05-08,2013-05-12,43,Offline,11,3636,2367799.56,1908754.56,459045,2013-05-08,2013-05-12,2013-05-12,73e332a41c1147d81d29557596cfc5d8,2013-05-12,2013-05-12,
2202,737598741,H,2013-05-09,2013-06-10,103,Offline,4,713,77916.64,25553.92,52362.72,2013-05-09,2013-06-10,2013-06-10,632b104918331be02cfac7f9be593e19,2013-06-10,2013-06-10,
2203,538053548,L,2013-05-09,2013-06-27,178,Online,12,856,572039.12,430174.24,141864.88,2013-05-09,2013-06-27,2013-06-27,ec0dda0c4b1e60f3284e04b2333c3409,2013-06-27,2013-06-27,
2204,438044917,H,2013-05-10,2013-05-17,133,Offline,2,6080,288496,193283.2,95212.8,2013-05-10,2013-05-17,2013-05-17,2bd9995cfffdbacfb20f358e1f86066f,2013-05-17,2013-05-17,
2205,126329314,H,2013-05-10,2013-05-21,114,Offline,3,2506,204815.38,142015.02,62800.36,2013-05-10,2013-05-21,2013-05-21,f1e8e257de5d0323126786f81182b9ce,2013-05-21,2013-05-21,
2206,953635013,H,2013-05-10,2013-06-14,132,Offline,1,647,6036.51,4477.24,1559.27,2013-05-10,2013-06-14,2013-06-14,83e7b892855cb511da450abfe95aa3e1,2013-06-14,2013-06-14,
2207,722918260,H,2013-05-10,2013-06-16,70,Online,1,6433,60019.89,44516.36,15503.53,2013-05-10,2013-06-16,2013-06-16,0007ab0a17628d9272896161abfae17b,2013-06-16,2013-06-16,
2208,175920569,H,2013-05-11,2013-06-24,106,Offline,1,7661,71477.13,53014.12,18463.01,2013-05-11,2013-06-24,2013-06-24,3cb33d868c096b93287ba2b0913f7034,2013-06-24,2013-06-24,
2209,741101920,M,2013-05-12,2013-05-17,113,Online,10,7382,3227410.4,1943902.06,1283508.34,2013-05-12,2013-05-17,2013-05-17,a6e3a82b0a2af92a62b1ea89a9cc3b89,2013-05-17,2013-05-17,
2210,851343715,C,2013-05-12,2013-05-31,162,Online,7,379,77960.3,44384.69,33575.61,2013-05-12,2013-05-31,2013-05-31,f8670848ed116c91b38d4f6594b21424,2013-05-31,2013-05-31,
2211,352362716,C,2013-05-12,2013-06-16,20,Offline,9,813,342996.57,296492.97,46503.6,2013-05-12,2013-06-16,2013-06-16,d17ad55e1e3da153f3ad1cfbc3a51626,2013-06-16,2013-06-16,
2212,223347175,H,2013-05-13,2013-06-10,70,Online,5,2247,342847.26,218947.68,123899.58,2013-05-13,2013-06-10,2013-06-10,c137fef87eee359e6e8ebdff7d7fb16e,2013-06-10,2013-06-10,
2213,911286151,L,2013-05-13,2013-07-01,65,Online,1,8678,80965.74,60051.76,20913.98,2013-05-13,2013-07-01,2013-07-01,241c8d914b1063561ef61d14d31813fc,2013-07-01,2013-07-01,
2214,853036296,L,2013-05-14,2013-06-01,26,Offline,3,1251,102244.23,70894.17,31350.06,2013-05-14,2013-06-01,2013-06-01,0c20894f1d669d9c9f94b8e177ff2bb5,2013-06-01,2013-06-01,
2215,453591859,L,2013-05-15,2013-06-10,83,Online,6,6766,1042369.96,615232.38,427137.58,2013-05-15,2013-06-10,2013-06-10,0b57c67fb25d66b7d885f12d26f964cc,2013-06-10,2013-06-10,
2216,595123231,M,2013-05-15,2013-06-13,51,Offline,3,9044,739166.12,512523.48,226642.64,2013-05-15,2013-06-13,2013-06-13,f67d846ceee0ebb0180688c5840e2af0,2013-06-13,2013-06-13,
2217,436864745,C,2013-05-16,2013-05-22,31,Offline,10,6841,2990885.2,1801440.53,1189444.67,2013-05-16,2013-05-22,2013-05-22,84f7e85c4977331a922c1ad676674cbf,2013-05-22,2013-05-22,
2218,328669583,H,2013-05-16,2013-06-02,29,Offline,2,9488,450205.6,301623.52,148582.08,2013-05-16,2013-06-02,2013-06-02,a47feb97ed2e3d5064c264f20b0166e9,2013-06-02,2013-06-02,
2219,797817552,M,2013-05-19,2013-05-29,130,Offline,2,798,37865.1,25368.42,12496.68,2013-05-19,2013-05-29,2013-05-29,01370a383727e2fd74c2bc8461e0a812,2013-05-29,2013-05-29,
2220,930926358,M,2013-05-19,2013-06-04,12,Online,2,651,30889.95,20695.29,10194.66,2013-05-19,2013-06-04,2013-06-04,4f346c80e4bdd18babb19c209bff3878,2013-06-04,2013-06-04,
2221,373813521,H,2013-05-19,2013-06-15,17,Offline,7,8583,1765523.1,1005155.13,760367.97,2013-05-19,2013-06-15,2013-06-15,ead76fbca1fd8bc41f4df7ec60745541,2013-06-15,2013-06-15,
2222,918528544,H,2013-05-19,2013-07-04,156,Offline,4,1863,203588.64,66769.92,136818.72,2013-05-19,2013-07-04,2013-07-04,9d380f9a88326aa1119529cabf4a2a89,2013-07-04,2013-07-04,
2223,679271209,L,2013-05-20,2013-06-14,71,Online,10,300,131160,78999,52161,2013-05-20,2013-06-14,2013-06-14,0c9d12ec2f12a6703cdbe8ff89c72450,2013-06-14,2013-06-14,
2224,203039205,L,2013-05-21,2013-05-29,31,Online,1,2667,24883.11,18455.64,6427.47,2013-05-21,2013-05-29,2013-05-29,3b11b6c9de9ba14d24acb0702507b186,2013-05-29,2013-05-29,
2225,535575187,C,2013-05-21,2013-06-13,44,Offline,2,7454,353692.3,236962.66,116729.64,2013-05-21,2013-06-13,2013-06-13,629dcb51db396a28f12ce0192d40f3ba,2013-06-13,2013-06-13,
2226,502356994,L,2013-05-21,2013-06-24,96,Offline,6,7453,1148209.18,677701.29,470507.89,2013-05-21,2013-06-24,2013-06-24,daa37fb5166a8029e96232f8d3eec12b,2013-06-24,2013-06-24,
2227,259006392,C,2013-05-22,2013-06-06,144,Online,11,4602,2996868.42,2415865.92,581002.5,2013-05-22,2013-06-06,2013-06-06,57e45abdd91a10feca6b71281db5b082,2013-06-06,2013-06-06,
2228,300293099,C,2013-05-23,2013-06-18,179,Offline,10,2256,986323.2,594072.48,392250.72,2013-05-23,2013-06-18,2013-06-18,d70382f80d594e6cc532668d397e3ec6,2013-06-18,2013-06-18,
2229,626453149,C,2013-05-24,2013-06-10,28,Offline,10,263,114983.6,69255.79,45727.81,2013-05-24,2013-06-10,2013-06-10,1214199b34f9c3cacd6d83d0e1c675b5,2013-06-10,2013-06-10,
2230,994371974,M,2013-05-24,2013-06-12,177,Online,11,5619,3659148.99,2949750.24,709398.75,2013-05-24,2013-06-12,2013-06-12,8683aa156687a34a517a39475ceb5093,2013-06-12,2013-06-12,
2231,120860183,L,2013-05-26,2013-06-05,150,Online,1,4069,37963.77,28157.48,9806.29,2013-05-26,2013-06-05,2013-06-05,76a10f8ab37266993cdb40d16d154fd4,2013-06-05,2013-06-05,
2232,682066285,H,2013-05-26,2013-07-13,180,Online,6,7426,1144049.56,675246.18,468803.38,2013-05-26,2013-07-13,2013-07-13,b28abc3eadf0f19b6849be828e7ecced,2013-07-13,2013-07-13,
2233,249521672,L,2013-05-27,2013-07-08,174,Online,5,7863,1199736.54,766170.72,433565.82,2013-05-27,2013-07-08,2013-07-08,d404dfb21369bfd70512249c11645c6f,2013-07-08,2013-07-08,
2234,201622998,M,2013-05-28,2013-06-05,105,Online,4,3581,391331.68,128343.04,262988.64,2013-05-28,2013-06-05,2013-06-05,3f3af9652c50b480584576fcb60f364a,2013-06-05,2013-06-05,
2235,931084716,M,2013-05-28,2013-07-07,96,Online,3,7513,614037.49,425761.71,188275.78,2013-05-28,2013-07-07,2013-07-07,1d33bccd6807036ecaad6c829965f395,2013-07-07,2013-07-07,
2236,409236705,C,2013-05-29,2013-06-11,184,Online,8,1090,278255.2,173767.8,104487.4,2013-05-29,2013-06-11,2013-06-11,5a5b159f889cc51ca6fc25bbb5f3970c,2013-06-11,2013-06-11,
2237,818678271,M,2013-05-29,2013-06-25,21,Online,12,3948,2638329.96,1984027.92,654302.04,2013-05-29,2013-06-25,2013-06-25,1b7d886b6f2f212bc4bf5edffbf66263,2013-06-25,2013-06-25,
2238,332213103,M,2013-05-29,2013-07-07,179,Online,12,8095,5409645.65,4068061.3,1341584.35,2013-05-29,2013-07-07,2013-07-07,5adc3e9e82fabb2519b1347f94128f59,2013-07-07,2013-07-07,
2239,124009311,H,2013-05-31,2013-06-08,107,Offline,3,5966,487601.18,338093.22,149507.96,2013-05-31,2013-06-08,2013-06-08,197938ef2e5bfd59bffed875da8414e4,2013-06-08,2013-06-08,
2240,951315009,H,2013-05-31,2013-07-03,20,Offline,10,4106,1795143.2,1081232.98,713910.22,2013-05-31,2013-07-03,2013-07-03,7c816644358ff084f45533e34b5c87dd,2013-07-03,2013-07-03,
2243,707964408,L,2013-06-01,2013-06-14,175,Online,1,1256,11718.48,8691.52,3026.96,2013-06-01,2013-06-14,2013-06-14,945e9528e4166609ccf927398d733da6,2013-06-14,2013-06-14,
2244,784397923,C,2013-06-03,2013-06-15,134,Offline,5,9631,1469497.98,938444.64,531053.34,2013-06-03,2013-06-15,2013-06-15,b68cdc6dc6bf0401d3b993d576073a87,2013-06-15,2013-06-15,
2245,393612086,C,2013-06-03,2013-06-21,74,Offline,9,7418,3129580.02,2705270.42,424309.6,2013-06-03,2013-06-21,2013-06-21,6b14d8dba9b560e4be655d0157f1de3a,2013-06-21,2013-06-21,
2246,973355901,M,2013-06-04,2013-07-24,135,Online,3,6496,530918.08,368128.32,162789.76,2013-06-04,2013-07-24,2013-07-24,18b9a0833b4edf89620678f6a1570280,2013-07-24,2013-07-24,
2247,430687510,C,2013-06-05,2013-06-10,169,Online,3,8860,724127.8,502096.2,222031.6,2013-06-05,2013-06-10,2013-06-10,c52aaea0f459a8e8e0c430dab9f13251,2013-06-10,2013-06-10,
2248,451507890,C,2013-06-05,2013-06-28,12,Offline,8,73,18635.44,11637.66,6997.78,2013-06-05,2013-06-28,2013-06-28,229463e4493b31b0f172347a618f6a56,2013-06-28,2013-06-28,
2249,792230403,M,2013-06-05,2013-07-10,85,Online,10,7436,3251019.2,1958121.88,1292897.32,2013-06-05,2013-07-10,2013-07-10,c2d38e60d91a7fe3592d18890258d3f5,2013-07-10,2013-07-10,
2250,434662759,L,2013-06-06,2013-07-05,133,Offline,9,5224,2203953.36,1905140.56,298812.8,2013-06-06,2013-07-05,2013-07-05,4584109684fc0ae6d720a63e4c248056,2013-07-05,2013-07-05,
2251,727604615,M,2013-06-06,2013-07-07,76,Offline,8,3229,824299.12,514767.18,309531.94,2013-06-06,2013-07-07,2013-07-07,322db1cd6d6b51dd6f438b2b6864965b,2013-07-07,2013-07-07,
2252,132826268,L,2013-06-08,2013-07-07,81,Offline,1,5099,47573.67,35285.08,12288.59,2013-06-08,2013-07-07,2013-07-07,88bac33c588c94789192ffde1e5253c1,2013-07-07,2013-07-07,
2253,353191840,H,2013-06-08,2013-07-09,164,Offline,4,6169,674148.32,221096.96,453051.36,2013-06-08,2013-07-09,2013-07-09,2a1a2e9157421095ea53b5bc973871c0,2013-07-09,2013-07-09,
2254,785500419,M,2013-06-08,2013-07-15,112,Offline,9,5884,2482400.76,2145835.96,336564.8,2013-06-08,2013-07-15,2013-07-15,b8155d9a3d9eba4070c29c094b0b5a28,2013-07-15,2013-07-15,
2255,976505029,L,2013-06-09,2013-07-27,9,Online,2,8393,398247.85,266813.47,131434.38,2013-06-09,2013-07-27,2013-07-27,ad9ace7a578d54f08244f54e9d011b76,2013-07-27,2013-07-27,
2256,431671988,H,2013-06-10,2013-06-14,60,Offline,2,189,8968.05,6008.31,2959.74,2013-06-10,2013-06-14,2013-06-14,427286047e16e9e0bac763b42191508e,2013-06-14,2013-06-14,
2257,863980567,M,2013-06-10,2013-06-20,16,Offline,3,9904,809453.92,561259.68,248194.24,2013-06-10,2013-06-20,2013-06-20,6a6f31271ece10d4c8f8a3a2a0d67179,2013-06-20,2013-06-20,
2258,689349019,H,2013-06-10,2013-07-23,5,Offline,10,2548,1113985.6,670964.84,443020.76,2013-06-10,2013-07-23,2013-07-23,bae080eac6c2438b51610f6e689db5f1,2013-07-23,2013-07-23,
2259,666127955,L,2013-06-12,2013-07-08,115,Offline,7,920,189244,107741.2,81502.8,2013-06-12,2013-07-08,2013-07-08,e8637f52442f0704dc9e92a30bf52d03,2013-07-08,2013-07-08,
2260,140304696,L,2013-06-12,2013-07-08,7,Offline,3,8132,664628.36,460840.44,203787.92,2013-06-12,2013-07-08,2013-07-08,b990f29729eb571eaccb6b5ac7598552,2013-07-08,2013-07-08,
2261,649518859,L,2013-06-12,2013-07-13,111,Online,1,5919,55224.27,40959.48,14264.79,2013-06-12,2013-07-13,2013-07-13,d9188e31d5dca13a36d38c84fc281b89,2013-07-13,2013-07-13,
2262,686948335,L,2013-06-12,2013-07-26,165,Online,9,2133,899891.37,777883.77,122007.6,2013-06-12,2013-07-26,2013-07-26,e9e16eba4a8dc37d47d249b9d1f394ca,2013-07-26,2013-07-26,
2263,414472806,C,2013-06-13,2013-07-17,87,Offline,1,569,5308.77,3937.48,1371.29,2013-06-13,2013-07-17,2013-07-17,78202ce4b31fe866755ec117c90add44,2013-07-17,2013-07-17,
2264,830172288,H,2013-06-13,2013-07-29,127,Online,10,5283,2309727.6,1391172.39,918555.21,2013-06-13,2013-07-29,2013-07-29,b497ebff7f7b44a28f719ef125afc58e,2013-07-29,2013-07-29,
2265,341306436,L,2013-06-15,2013-06-23,142,Online,11,9014,5870006.94,4731989.44,1138017.5,2013-06-15,2013-06-23,2013-06-23,65bd07693979fa1208fa7f4ca2182459,2013-06-23,2013-06-23,
2266,443125665,M,2013-06-15,2013-07-09,30,Offline,7,9586,1971840.2,1122616.46,849223.74,2013-06-15,2013-07-09,2013-07-09,d537b5f813c7487d09c5a547a4134f4f,2013-07-09,2013-07-09,
2267,129127395,L,2013-06-16,2013-06-20,139,Online,11,520,338629.2,272979.2,65650,2013-06-16,2013-06-20,2013-06-20,bce85ac7a8d91ab382ad508af2034458,2013-06-20,2013-06-20,
2268,162345588,C,2013-06-16,2013-07-29,42,Online,8,522,133256.16,83217.24,50038.92,2013-06-16,2013-07-29,2013-07-29,90c34539e3444148f651a06cc0e9b678,2013-07-29,2013-07-29,
2269,935376679,L,2013-06-17,2013-06-27,124,Online,2,7600,360620,241604,119016,2013-06-17,2013-06-27,2013-06-27,a87905703e31b87adb4fe48f4afa6139,2013-06-27,2013-06-27,
2270,243226420,H,2013-06-17,2013-07-03,127,Offline,2,4958,235257.1,157614.82,77642.28,2013-06-17,2013-07-03,2013-07-03,657b77235d2f1558a1d473798ae85876,2013-07-03,2013-07-03,
2271,589970815,C,2013-06-18,2013-07-13,183,Offline,3,4329,353809.17,245324.43,108484.74,2013-06-18,2013-07-13,2013-07-13,87a83628005130cf184ad1e859cd325a,2013-07-13,2013-07-13,
2272,141053140,M,2013-06-18,2013-07-13,57,Online,7,9613,1977394.1,1125778.43,851615.67,2013-06-18,2013-07-13,2013-07-13,44188be002e898f4a20d287f9fc28456,2013-07-13,2013-07-13,
2273,425808465,L,2013-06-18,2013-07-18,181,Online,7,5042,1037139.4,590468.62,446670.78,2013-06-18,2013-07-18,2013-07-18,fef24f8d683f4b2c0aa5ab9aa5e89992,2013-07-18,2013-07-18,
2274,527509677,C,2013-06-19,2013-07-10,145,Online,11,691,449986.11,362747.36,87238.75,2013-06-19,2013-07-10,2013-07-10,caa7ffa145ac27e09c937f033c2fdd85,2013-07-10,2013-07-10,
2275,217722690,C,2013-06-19,2013-07-13,158,Offline,6,7837,1207368.22,712618.41,494749.81,2013-06-19,2013-07-13,2013-07-13,0f2401bb062446e6e727a12e948f425e,2013-07-13,2013-07-13,
2276,275854527,M,2013-06-20,2013-07-19,52,Online,3,340,27788.2,19267.8,8520.4,2013-06-20,2013-07-19,2013-07-19,2990caed968e2d8aba9bbe43aa7cc435,2013-07-19,2013-07-19,
2277,645701968,L,2013-06-20,2013-07-21,108,Offline,7,6416,1319771.2,751377.76,568393.44,2013-06-20,2013-07-21,2013-07-21,dc1fc9f68cac8ecb31ccbf03aff4df2a,2013-07-21,2013-07-21,
2278,930457293,H,2013-06-20,2013-07-26,140,Offline,7,1845,379516.5,216067.95,163448.55,2013-06-20,2013-07-26,2013-07-26,7bd30171335cd2c37b1b2cc6569988f4,2013-07-26,2013-07-26,
2279,601896560,L,2013-06-21,2013-08-06,60,Offline,1,3422,31927.26,23680.24,8247.02,2013-06-21,2013-08-06,2013-08-06,11ff15917d975190d5e90a28db15fe34,2013-08-06,2013-08-06,
2280,277429091,M,2013-06-22,2013-06-25,97,Online,4,6288,687152.64,225361.92,461790.72,2013-06-22,2013-06-25,2013-06-25,2c9a0bee7843784e273bb807ca57f974,2013-06-25,2013-06-25,
2281,416795814,C,2013-06-22,2013-06-29,121,Offline,8,7998,2041729.44,1275041.16,766688.28,2013-06-22,2013-06-29,2013-06-29,05e2d586bccd95ed4ec4d6ba45d8fdf3,2013-06-29,2013-06-29,
2282,445566689,H,2013-06-23,2013-07-15,3,Offline,10,1940,848168,510860.2,337307.8,2013-06-23,2013-07-15,2013-07-15,956675b8d05b1672c26b9a5a90e8e020,2013-07-15,2013-07-15,
2283,451588571,M,2013-06-24,2013-07-14,36,Online,12,3948,2638329.96,1984027.92,654302.04,2013-06-24,2013-07-14,2013-07-14,85b61bca578f815a7f187bfada13afe0,2013-07-14,2013-07-14,
2284,892319715,M,2013-06-24,2013-07-17,104,Offline,12,6088,4068427.76,3059463.52,1008964.24,2013-06-24,2013-07-17,2013-07-17,59bd38f1f4e249753241d561ad18afb7,2013-07-17,2013-07-17,
2285,931559789,C,2013-06-25,2013-07-05,5,Offline,4,8098,884949.44,290232.32,594717.12,2013-06-25,2013-07-05,2013-07-05,924c657e1d5c5e84d4ee49da1cdbd91e,2013-07-05,2013-07-05,
2286,407665145,L,2013-06-26,2013-07-05,77,Online,9,6030,2543996.7,2199080.7,344916,2013-06-26,2013-07-05,2013-07-05,e9dc210abf9ea978685e6d5fffbc0f87,2013-07-05,2013-07-05,
2287,156009995,C,2013-06-26,2013-07-14,51,Offline,12,5679,3795105.33,2853924.66,941180.67,2013-06-26,2013-07-14,2013-07-14,eb47ddd780557a085a8fee218d5d5de8,2013-07-14,2013-07-14,
2288,742129743,L,2013-06-26,2013-07-19,152,Offline,11,1537,1000909.77,806863.52,194046.25,2013-06-26,2013-07-19,2013-07-19,5a7ec13cd42bfb20c0a33a48bbf3c641,2013-07-19,2013-07-19,
2289,264087140,M,2013-06-26,2013-07-28,52,Offline,12,8108,5418333.16,4074594.32,1343738.84,2013-06-26,2013-07-28,2013-07-28,c5ab9a89588c258081a7e3431f777986,2013-07-28,2013-07-28,
2290,775347936,C,2013-06-27,2013-07-08,144,Offline,8,1539,392875.92,245347.38,147528.54,2013-06-27,2013-07-08,2013-07-08,c7b29f4bbfc0db986963e274e1bf1db9,2013-07-08,2013-07-08,
2291,291047418,H,2013-06-27,2013-07-20,131,Online,2,6253,296704.85,198782.87,97921.98,2013-06-27,2013-07-20,2013-07-20,bec8e711c53fb2058b973da6bf81a095,2013-07-20,2013-07-20,
2292,781251800,M,2013-06-28,2013-08-02,174,Online,10,8623,3769975.6,2270694.59,1499281.01,2013-06-28,2013-08-02,2013-08-02,2f1cf1acd8d883cdec860a2507c423e1,2013-08-02,2013-08-02,
2294,454501664,M,2013-06-30,2013-07-18,13,Offline,1,5997,55952.01,41499.24,14452.77,2013-06-30,2013-07-18,2013-07-18,f3a8fdae6cc660d470fc9813dc3757f2,2013-07-18,2013-07-18,
2295,814233958,M,2013-06-30,2013-07-23,122,Offline,2,8777,416468.65,279020.83,137447.82,2013-06-30,2013-07-23,2013-07-23,64d33d1b0ff3e09c587f46dc54819df0,2013-07-23,2013-07-23,
2296,419000804,M,2013-07-01,2013-07-05,92,Online,6,504,77646.24,45828.72,31817.52,2013-07-01,2013-07-05,2013-07-05,69c534da7ffb3e177c79f784c018bfb7,2013-07-05,2013-07-05,
2297,198517215,M,2013-07-02,2013-07-30,117,Online,11,4510,2936957.1,2367569.6,569387.5,2013-07-02,2013-07-30,2013-07-30,01f9c4bb8000a04aa398a22b1ce2fca7,2013-07-30,2013-07-30,
2298,607722747,C,2013-07-03,2013-08-14,46,Offline,11,7521,4897750.41,3948224.16,949526.25,2013-07-03,2013-08-14,2013-08-14,c35b52f2397098afc6f709c9405578f9,2013-08-14,2013-08-14,
2299,507714116,M,2013-07-04,2013-08-23,85,Online,3,2744,224267.12,155502.48,68764.64,2013-07-04,2013-08-23,2013-08-23,6a075442a2c19e7e9d3f2c3337779a5b,2013-08-23,2013-08-23,
2300,204067027,H,2013-07-05,2013-07-31,17,Online,9,6823,2878555.47,2488279.87,390275.6,2013-07-05,2013-07-31,2013-07-31,a43d134371e691618d3937b4866f1cb5,2013-07-31,2013-07-31,
2301,617837893,M,2013-07-05,2013-08-12,49,Online,10,817,357192.4,215140.61,142051.79,2013-07-05,2013-08-12,2013-08-12,a8429c505d34dc631c9034a87dd1a240,2013-08-12,2013-08-12,
2302,685612809,L,2013-07-08,2013-08-17,158,Online,12,6921,4625096.67,3478079.34,1147017.33,2013-07-08,2013-08-17,2013-08-17,910c848350918341cac50368365ba3f4,2013-08-17,2013-08-17,
2303,656251847,M,2013-07-10,2013-08-29,181,Offline,12,8360,5586737.2,4201234.4,1385502.8,2013-07-10,2013-08-29,2013-08-29,eb19b4f485eb7ea46bf637bce7421a02,2013-08-29,2013-08-29,
2304,400267398,M,2013-07-11,2013-07-20,94,Offline,5,6873,1048682.34,669705.12,378977.22,2013-07-11,2013-07-20,2013-07-20,acae5a9f51a77572231b7ee21ffa1dcf,2013-07-20,2013-07-20,
2305,753741776,C,2013-07-11,2013-07-28,115,Offline,6,7796,1201051.76,708890.28,492161.48,2013-07-11,2013-07-28,2013-07-28,4f96a253a16f52024ca8b6ed1822f510,2013-07-28,2013-07-28,
2306,207098138,C,2013-07-11,2013-08-29,89,Online,11,3796,2471993.16,1992748.16,479245,2013-07-11,2013-08-29,2013-08-29,cc94132a7e9be1b818075b9b11421dfe,2013-08-29,2013-08-29,
2307,476936948,C,2013-07-12,2013-07-20,154,Online,7,5096,1048247.2,596792.56,451454.64,2013-07-12,2013-07-20,2013-07-20,6d6201b5aa5be0cfcae6cab2bd77b32c,2013-07-20,2013-07-20,
2308,292072236,M,2013-07-12,2013-08-01,106,Online,3,9520,778069.6,539498.4,238571.2,2013-07-12,2013-08-01,2013-08-01,ded24b1682dc9aaee4c9f844d620fd55,2013-08-01,2013-08-01,
2309,815848863,C,2013-07-12,2013-08-27,168,Offline,11,6663,4339012.23,3497808.48,841203.75,2013-07-12,2013-08-27,2013-08-27,46034bd73ef3a4b3d6f6fcd26f844627,2013-08-27,2013-08-27,
2310,144282948,H,2013-07-13,2013-08-01,118,Online,7,5386,1107900.2,630754.46,477145.74,2013-07-13,2013-08-01,2013-08-01,2b4cf1b2bdb54c10283761b0b120ced8,2013-08-01,2013-08-01,
2311,138025033,L,2013-07-13,2013-08-03,169,Online,5,3529,538454.82,343865.76,194589.06,2013-07-13,2013-08-03,2013-08-03,d12ab98544a769a7aef410b19e7427dc,2013-08-03,2013-08-03,
2312,320843112,L,2013-07-13,2013-08-18,183,Online,4,3462,378327.36,124078.08,254249.28,2013-07-13,2013-08-18,2013-08-18,b5fa0c4fe15fd8b0571f4dc0ffa658b1,2013-08-18,2013-08-18,
2313,374881684,L,2013-07-13,2013-08-25,116,Offline,4,4676,510993.28,167587.84,343405.44,2013-07-13,2013-08-25,2013-08-25,a9697a061fc542e351d3955023ab2a91,2013-08-25,2013-08-25,
2314,168960559,H,2013-07-14,2013-08-19,75,Online,8,8039,2052195.92,1281577.38,770618.54,2013-07-14,2013-08-19,2013-08-19,951852b14225aa2e39f23bc63164479b,2013-08-19,2013-08-19,
2315,613784968,M,2013-07-14,2013-08-21,22,Offline,1,1467,13687.11,10151.64,3535.47,2013-07-14,2013-08-21,2013-08-21,6d8eddef01da956b2f1aea60043fce10,2013-08-21,2013-08-21,
2316,177147090,L,2013-07-15,2013-08-17,171,Offline,9,615,259462.35,224284.35,35178,2013-07-15,2013-08-17,2013-08-17,3d1f7cc21c76356dc3a087ab349b1f5a,2013-08-17,2013-08-17,
2317,141764247,H,2013-07-15,2013-08-29,34,Offline,8,46,11742.88,7333.32,4409.56,2013-07-15,2013-08-29,2013-08-29,1e5a387be5f6f3769b4811ba8d3ad0aa,2013-08-29,2013-08-29,
2318,794320380,M,2013-07-16,2013-08-12,122,Offline,5,5907,901290.06,575578.08,325711.98,2013-07-16,2013-08-12,2013-08-12,18137845940a2d57fc06b95ed3efe525,2013-08-12,2013-08-12,
2319,365751016,M,2013-07-17,2013-08-31,20,Online,1,2708,25265.64,18739.36,6526.28,2013-07-17,2013-08-31,2013-08-31,f2ee2a82a3200571ef912002ec8440de,2013-08-31,2013-08-31,
2320,267907035,H,2013-07-18,2013-07-20,17,Offline,11,8500,5535285,4462160,1073125,2013-07-18,2013-07-20,2013-07-20,3e961363befd539d4e5fb1605a801efe,2013-07-20,2013-07-20,
2321,195212733,H,2013-07-18,2013-08-14,164,Offline,7,6641,1366053.7,777727.51,588326.19,2013-07-18,2013-08-14,2013-08-14,2a6b61fe68db1cabf3684f7f7c698ff2,2013-08-14,2013-08-14,
2323,860048663,H,2013-07-19,2013-07-23,49,Offline,12,6366,4254206.82,3199169.64,1055037.18,2013-07-19,2013-07-23,2013-07-23,3256ded3ab5b4d7d6fbf030987f9841a,2013-07-23,2013-07-23,
2324,330132138,L,2013-07-19,2013-07-25,55,Offline,2,2291,108707.95,72830.89,35877.06,2013-07-19,2013-07-25,2013-07-25,1c7f64e0365143fe2a7a346f74a585cc,2013-07-25,2013-07-25,
2325,727175891,H,2013-07-19,2013-09-07,23,Offline,9,6360,2683220.4,2319428.4,363792,2013-07-19,2013-09-07,2013-09-07,8e42f6f42ad5f04a89737ff4eff0a54b,2013-09-07,2013-09-07,
2326,571082055,C,2013-07-20,2013-08-15,158,Offline,7,4726,972138.2,553461.86,418676.34,2013-07-20,2013-08-15,2013-08-15,6e14dafc8cce2c9b59c59d45307c5199,2013-08-15,2013-08-15,
2327,469144809,M,2013-07-20,2013-08-24,66,Offline,7,9229,1898405.3,1080808.19,817597.11,2013-07-20,2013-08-24,2013-08-24,cfa397d1971cc829f0c2010595a81cbf,2013-08-24,2013-08-24,
2328,980287587,M,2013-07-21,2013-08-30,86,Online,8,7736,1974846.08,1233273.12,741572.96,2013-07-21,2013-08-30,2013-08-30,37eb07d6ea41d3f01bc4f3b36e8ee079,2013-08-30,2013-08-30,
2329,838638198,H,2013-07-22,2013-08-02,98,Offline,11,534,347746.14,280328.64,67417.5,2013-07-22,2013-08-02,2013-08-02,b96019156250784459bbcb5c29f41847,2013-08-02,2013-08-02,
2331,408258235,C,2013-07-23,2013-07-27,109,Offline,8,1539,392875.92,245347.38,147528.54,2013-07-23,2013-07-27,2013-07-27,6f99ad73cc57628db575a91be096894c,2013-07-27,2013-07-27,
2332,179588115,H,2013-07-23,2013-08-23,121,Offline,3,2969,242656.37,168253.23,74403.14,2013-07-23,2013-08-23,2013-08-23,3c2d3d8e180c0e9513f6cab27061bf97,2013-08-23,2013-08-23,
2333,638856971,M,2013-07-24,2013-08-21,18,Online,3,829,67754.17,46979.43,20774.74,2013-07-24,2013-08-21,2013-08-21,3df6bd421594bd26dddf20e7a25cd3bc,2013-08-21,2013-08-21,
2334,864890372,H,2013-07-26,2013-07-28,115,Online,9,9136,3854387.04,3331807.84,522579.2,2013-07-26,2013-07-28,2013-07-28,7a7b08ddbaf81b29f5bbb925a0225293,2013-07-28,2013-07-28,
2335,332809197,L,2013-07-26,2013-07-30,82,Online,4,4492,490885.76,160993.28,329892.48,2013-07-26,2013-07-30,2013-07-30,c6668235df91a3bf921c49a94d85694c,2013-07-30,2013-07-30,
2336,230871951,H,2013-07-26,2013-08-08,146,Offline,12,8996,6011756.92,4520849.84,1490907.08,2013-07-26,2013-08-08,2013-08-08,b88f4db1ca612fbf63343d603c0f6720,2013-08-08,2013-08-08,
2337,981154048,C,2013-07-27,2013-08-09,23,Offline,2,4141,196490.45,131642.39,64848.06,2013-07-27,2013-08-09,2013-08-09,fd6504fa1d2be8eccaeae41192adfc7e,2013-08-09,2013-08-09,
2338,804475867,C,2013-07-27,2013-08-18,128,Offline,2,1141,54140.45,36272.39,17868.06,2013-07-27,2013-08-18,2013-08-18,0f11c988678484ef8f151e213a74b8ae,2013-08-18,2013-08-18,
2339,856349790,C,2013-07-27,2013-08-26,41,Online,2,1788,84840.6,56840.52,28000.08,2013-07-27,2013-08-26,2013-08-26,bd30486b86a351a38998b6a3757d6608,2013-08-26,2013-08-26,
2340,263854110,H,2013-07-28,2013-07-30,170,Offline,9,9149,3859871.61,3336548.81,523322.8,2013-07-28,2013-07-30,2013-07-30,e9fe4956a917ae50ed16d991d0fcd576,2013-07-30,2013-07-30,
2341,910152328,C,2013-07-28,2013-09-03,131,Online,7,3154,648777.8,369364.94,279412.86,2013-07-28,2013-09-03,2013-09-03,9befec2cacf4ae05b0265e9ca8608fe4,2013-09-03,2013-09-03,
2342,307305467,M,2013-07-29,2013-08-10,127,Online,1,7371,68771.43,51007.32,17764.11,2013-07-29,2013-08-10,2013-08-10,14463c876af16df2e2f48ef50e1bc5a2,2013-08-10,2013-08-10,
2343,467138516,H,2013-07-30,2013-08-08,137,Online,4,5523,603553.44,197944.32,405609.12,2013-07-30,2013-08-08,2013-08-08,d7f0f8184192b42ffcc693467462d0a5,2013-08-08,2013-08-08,
2344,951439034,C,2013-07-30,2013-09-16,25,Offline,5,808,123284.64,78731.52,44553.12,2013-07-30,2013-09-16,2013-09-16,26a7c6d62bf357d352ca859d2ea15aa7,2013-09-16,2013-09-16,
2345,737095344,L,2013-07-31,2013-09-13,11,Offline,5,1747,266557.26,170227.68,96329.58,2013-07-31,2013-09-13,2013-09-13,2d3e59ddcbecaa9a1712a37684a71a32,2013-09-13,2013-09-13,
2346,630828797,L,2013-08-01,2013-08-05,105,Online,5,5114,780294.12,498308.16,281985.96,2013-08-01,2013-08-05,2013-08-05,b15b4bb827c2d9815158c3dc012089fa,2013-08-05,2013-08-05,
2347,300339448,M,2013-08-01,2013-08-15,35,Online,4,5972,652620.16,214036.48,438583.68,2013-08-01,2013-08-15,2013-08-15,f0629b60008cc2c3c3fcef457bf86a06,2013-08-15,2013-08-15,
2348,154832828,C,2013-08-01,2013-09-08,156,Offline,12,7329,4897750.83,3683115.66,1214635.17,2013-08-01,2013-09-08,2013-09-08,5468f23b6f5076a24d5763b42ecb511f,2013-09-08,2013-09-08,
2349,614101684,C,2013-08-02,2013-09-06,173,Offline,12,5190,3468321.3,2608182.6,860138.7,2013-08-02,2013-09-06,2013-09-06,f11c68543fbd4dda1e72183a545e2d72,2013-09-06,2013-09-06,
2350,474498927,H,2013-08-03,2013-09-03,15,Online,12,3632,2427156.64,1825225.28,601931.36,2013-08-03,2013-09-03,2013-09-03,f5f463a869b2226d83624b1a65e54570,2013-09-03,2013-09-03,
2351,674162137,M,2013-08-03,2013-09-12,82,Offline,10,8413,3678163.6,2215395.29,1462768.31,2013-08-03,2013-09-12,2013-09-12,d363e5dcad9149ada8912fdeb6934ab2,2013-09-12,2013-09-12,
2352,790307796,M,2013-08-04,2013-08-30,121,Online,1,8494,79249.02,58778.48,20470.54,2013-08-04,2013-08-30,2013-08-30,39415c86e12f42a46ced6610228a3ce8,2013-08-30,2013-08-30,
2353,921133935,L,2013-08-05,2013-08-11,180,Online,5,2856,435768.48,278288.64,157479.84,2013-08-05,2013-08-11,2013-08-11,3fb72e718bbd86598703c11aa0fc65f2,2013-08-11,2013-08-11,
2354,364021098,M,2013-08-05,2013-08-22,87,Offline,8,787,200905.36,125463.54,75441.82,2013-08-05,2013-08-22,2013-08-22,f9511bd2d22fed2ca77816b921aa7f15,2013-08-22,2013-08-22,
2355,237288224,M,2013-08-05,2013-09-09,168,Online,12,7713,5154366.51,3876091.02,1278275.49,2013-08-05,2013-09-09,2013-09-09,24ef484c1a5d6b982f437b331f304218,2013-09-09,2013-09-09,
2356,482213389,H,2013-08-06,2013-09-03,51,Online,4,6513,711740.64,233425.92,478314.72,2013-08-06,2013-09-03,2013-09-03,84fd01fa67e1d5046fb114eae1bc9ea7,2013-09-03,2013-09-03,
2357,727492606,C,2013-08-06,2013-09-22,95,Online,5,84,12816.72,8184.96,4631.76,2013-08-06,2013-09-22,2013-09-22,4e3407a9e6181da6d0a3ae8c6a20f01c,2013-09-22,2013-09-22,
2358,947622144,H,2013-08-07,2013-09-24,6,Online,3,1305,106657.65,73954.35,32703.3,2013-08-07,2013-09-24,2013-09-24,24e7c3e93cc6303ff29302cec107913b,2013-09-24,2013-09-24,
2359,419634234,L,2013-08-07,2013-09-25,141,Offline,7,7950,1635315,931024.5,704290.5,2013-08-07,2013-09-25,2013-09-25,6e8780d637f0370b76de7c410e863ad6,2013-09-25,2013-09-25,
2360,527475345,C,2013-08-08,2013-08-20,25,Online,6,531,81805.86,48283.83,33522.03,2013-08-08,2013-08-20,2013-08-20,32105bbdbfecf8c2f4ac396e24bd6121,2013-08-20,2013-08-20,
2361,149205338,L,2013-08-08,2013-08-21,31,Online,3,2030,165911.9,115040.1,50871.8,2013-08-08,2013-08-21,2013-08-21,2a64f3953a7c0c6e59aa87794f02e735,2013-08-21,2013-08-21,
2362,876856458,H,2013-08-08,2013-08-29,91,Offline,9,166,70033.74,60538.54,9495.2,2013-08-08,2013-08-29,2013-08-29,4a2a10e6225ee396a5f74c724b4eefc0,2013-08-29,2013-08-29,
2363,533497226,H,2013-08-09,2013-08-19,131,Online,5,2539,387400.62,247400.16,140000.46,2013-08-09,2013-08-19,2013-08-19,6dfe9ff117ec74249217768d2d02b4f4,2013-08-19,2013-08-19,
2364,483551919,H,2013-08-10,2013-08-11,100,Online,7,2613,537494.1,306008.43,231485.67,2013-08-10,2013-08-11,2013-08-11,f46ab43a166f5cab1737d52357557f9d,2013-08-11,2013-08-11,
2365,410621583,H,2013-08-11,2013-09-06,64,Online,8,906,231283.68,144434.52,86849.16,2013-08-11,2013-09-06,2013-09-06,b27ee8dba38ceb155c227b856fe6896e,2013-09-06,2013-09-06,
2366,472846686,L,2013-08-11,2013-09-10,115,Online,9,4697,1981617.33,1712948.93,268668.4,2013-08-11,2013-09-10,2013-09-10,dc7edc23fd7cde5ce9d8f4347ea1ad7d,2013-09-10,2013-09-10,
2367,127912890,M,2013-08-11,2013-09-26,117,Online,12,1122,749798.94,563849.88,185949.06,2013-08-11,2013-09-26,2013-09-26,f02463968b196ebe58907e0b675a98f7,2013-09-26,2013-09-26,
2368,942466723,M,2013-08-12,2013-09-04,17,Online,8,5702,1455606.56,909012.84,546593.72,2013-08-12,2013-09-04,2013-09-04,36d3cb6d56e73f11823f4e6926d019c4,2013-09-04,2013-09-04,
2369,638937652,L,2013-08-12,2013-09-06,108,Offline,1,4705,43897.65,32558.6,11339.05,2013-08-12,2013-09-06,2013-09-06,49dcfafb3d6ccc12e03db34dec085d7a,2013-09-06,2013-09-06,
2370,838246810,H,2013-08-13,2013-08-21,29,Offline,3,4714,385275.22,267142.38,118132.84,2013-08-13,2013-08-21,2013-08-21,10f5654fa44e34934abd783e149d76a0,2013-08-21,2013-08-21,
2371,773739039,L,2013-08-14,2013-09-13,41,Online,4,5431,593499.68,194647.04,398852.64,2013-08-14,2013-09-13,2013-09-13,27302f0fcc38102455720e6c8b165fee,2013-09-13,2013-09-13,
2372,447342956,M,2013-08-14,2013-09-21,15,Online,8,7576,1934001.28,1207765.92,726235.36,2013-08-14,2013-09-21,2013-09-21,411940c9a24888e029887ed2d58cccd3,2013-09-21,2013-09-21,
2373,440849006,L,2013-08-15,2013-09-24,111,Online,8,5872,1499004.16,936114.24,562889.92,2013-08-15,2013-09-24,2013-09-24,f638efb9a830670b33b55f223d6b394d,2013-09-24,2013-09-24,
2374,155975663,C,2013-08-16,2013-08-26,65,Online,12,5520,3688850.4,2774020.8,914829.6,2013-08-16,2013-08-26,2013-08-26,adbaad541e9bd05d72f9d6e0fc50f953,2013-08-26,2013-08-26,
2375,142987763,L,2013-08-18,2013-09-01,101,Offline,12,2112,1411386.24,1061364.48,350021.76,2013-08-18,2013-09-01,2013-09-01,c9ae0bfd7f3833410c3b6614722e505f,2013-09-01,2013-09-01,
2376,614654433,C,2013-08-19,2013-09-20,133,Offline,5,8761,1336753.38,853671.84,483081.54,2013-08-19,2013-09-20,2013-09-20,785a20084fb6017f40661c8c6735e886,2013-09-20,2013-09-20,
2377,444234168,M,2013-08-19,2013-09-27,24,Online,8,7617,1944467.76,1214302.14,730165.62,2013-08-19,2013-09-27,2013-09-27,33705d6bc6618ee0fb0409b127167c9e,2013-09-27,2013-09-27,
2378,130353915,H,2013-08-19,2013-10-01,35,Online,4,3475,379748,124544,255204,2013-08-19,2013-10-01,2013-10-01,d99b17ef5b49717f1afdceab9ca62bb9,2013-10-01,2013-10-01,
2379,400310742,L,2013-08-20,2013-09-17,73,Online,5,9699,1479873.42,945070.56,534802.86,2013-08-20,2013-09-17,2013-09-17,6170a3363a19c702057979ff494618a9,2013-09-17,2013-09-17,
2380,244570958,H,2013-08-20,2013-09-19,151,Offline,3,2836,231786.28,160716.12,71070.16,2013-08-20,2013-09-19,2013-09-19,cf35075d30be1d431d512a305daa31d1,2013-09-19,2013-09-19,
2381,497800672,H,2013-08-21,2013-10-06,1,Online,9,9136,3854387.04,3331807.84,522579.2,2013-08-21,2013-10-06,2013-10-06,2587cdc73383ea1ca0d7819d44f802cd,2013-10-06,2013-10-06,
2382,102685534,L,2013-08-22,2013-08-23,161,Online,1,5786,53983.38,40039.12,13944.26,2013-08-22,2013-08-23,2013-08-23,3fb9aa403f9115d0247ddb92524ac7c0,2013-08-23,2013-08-23,
2383,528736197,M,2013-08-22,2013-08-31,12,Online,12,3645,2435844.15,1831758.3,604085.85,2013-08-22,2013-08-31,2013-08-31,c7bcda505d169d261917938a96434265,2013-08-31,2013-08-31,
2384,152630841,L,2013-08-22,2013-09-01,166,Offline,2,5713,271081.85,181616.27,89465.58,2013-08-22,2013-09-01,2013-09-01,1ba091b8f78aa35bc5f5f21bb80ab6ec,2013-09-01,2013-09-01,
2385,742843854,M,2013-08-22,2013-09-04,172,Online,2,2859,135659.55,90887.61,44771.94,2013-08-22,2013-09-04,2013-09-04,ce9baaa7225cc09533efeb109b02667a,2013-09-04,2013-09-04,
2386,156842124,M,2013-08-22,2013-09-25,46,Offline,3,1925,157330.25,109089.75,48240.5,2013-08-22,2013-09-25,2013-09-25,019d6de738fd7e429306211d2a4ee54a,2013-09-25,2013-09-25,
2387,362409198,H,2013-08-23,2013-09-07,59,Offline,10,3790,1656988,998020.7,658967.3,2013-08-23,2013-09-07,2013-09-07,7fc6be94ac574331ac805c20968287ba,2013-09-07,2013-09-07,
2388,915310752,L,2013-08-23,2013-09-23,161,Online,6,9647,1486216.82,877201.71,609015.11,2013-08-23,2013-09-23,2013-09-23,a3da552d75f0ad9d3e29ac2138143f95,2013-09-23,2013-09-23,
2389,451712596,H,2013-08-23,2013-09-28,76,Online,6,650,100139,59104.5,41034.5,2013-08-23,2013-09-28,2013-09-28,25f18cd435275f27131dd6a3d8688101,2013-09-28,2013-09-28,
2390,146254909,M,2013-08-23,2013-09-29,150,Offline,6,8932,1376063.92,812186.76,563877.16,2013-08-23,2013-09-29,2013-09-29,a8ba91a172f5fe59b81d3d12b3367d3e,2013-09-29,2013-09-29,
2391,684239947,L,2013-08-24,2013-08-31,37,Online,10,661,288989.2,174061.13,114928.07,2013-08-24,2013-08-31,2013-08-31,dedfefcc176893251e428c4bb664267e,2013-08-31,2013-08-31,
2392,457852494,C,2013-08-24,2013-09-01,152,Offline,10,7582,3314850.4,1996568.06,1318282.34,2013-08-24,2013-09-01,2013-09-01,fba8778e04d59190514744dfabc0052e,2013-09-01,2013-09-01,
2394,438724696,L,2013-08-26,2013-10-05,1,Offline,6,7242,1115702.52,658515.06,457187.46,2013-08-26,2013-10-05,2013-10-05,d89aa85a65b735f2682553a280d042ee,2013-10-05,2013-10-05,
2395,413693034,C,2013-08-26,2013-10-13,176,Offline,1,9817,91592.61,67933.64,23658.97,2013-08-26,2013-10-13,2013-10-13,2a05425ede51381d270af8e4ab343796,2013-10-13,2013-10-13,
2396,592181813,M,2013-08-27,2013-09-09,117,Online,10,8613,3765603.6,2268061.29,1497542.31,2013-08-27,2013-09-09,2013-09-09,0106ad42800f1c628ff8bfa4513d37fd,2013-09-09,2013-09-09,
2397,670779979,C,2013-08-29,2013-09-09,123,Offline,4,7557,825828.96,270842.88,554986.08,2013-08-29,2013-09-09,2013-09-09,857bc654f208e82053441ea741abb69d,2013-09-09,2013-09-09,
2398,666686713,L,2013-08-29,2013-09-10,27,Offline,9,6269,2644828.41,2286241.61,358586.8,2013-08-29,2013-09-10,2013-09-10,a6d2d9f0cf40bf01581f3cf2fcaafd1b,2013-09-10,2013-09-10,
2399,120043075,L,2013-08-29,2013-10-13,126,Online,3,2268,185363.64,128527.56,56836.08,2013-08-29,2013-10-13,2013-10-13,9be3fe399c57b83b9a4c5fad610d39dd,2013-10-13,2013-10-13,
2400,953370654,C,2013-08-30,2013-09-16,86,Offline,12,2417,1615208.59,1214639.18,400569.41,2013-08-30,2013-09-16,2013-09-16,f29157a7bec19fcccefc45276ba2a5f4,2013-09-16,2013-09-16,
2401,119689023,L,2013-08-30,2013-09-19,50,Offline,11,7497,4882121.37,3935625.12,946496.25,2013-08-30,2013-09-19,2013-09-19,3d1bc074080943046acfb0b338745ee4,2013-09-19,2013-09-19,
2402,537435138,L,2013-08-31,2013-09-05,44,Online,8,7855,2005224.4,1252244.1,752980.3,2013-08-31,2013-09-05,2013-09-05,c28644c474823e16785759a54a9601bf,2013-09-05,2013-09-05,
2403,601588857,H,2013-09-01,2013-09-10,127,Offline,4,2366,258556.48,84797.44,173759.04,2013-09-01,2013-09-10,2013-09-10,1b44db0eabfbab2bfa3a07a34c9e6d19,2013-09-10,2013-09-10,
2404,965414416,M,2013-09-01,2013-09-13,142,Offline,4,6434,703107.52,230594.56,472512.96,2013-09-01,2013-09-13,2013-09-13,f500099a8780c4dcbcc61a7f272eb6b3,2013-09-13,2013-09-13,
2405,628667151,M,2013-09-01,2013-09-26,166,Online,11,5435,3539326.35,2853157.6,686168.75,2013-09-01,2013-09-26,2013-09-26,5d8601c91ddf64458faa4bf1e6e1daa2,2013-09-26,2013-09-26,
2406,264959609,C,2013-09-01,2013-10-18,75,Online,5,6291,959880.78,612995.04,346885.74,2013-09-01,2013-10-18,2013-10-18,068e82f009e2bcf5b03d47afb24a8895,2013-10-18,2013-10-18,
2407,973482930,H,2013-09-02,2013-10-07,80,Online,2,4087,193928.15,129925.73,64002.42,2013-09-02,2013-10-07,2013-10-07,d0a428ce8b306a9eed21e91df69733a6,2013-10-07,2013-10-07,
2408,738672912,C,2013-09-02,2013-10-10,162,Online,3,8584,701570.32,486455.28,215115.04,2013-09-02,2013-10-10,2013-10-10,004ef3eb424487342ea24bfd17990711,2013-10-10,2013-10-10,
2409,370518052,H,2013-09-03,2013-10-09,19,Offline,12,3380,2258752.6,1698585.2,560167.4,2013-09-03,2013-10-09,2013-10-09,76ef140189e5ebbda37b17b47981983f,2013-10-09,2013-10-09,
2410,523857152,H,2013-09-05,2013-10-09,100,Online,10,9827,4296364.4,2587743.91,1708620.49,2013-09-05,2013-10-09,2013-10-09,f628da93429e9b0535a201e13ccabf6e,2013-10-09,2013-10-09,
2411,488474309,L,2013-09-05,2013-10-21,48,Online,3,9258,756656.34,524650.86,232005.48,2013-09-05,2013-10-21,2013-10-21,6cc2ce43c385d692693407f9657ea7c2,2013-10-21,2013-10-21,
2412,980961358,C,2013-09-06,2013-10-08,79,Online,10,7120,3112864,1874909.6,1237954.4,2013-09-06,2013-10-08,2013-10-08,d75773ac871f2d6458629c8ec69d7ab7,2013-10-08,2013-10-08,
2413,947507131,L,2013-09-07,2013-10-20,155,Offline,2,7271,345008.95,231145.09,113863.86,2013-09-07,2013-10-20,2013-10-20,6f68c49054de04b3cf2dba4e58d78dca,2013-10-20,2013-10-20,
2414,664562404,L,2013-09-08,2013-09-19,149,Offline,5,7638,1165406.04,744246.72,421159.32,2013-09-08,2013-09-19,2013-09-19,7f16496dd0164c7dc1d8179d094bb712,2013-09-19,2013-09-19,
2415,575259006,L,2013-09-08,2013-10-20,82,Online,12,778,519914.06,390976.12,128937.94,2013-09-08,2013-10-20,2013-10-20,b9ac8f5cf09b342dd6dee8ed28a664f9,2013-10-20,2013-10-20,
2416,176050603,C,2013-09-08,2013-10-28,172,Online,7,6140,1262998,719055.4,543942.6,2013-09-08,2013-10-28,2013-10-28,c04d5ae0f88b34a1096e45a1aaea0ea0,2013-10-28,2013-10-28,
2417,924286067,H,2013-09-09,2013-10-04,100,Online,4,5642,616557.76,202209.28,414348.48,2013-09-09,2013-10-04,2013-10-04,8c86189bf4d78bab96ab583293bb649e,2013-10-04,2013-10-04,
2418,167510020,L,2013-09-09,2013-10-06,158,Online,9,8792,3709256.88,3206354.48,502902.4,2013-09-09,2013-10-06,2013-10-06,feb97258870eacfd05ed80361015c991,2013-10-06,2013-10-06,
2419,281845080,M,2013-09-09,2013-10-18,83,Offline,12,3077,2056266.79,1546315.58,509951.21,2013-09-09,2013-10-18,2013-10-18,8f81b1d09aef5448d81e952163ad6e76,2013-10-18,2013-10-18,
2420,780590045,H,2013-09-10,2013-10-03,54,Offline,9,2796,1179604.44,1019673.24,159931.2,2013-09-10,2013-10-03,2013-10-03,300d717329cce45b6b7c117a5c97f6da,2013-10-03,2013-10-03,
2421,917792117,M,2013-09-10,2013-10-07,145,Online,4,3938,430344.64,141137.92,289206.72,2013-09-10,2013-10-07,2013-10-07,d97b061052fde39136033787c6f6a9af,2013-10-07,2013-10-07,
2422,296289527,M,2013-09-10,2013-10-14,131,Online,11,7510,4890587.1,3942449.6,948137.5,2013-09-10,2013-10-14,2013-10-14,ecb01a951ed28674e9aa125ead424f2d,2013-10-14,2013-10-14,
2423,136102426,C,2013-09-11,2013-09-23,178,Offline,5,4587,699884.46,446957.28,252927.18,2013-09-11,2013-09-23,2013-09-23,cd066db7eff6eaff7ac5ba064344c721,2013-09-23,2013-09-23,
2424,250437486,L,2013-09-11,2013-10-05,82,Online,8,8872,2264844.16,1414374.24,850469.92,2013-09-11,2013-10-05,2013-10-05,6b4677842870bad5a86d307df91903db,2013-10-05,2013-10-05,
2425,368865811,L,2013-09-11,2013-10-16,88,Online,11,4445,2894628.45,2333447.2,561181.25,2013-09-11,2013-10-16,2013-10-16,989787be109f845ecffd102e18018447,2013-10-16,2013-10-16,
2426,474660289,H,2013-09-12,2013-10-06,131,Offline,8,1382,352796.96,220318.44,132478.52,2013-09-12,2013-10-06,2013-10-06,a7f6cd5cad969301e1877279d36d9e9d,2013-10-06,2013-10-06,
2427,310497939,C,2013-09-12,2013-10-11,157,Offline,9,2095,883859.55,764025.55,119834,2013-09-12,2013-10-11,2013-10-11,ca21a8d2713e30df6a4c7b60a74302f2,2013-10-11,2013-10-11,
2428,989660298,H,2013-09-14,2013-10-11,64,Online,9,1330,561113.7,485037.7,76076,2013-09-14,2013-10-11,2013-10-11,39861c40b747ff33debd7f9d83b1456a,2013-10-11,2013-10-11,
2429,563491618,L,2013-09-14,2013-10-29,82,Offline,12,8547,5711703.69,4295209.38,1416494.31,2013-09-14,2013-10-29,2013-10-29,3c5b350c7ec9cb95bf4290f717cc5ebf,2013-10-29,2013-10-29,
2430,519686210,L,2013-09-15,2013-09-24,175,Offline,5,5553,847276.74,541084.32,306192.42,2013-09-15,2013-09-24,2013-09-24,b5920aa1955fbb0c0ecbb5f576fd8685,2013-09-24,2013-09-24,
2431,671450746,M,2013-09-15,2013-10-18,162,Offline,1,6052,56465.16,41879.84,14585.32,2013-09-15,2013-10-18,2013-10-18,b8abcf2107abc48b0f9acb19254adb8b,2013-10-18,2013-10-18,
2432,209899222,M,2013-09-16,2013-09-28,135,Online,5,2699,411813.42,262990.56,148822.86,2013-09-16,2013-09-28,2013-09-28,545f547f758e03ea2edc806960102df3,2013-09-28,2013-09-28,
2433,548693120,C,2013-09-16,2013-10-10,136,Online,5,9342,1425402.36,910284.48,515117.88,2013-09-16,2013-10-10,2013-10-10,65a432ce3641110531d9c97f5dd7ecfc,2013-10-10,2013-10-10,
2434,947783505,C,2013-09-16,2013-10-27,128,Offline,8,9056,2311815.68,1443707.52,868108.16,2013-09-16,2013-10-27,2013-10-27,208da765da847a3b62b1cc1471033460,2013-10-27,2013-10-27,
2435,130356919,H,2013-09-18,2013-10-01,58,Online,6,4364,672317.84,396818.52,275499.32,2013-09-18,2013-10-01,2013-10-01,d6bc3fdcc1acd9319801427b07bc9569,2013-10-01,2013-10-01,
2436,452423703,C,2013-09-19,2013-09-24,22,Offline,10,1082,473050.4,284923.06,188127.34,2013-09-19,2013-09-24,2013-09-24,aaa9a9d9f46e77587a168d25b8388d5c,2013-09-24,2013-09-24,
2437,148894631,H,2013-09-19,2013-09-25,172,Online,11,85,55352.85,44621.6,10731.25,2013-09-19,2013-09-25,2013-09-25,1ed3546fc6010e505895bfd2a149214f,2013-09-25,2013-09-25,
2438,976200330,M,2013-09-19,2013-10-20,49,Online,8,8226,2099933.28,1311388.92,788544.36,2013-09-19,2013-10-20,2013-10-20,aed436290bcff270784bb697237f54e4,2013-10-20,2013-10-20,
2439,790981566,H,2013-09-20,2013-10-08,114,Online,6,7878,1213684.68,716346.54,497338.14,2013-09-20,2013-10-08,2013-10-08,ae756b22f01f9d8483f1c014645c35c6,2013-10-08,2013-10-08,
2440,483359229,H,2013-09-20,2013-10-10,120,Offline,6,5592,861503.52,508480.56,353022.96,2013-09-20,2013-10-10,2013-10-10,a7329b1d8ef4617bc2c03f8cb0c6ad99,2013-10-10,2013-10-10,
2441,127838218,C,2013-09-20,2013-10-29,101,Offline,1,9024,84193.92,62446.08,21747.84,2013-09-20,2013-10-29,2013-10-29,cc668a3cf38ed6afd6151451589f3d23,2013-10-29,2013-10-29,
2442,277556121,H,2013-09-20,2013-10-29,93,Online,8,3879,990231.12,618390.18,371840.94,2013-09-20,2013-10-29,2013-10-29,422d3493c99dc8c3294701311a612968,2013-10-29,2013-10-29,
2443,458209550,C,2013-09-21,2013-09-24,29,Online,2,3243,153880.35,103094.97,50785.38,2013-09-21,2013-09-24,2013-09-24,9c7acb059d5f7081a8231d3c42d753bc,2013-09-24,2013-09-24,
2444,813730561,C,2013-09-21,2013-10-26,179,Offline,8,9811,2504552.08,1564069.62,940482.46,2013-09-21,2013-10-26,2013-10-26,b08b6243ccc904addf4ccabc9913f0d7,2013-10-26,2013-10-26,
2445,886306846,H,2013-09-21,2013-10-27,121,Online,8,6746,1722118.88,1075447.32,646671.56,2013-09-21,2013-10-27,2013-10-27,c9cd204cd7a49d0697dd943efcd6c631,2013-10-27,2013-10-27,
2446,266614854,M,2013-09-23,2013-10-10,30,Online,12,6115,4086471.05,3073032.1,1013438.95,2013-09-23,2013-10-10,2013-10-10,4e5093251243c10621a9589cc0748703,2013-10-10,2013-10-10,
2447,937826716,M,2013-09-23,2013-10-11,59,Online,2,2621,124366.45,83321.59,41044.86,2013-09-23,2013-10-11,2013-10-11,792059f7011b053cf65a9da127341b60,2013-10-11,2013-10-11,
2448,919289004,H,2013-09-23,2013-10-17,9,Online,5,6900,1052802,672336,380466,2013-09-23,2013-10-17,2013-10-17,12d4e59dd75527a41dd682edd6a09c99,2013-10-17,2013-10-17,
2449,592774903,M,2013-09-24,2013-10-02,99,Offline,12,4122,2754608.94,2071469.88,683139.06,2013-09-24,2013-10-02,2013-10-02,27cac25ddaedf418d8b35e985e09b2ab,2013-10-02,2013-10-02,
2450,871272313,M,2013-09-24,2013-10-09,62,Online,11,7694,5010409.74,4039042.24,971367.5,2013-09-24,2013-10-09,2013-10-09,f5a33b6b53b5ca6d59dcf703f69c59f5,2013-10-09,2013-10-09,
2451,446914231,H,2013-09-25,2013-10-01,166,Offline,11,707,460405.47,371146.72,89258.75,2013-09-25,2013-10-01,2013-10-01,8255361ec824f87fb6f1e45a2de18f2b,2013-10-01,2013-10-01,
2452,557156026,C,2013-09-25,2013-10-15,114,Offline,11,3704,2412081.84,1944451.84,467630,2013-09-25,2013-10-15,2013-10-15,27023b36b353ee820e1047812d8bd589,2013-10-15,2013-10-15,
2453,910276353,L,2013-09-26,2013-09-27,114,Offline,4,9856,1077063.68,353239.04,723824.64,2013-09-26,2013-09-27,2013-09-27,9c2a6853a74af974a6c3f6dce7c561dc,2013-09-27,2013-09-27,
2454,195259082,L,2013-09-26,2013-10-11,24,Online,12,356,237904.12,178904.24,58999.88,2013-09-26,2013-10-11,2013-10-11,0cccbdf92b01c8bec732a439f254345c,2013-10-11,2013-10-11,
2455,604582631,L,2013-09-27,2013-09-30,12,Offline,8,8291,2116526.48,1321751.22,794775.26,2013-09-27,2013-09-30,2013-09-30,25bb00f95e5954dd06ad8ac1c220b123,2013-09-30,2013-09-30,
2456,822665536,M,2013-09-28,2013-10-29,162,Offline,7,3868,795647.6,452981.48,342666.12,2013-09-28,2013-10-29,2013-10-29,f432ade67214802a9c1eff434e47d8bb,2013-10-29,2013-10-29,
2457,306839406,H,2013-09-29,2013-10-01,134,Offline,8,9454,2413417.12,1507156.68,906260.44,2013-09-29,2013-10-01,2013-10-01,8c91e29b1a37d338c43e4ec2dfc103af,2013-10-01,2013-10-01,
2458,527204978,L,2013-09-29,2013-10-03,7,Online,9,523,220648.47,190732.87,29915.6,2013-09-29,2013-10-03,2013-10-03,290f105ffbb6ac0d90f3e4daccc84771,2013-10-03,2013-10-03,
2459,878514707,C,2013-09-29,2013-10-11,89,Offline,2,879,41708.55,27943.41,13765.14,2013-09-29,2013-10-11,2013-10-11,741b38f0ef4e573dd13efd7222939abf,2013-10-11,2013-10-11,
2460,211278092,L,2013-09-29,2013-11-03,25,Online,3,737,60235.01,41765.79,18469.22,2013-09-29,2013-11-03,2013-11-03,9242270fe56a2330206451a341adb5c2,2013-11-03,2013-11-03,
2461,381580340,L,2013-09-30,2013-10-02,22,Online,8,6957,1775982.96,1109084.94,666898.02,2013-09-30,2013-10-02,2013-10-02,396e5a7332fff5dc26c11a720bbd1d01,2013-10-02,2013-10-02,
2462,876232039,H,2013-09-30,2013-11-07,70,Offline,3,5387,440279.51,305281.29,134998.22,2013-09-30,2013-11-07,2013-11-07,680ed81d115a0dfe521060d57d1e95d9,2013-11-07,2013-11-07,
2463,408540618,M,2013-09-30,2013-11-13,137,Offline,6,5102,786014.12,463924.86,322089.26,2013-09-30,2013-11-13,2013-11-13,df22aae1370add796990018333ef4bb3,2013-11-13,2013-11-13,
2464,140040338,M,2013-10-02,2013-10-09,111,Offline,8,9903,2528037.84,1578736.26,949301.58,2013-10-02,2013-10-09,2013-10-09,c4abdd77c6dfea3c0c71efd375b14039,2013-10-09,2013-10-09,
2465,711597621,M,2013-10-02,2013-11-14,176,Offline,3,6404,523398.92,362914.68,160484.24,2013-10-02,2013-11-14,2013-11-14,414a6cff5c60a573d72118f567c3b865,2013-11-14,2013-11-14,
2466,575970113,M,2013-10-04,2013-10-16,133,Offline,9,1211,510908.79,441639.59,69269.2,2013-10-04,2013-10-16,2013-10-16,9c65766fd2dde85dc4bb2b63c5f16613,2013-10-16,2013-10-16,
2467,536494004,L,2013-10-04,2013-10-29,129,Offline,12,9353,6250329.31,4700256.62,1550072.69,2013-10-04,2013-10-29,2013-10-29,e97bfe3be89aacc27a9a4e262ba3b015,2013-10-29,2013-10-29,
2468,471514165,C,2013-10-07,2013-11-23,165,Online,6,374,57618.44,34007.82,23610.62,2013-10-07,2013-11-23,2013-11-23,5e463e2be21046abe6551b36e4c24cba,2013-11-23,2013-11-23,
2469,911891257,C,2013-10-08,2013-11-01,54,Offline,1,7742,72232.86,53574.64,18658.22,2013-10-08,2013-11-01,2013-11-01,f4c47a348db76881854a5a0ec5ccb5cf,2013-11-01,2013-11-01,
2470,400512444,L,2013-10-09,2013-10-29,15,Offline,9,9387,3960281.43,3423345.03,536936.4,2013-10-09,2013-10-29,2013-10-29,4acf79d35da660a2e1948d1fc91809e7,2013-10-29,2013-10-29,
2471,371387517,L,2013-10-09,2013-11-08,80,Offline,10,674,294672.8,177484.42,117188.38,2013-10-09,2013-11-08,2013-11-08,0003fad153bc10d3e23be16bee039616,2013-11-08,2013-11-08,
2472,932475602,L,2013-10-09,2013-11-21,34,Offline,2,9107,432127.15,289511.53,142615.62,2013-10-09,2013-11-21,2013-11-21,a64077807c8deedf34963c4890057f52,2013-11-21,2013-11-21,
2473,466948831,H,2013-10-09,2013-11-26,86,Offline,3,9390,767444.7,532131.3,235313.4,2013-10-09,2013-11-26,2013-11-26,7f32323db62bd77c0deb6f8bf2ed2096,2013-11-26,2013-11-26,
2474,238396728,H,2013-10-09,2013-11-27,71,Online,3,5744,469457.12,325512.48,143944.64,2013-10-09,2013-11-27,2013-11-27,4700db3ceaa1aedc8b7136ac4604d46d,2013-11-27,2013-11-27,
2475,524844634,M,2013-10-10,2013-10-13,24,Offline,7,2045,420656.5,239489.95,181166.55,2013-10-10,2013-10-13,2013-10-13,704465cd8acf20f1f278828bcc35682c,2013-10-13,2013-10-13,
2476,583094489,M,2013-10-10,2013-11-13,35,Online,12,9472,6329853.44,4760058.88,1569794.56,2013-10-10,2013-11-13,2013-11-13,d89271dcff95078aea3356e577dff6a9,2013-11-13,2013-11-13,
2477,797202146,M,2013-10-10,2013-11-17,153,Online,2,8685,412103.25,276096.15,136007.1,2013-10-10,2013-11-17,2013-11-17,f04fc4f34a358cab6007b157fa7457f3,2013-11-17,2013-11-17,
2478,315066277,L,2013-10-10,2013-11-28,91,Offline,5,3968,605437.44,386641.92,218795.52,2013-10-10,2013-11-28,2013-11-28,eea131b2e4699575730d1c3ddcdb29ff,2013-11-28,2013-11-28,
2479,886033475,C,2013-10-13,2013-10-20,60,Online,3,5850,478120.5,331519.5,146601,2013-10-13,2013-10-20,2013-10-20,d864c5e223ae4cab1728cff6001375ea,2013-10-20,2013-10-20,
2480,220607459,C,2013-10-14,2013-10-17,164,Online,7,1504,309372.8,176133.44,133239.36,2013-10-14,2013-10-17,2013-10-17,a96bf68275fcec62035c3684861d84f0,2013-10-17,2013-10-17,
2481,962703025,M,2013-10-14,2013-10-20,46,Offline,5,4073,621458.34,396873.12,224585.22,2013-10-14,2013-10-20,2013-10-20,44a2481cecdf5dc374a94a69825f0bbf,2013-10-20,2013-10-20,
2482,919133651,M,2013-10-14,2013-11-04,32,Online,4,927,101302.56,33223.68,68078.88,2013-10-14,2013-11-04,2013-11-04,6d54fd93952783b38f03b8da0f78bb5c,2013-11-04,2013-11-04,
2483,532441079,L,2013-10-14,2013-11-08,83,Offline,4,2,218.56,71.68,146.88,2013-10-14,2013-11-08,2013-11-08,aeb159c809e4a32021d7e83c0e3d5344,2013-11-08,2013-11-08,
2484,522089898,C,2013-10-14,2013-11-11,110,Online,1,6858,63985.14,47457.36,16527.78,2013-10-14,2013-11-11,2013-11-11,cffa532b947534d68d1b5748edab68b9,2013-11-11,2013-11-11,
2485,854625880,H,2013-10-14,2013-11-26,124,Offline,2,1644,78007.8,52262.76,25745.04,2013-10-14,2013-11-26,2013-11-26,4fffba76bbe94b3b57c76125233ddce8,2013-11-26,2013-11-26,
2486,801925837,C,2013-10-17,2013-10-26,4,Offline,6,6531,1006165.86,593863.83,412302.03,2013-10-17,2013-10-26,2013-10-26,5798d62356382f56a40cf24da9f08f85,2013-10-26,2013-10-26,
2487,791692674,L,2013-10-17,2013-11-24,180,Online,1,8310,77532.3,57505.2,20027.1,2013-10-17,2013-11-24,2013-11-24,66a9859da991333c99eb4b0a2a97ed86,2013-11-24,2013-11-24,
2488,415233266,H,2013-10-18,2013-10-31,40,Online,6,5606,863660.36,509753.58,353906.78,2013-10-18,2013-10-31,2013-10-31,4718e8cb74f0a5f3642d054258a3ce38,2013-10-31,2013-10-31,
2489,787245357,L,2013-10-18,2013-11-01,50,Offline,5,2250,343305,219240,124065,2013-10-18,2013-11-01,2013-11-01,8e7326b97f7aee230cd2ebef9de05f9d,2013-11-01,2013-11-01,
2490,633198153,H,2013-10-19,2013-11-03,29,Offline,7,6260,1287682,733108.6,554573.4,2013-10-19,2013-11-03,2013-11-03,710ae39bb4fac7f4f1f412512e26415f,2013-11-03,2013-11-03,
2491,103281629,L,2013-10-19,2013-11-05,72,Offline,6,2184,336467.04,198591.12,137875.92,2013-10-19,2013-11-05,2013-11-05,4eb1eeac618d82896649856f7da27ede,2013-11-05,2013-11-05,
2492,612495791,L,2013-10-19,2013-11-10,50,Online,7,9971,2051034.7,1167703.81,883330.89,2013-10-19,2013-11-10,2013-11-10,630239c37fe1d06dc5a907d904c7bcb0,2013-11-10,2013-11-10,
2493,666534364,C,2013-10-19,2013-11-18,56,Offline,8,1185,302506.8,188912.7,113594.1,2013-10-19,2013-11-18,2013-11-18,53429bf0e5140edb7672a7f6ccede153,2013-11-18,2013-11-18,
2494,313178002,C,2013-10-19,2013-12-06,54,Offline,2,5185,246028.25,164831.15,81197.1,2013-10-19,2013-12-06,2013-12-06,9e7606575d91782efcc41df5f6517469,2013-12-06,2013-12-06,
2495,516580426,M,2013-10-20,2013-11-18,173,Offline,9,6483,2735112.87,2364285.27,370827.6,2013-10-20,2013-11-18,2013-11-18,7131bbb07df4885887fb9703dbc4d79b,2013-11-18,2013-11-18,
2496,435463559,C,2013-10-21,2013-10-27,66,Online,2,2199,104342.55,69906.21,34436.34,2013-10-21,2013-10-27,2013-10-27,df645ea22bb396ed1fb0badeba9d4210,2013-10-27,2013-10-27,
2497,470728385,L,2013-10-21,2013-11-09,121,Offline,7,7845,1613716.5,918727.95,694988.55,2013-10-21,2013-11-09,2013-11-09,6d7826abd487ede22a5b6ed3f819e7b7,2013-11-09,2013-11-09,
2498,938301789,C,2013-10-21,2013-11-29,65,Offline,8,3205,818172.4,510941.1,307231.3,2013-10-21,2013-11-29,2013-11-29,433ba53b2e5f179ef0adb29cac73066c,2013-11-29,2013-11-29,
2499,501663911,H,2013-10-22,2013-11-25,177,Offline,1,2354,21962.82,16289.68,5673.14,2013-10-22,2013-11-25,2013-11-25,85085cec5ff7271238adde06b5ae78f7,2013-11-25,2013-11-25,
2500,291531503,L,2013-10-23,2013-10-26,91,Online,2,9505,451012.25,302163.95,148848.3,2013-10-23,2013-10-26,2013-10-26,c8fd03f9cca94d030d09606c4cba50e5,2013-10-26,2013-10-26,
2501,447389304,L,2013-10-23,2013-11-19,112,Online,3,1292,105595.16,73217.64,32377.52,2013-10-23,2013-11-19,2013-11-19,9e6d43eb03913e7f9b596a76011f2af0,2013-11-19,2013-11-19,
2502,410077846,M,2013-10-23,2013-12-02,183,Online,4,2,218.56,71.68,146.88,2013-10-23,2013-12-02,2013-12-02,d0a9b87365f97b69b42fcb13854666e5,2013-12-02,2013-12-02,
2503,522012221,L,2013-10-24,2013-10-25,146,Offline,10,3871,1692401.2,1019350.43,673050.77,2013-10-24,2013-10-25,2013-10-25,faa0d5cefe649fa2b36781d2c139e081,2013-10-25,2013-10-25,
2504,950227534,L,2013-10-24,2013-11-02,97,Offline,12,2298,1535684.46,1154836.92,380847.54,2013-10-24,2013-11-02,2013-11-02,e7d05c5de54d8c590f043dc56364850a,2013-11-02,2013-11-02,
2505,253865993,M,2013-10-24,2013-12-04,68,Online,8,3444,879184.32,549042.48,330141.84,2013-10-24,2013-12-04,2013-12-04,077a61f255bfd9c521bbc026d6f2c188,2013-12-04,2013-12-04,
2506,868992650,L,2013-10-25,2013-11-05,35,Offline,12,3091,2065622.57,1553351.14,512271.43,2013-10-25,2013-11-05,2013-11-05,be54e585c989ed74de23b851b24d4f53,2013-11-05,2013-11-05,
2507,565345561,M,2013-10-26,2013-12-02,124,Online,9,7170,3024951.3,2614827.3,410124,2013-10-26,2013-12-02,2013-12-02,8c11dcd4fa12404b046113bc5f02303b,2013-12-02,2013-12-02,
2508,130754315,H,2013-10-27,2013-11-02,147,Online,11,1962,1277674.02,1029971.52,247702.5,2013-10-27,2013-11-02,2013-11-02,af15ed8382bb302cca57dbab1a9fc0ab,2013-11-02,2013-11-02,
2509,186839520,C,2013-10-27,2013-12-04,15,Online,8,8821,2251824.88,1406243.82,845581.06,2013-10-27,2013-12-04,2013-12-04,4a6f7418d11243e0dc2d51d95ee1a77d,2013-12-04,2013-12-04,
2510,760443437,L,2013-10-27,2013-12-13,112,Online,1,966,9012.78,6684.72,2328.06,2013-10-27,2013-12-13,2013-12-13,f33bdca28de70ead41eb42d4ea154885,2013-12-13,2013-12-13,
2511,737340390,C,2013-10-28,2013-11-01,181,Offline,9,4262,1798095.18,1554308.78,243786.4,2013-10-28,2013-11-01,2013-11-01,3accdf569d193ff2d93dc90671a7eff9,2013-11-01,2013-11-01,
2512,261462438,C,2013-10-28,2013-11-10,165,Online,12,1400,935578,703556,232022,2013-10-28,2013-11-10,2013-11-10,880697a1581a4f25961f2113b65f42ce,2013-11-10,2013-11-10,
2513,107651269,M,2013-10-28,2013-11-11,144,Online,12,5258,3513763.66,2642355.32,871408.34,2013-10-28,2013-11-11,2013-11-11,cb39fcec2b75498d7888adfe01790f7c,2013-11-11,2013-11-11,
2514,217539012,H,2013-10-29,2013-10-31,46,Online,9,3483,1469442.87,1270215.27,199227.6,2013-10-29,2013-10-31,2013-10-31,17e654e011ec259c3a8997e479379438,2013-10-31,2013-10-31,
2515,498201072,H,2013-10-29,2013-11-07,45,Online,10,7623,3332775.6,2007364.59,1325411.01,2013-10-29,2013-11-07,2013-11-07,e97147c79151d81337386a7e4aa60d51,2013-11-07,2013-11-07,
2516,304913794,H,2013-10-29,2013-11-21,46,Offline,11,9623,6266593.83,5051690.08,1214903.75,2013-10-29,2013-11-21,2013-11-21,c72bd7b6ab6de9d0c281134226ff1c15,2013-11-21,2013-11-21,
2517,917639768,L,2013-10-31,2013-12-14,30,Online,6,8854,1364047.24,805094.22,558953.02,2013-10-31,2013-12-14,2013-12-14,2e74e58cac64c642abd18a08a53362e1,2013-12-14,2013-12-14,
2518,327072703,C,2013-11-01,2013-11-16,91,Online,10,6936,3032419.2,1826456.88,1205962.32,2013-11-01,2013-11-16,2013-11-16,d80d25f69900a94694ab8491120398a8,2013-11-16,2013-11-16,
2519,732421004,M,2013-11-01,2013-12-01,174,Online,3,8506,695195.38,482035.02,213160.36,2013-11-01,2013-12-01,2013-12-01,96b931623a7797addf6b9461c7078120,2013-12-01,2013-12-01,
2520,736396253,H,2013-11-02,2013-11-05,65,Offline,9,4870,2054604.3,1776040.3,278564,2013-11-02,2013-11-05,2013-11-05,9fb9e29e80e98fcd32f96e65b15fbe32,2013-11-05,2013-11-05,
2521,567904603,L,2013-11-02,2013-11-12,47,Online,8,4447,1135230.16,708940.74,426289.42,2013-11-02,2013-11-12,2013-11-12,0b6e15ef558dd1328e30b76509d6c800,2013-11-12,2013-11-12,
2522,306134307,M,2013-11-02,2013-11-24,15,Offline,11,799,520316.79,419443.04,100873.75,2013-11-02,2013-11-24,2013-11-24,4a4ed7d5b8c3b57b49b2cf4bd57032e6,2013-11-24,2013-11-24,
2523,919332349,M,2013-11-02,2013-12-15,44,Offline,5,9726,1483993.08,947701.44,536291.64,2013-11-02,2013-12-15,2013-12-15,1031d496f532668ab11a70d7ee2b9b36,2013-12-15,2013-12-15,
2524,913074433,H,2013-11-02,2013-12-17,139,Offline,3,7870,643215.1,445992.9,197222.2,2013-11-02,2013-12-17,2013-12-17,5fadd729b7e1ea83fb57ad9a55069c42,2013-12-17,2013-12-17,
2525,526381862,M,2013-11-02,2013-12-21,40,Offline,9,6945,2930026.05,2532772.05,397254,2013-11-02,2013-12-21,2013-12-21,94e3fb4f120296e28eed2d494d29987a,2013-12-21,2013-12-21,
2526,436606395,C,2013-11-04,2013-12-03,127,Offline,2,389,18458.05,12366.31,6091.74,2013-11-04,2013-12-03,2013-12-03,aad4b6cb52b248e79eb18e93ab4ff4e3,2013-12-03,2013-12-03,
2527,428419864,M,2013-11-04,2013-12-05,147,Offline,11,7813,5087903.73,4101512.48,986391.25,2013-11-04,2013-12-05,2013-12-05,c4022378e8f825e7bc9a00f6672a8e95,2013-12-05,2013-12-05,
2528,881194770,C,2013-11-05,2013-12-05,137,Offline,11,3969,2584652.49,2083566.24,501086.25,2013-11-05,2013-12-05,2013-12-05,ef5df20ac89230e093ee4c825150f20b,2013-12-05,2013-12-05,
2529,359346759,M,2013-11-06,2013-11-09,123,Online,4,7546,824626.88,270448.64,554178.24,2013-11-06,2013-11-09,2013-11-09,71beec1a95d3fa6d2afaa1683fa88d8b,2013-11-09,2013-11-09,
2530,866396272,H,2013-11-06,2013-11-16,94,Online,9,4765,2010305.85,1737747.85,272558,2013-11-06,2013-11-16,2013-11-16,251b50b0102558fece9ef994c02f4ba5,2013-11-16,2013-11-16,
2531,332268464,C,2013-11-06,2013-12-14,172,Online,7,4477,920918.9,524301.47,396617.43,2013-11-06,2013-12-14,2013-12-14,755f203af336298bdb53d72419f05447,2013-12-14,2013-12-14,
2532,774928224,C,2013-11-06,2013-12-17,25,Offline,6,7337,1130338.22,667153.41,463184.81,2013-11-06,2013-12-17,2013-12-17,c03842a1865d1a4326670555acdd3931,2013-12-17,2013-12-17,
2533,797677218,C,2013-11-07,2013-11-14,130,Offline,8,9270,2366445.6,1477823.4,888622.2,2013-11-07,2013-11-14,2013-11-14,aa390afb47099c547e7e5765306cfb99,2013-11-14,2013-11-14,
2534,922363460,H,2013-11-07,2013-11-23,79,Online,4,6700,732176,240128,492048,2013-11-07,2013-11-23,2013-11-23,06769a0132d8ca499a73231dcdad78b6,2013-11-23,2013-11-23,
2535,882887351,L,2013-11-07,2013-12-06,178,Offline,2,4842,229752.9,153927.18,75825.72,2013-11-07,2013-12-06,2013-12-06,638747a57638b1b8031216fe2d1377d7,2013-12-06,2013-12-06,
2536,101315677,L,2013-11-07,2013-12-17,6,Online,6,415,63934.9,37735.95,26198.95,2013-11-07,2013-12-17,2013-12-17,b5b57bb5c6e49fb96c41886e76b8ca61,2013-12-17,2013-12-17,
2537,546140086,L,2013-11-07,2013-12-19,145,Offline,3,3843,314088.39,217782.81,96305.58,2013-11-07,2013-12-19,2013-12-19,3dc5c9778d887620a58407636801cc0d,2013-12-19,2013-12-19,
2538,722346198,H,2013-11-09,2013-12-11,7,Online,10,7147,3124668.4,1882019.51,1242648.89,2013-11-09,2013-12-11,2013-12-11,5417e99f83d73c97c3857d29e8dd44a4,2013-12-11,2013-12-11,
2539,427121675,L,2013-11-10,2013-11-15,97,Offline,6,3650,562319,331894.5,230424.5,2013-11-10,2013-11-15,2013-11-15,a0a6f88492f34015dcf9444aa18feca6,2013-11-15,2013-11-15,
2540,609939754,M,2013-11-10,2013-11-30,180,Online,1,3582,33420.06,24787.44,8632.62,2013-11-10,2013-11-30,2013-11-30,6b02d6c6787d61239fc661bdd8e5b2d6,2013-11-30,2013-11-30,
2541,262605273,L,2013-11-11,2013-12-16,10,Offline,12,9591,6409377.57,4819861.14,1589516.43,2013-11-11,2013-12-16,2013-12-16,43d020e4f498f62906e8e06f70e56a09,2013-12-16,2013-12-16,
2542,480688178,M,2013-11-12,2013-11-24,106,Offline,5,5169,788686.02,503667.36,285018.66,2013-11-12,2013-11-24,2013-11-24,fb2aeef4bbcfe0ac5680936f3b5b05d0,2013-11-24,2013-11-24,
2543,969199979,H,2013-11-12,2013-12-07,24,Online,9,6666,2812318.74,2431023.54,381295.2,2013-11-12,2013-12-07,2013-12-07,b831099646665d982d45b56dcf25fa89,2013-12-07,2013-12-07,
2544,933699119,C,2013-11-13,2013-11-24,101,Offline,3,1173,95869.29,66473.91,29395.38,2013-11-13,2013-11-24,2013-11-24,63f17928fc311a90ca77785027c6904a,2013-11-24,2013-11-24,
2545,363952434,H,2013-11-14,2013-11-15,99,Online,5,468,71407.44,45601.92,25805.52,2013-11-14,2013-11-15,2013-11-15,7c21da39acf4344a34d2a8cf4a8217b6,2013-11-15,2013-11-15,
2546,700699698,H,2013-11-14,2013-12-23,42,Online,10,1467,641372.4,386305.11,255067.29,2013-11-14,2013-12-23,2013-12-23,6f21005a41315a02f57fab9b6e3445b1,2013-12-23,2013-12-23,
2547,471911561,C,2013-11-14,2013-12-24,78,Online,11,7973,5192097.33,4185506.08,1006591.25,2013-11-14,2013-12-24,2013-12-24,d14fe4e171ce1ab5148f807ed85e3e29,2013-12-24,2013-12-24,
2548,459277713,M,2013-11-15,2013-12-04,160,Online,9,9336,3938765.04,3404745.84,534019.2,2013-11-15,2013-12-04,2013-12-04,68843dfe6b818d5cd08654ff934950e1,2013-12-04,2013-12-04,
2549,821056640,H,2013-11-15,2014-01-03,74,Online,2,7760,368212,246690.4,121521.6,2013-11-15,2014-01-03,2014-01-03,6ee86d1dc295f7bb3d19ad46de6781b4,2014-01-03,2014-01-03,
2550,116154515,M,2013-11-16,2013-11-24,81,Offline,3,1557,127253.61,88235.19,39018.42,2013-11-16,2013-11-24,2013-11-24,795eb67ce3558c905fbcce056e87da1f,2013-11-24,2013-11-24,
2551,205339896,C,2013-11-17,2013-11-20,115,Online,11,3493,2274676.53,1833685.28,440991.25,2013-11-17,2013-11-20,2013-11-20,2ae2122c0bba679de15d6af8b006ca50,2013-11-20,2013-11-20,
2552,703966844,C,2013-11-18,2013-11-30,30,Offline,5,8288,1264583.04,807582.72,457000.32,2013-11-18,2013-11-30,2013-11-30,2f2e6069bf3554483adda36cfc4db68e,2013-11-30,2013-11-30,
2553,169721019,H,2013-11-18,2013-12-03,176,Offline,7,3076,632733.2,360230.36,272502.84,2013-11-18,2013-12-03,2013-12-03,6b8ce2665e12b80f081e13f1fa036845,2013-12-03,2013-12-03,
2554,504303634,C,2013-11-19,2013-11-22,61,Online,11,3507,2283793.47,1841034.72,442758.75,2013-11-19,2013-11-22,2013-11-22,3c90008130c4a8f4aa4d21ae36317c93,2013-11-22,2013-11-22,
2555,994744050,M,2013-11-19,2013-12-04,110,Offline,6,5725,881993.5,520574.25,361419.25,2013-11-19,2013-12-04,2013-12-04,82cf148f78275c8d4e04c114cfa46b4b,2013-12-04,2013-12-04,
2556,144689357,M,2013-11-19,2013-12-12,173,Online,8,5651,1442587.28,900882.42,541704.86,2013-11-19,2013-12-12,2013-12-12,af2460e44a9865f85ae7e87e888d8c34,2013-12-12,2013-12-12,
2557,745253551,H,2013-11-19,2013-12-12,102,Online,3,5942,485639.66,336733.14,148906.52,2013-11-19,2013-12-12,2013-12-12,6b860145e33178da4d96b66a9a589349,2013-12-12,2013-12-12,
2558,896900069,H,2013-11-20,2013-12-12,93,Online,3,1516,123902.68,85911.72,37990.96,2013-11-20,2013-12-12,2013-12-12,b5936805bcf4ea91ca5bf4a93a551215,2013-12-12,2013-12-12,
2559,805077970,H,2013-11-21,2013-12-19,159,Online,1,9317,86927.61,64473.64,22453.97,2013-11-21,2013-12-19,2013-12-19,5dcc6b9b2e05688c80b677c59ea97271,2013-12-19,2013-12-19,
2560,227262771,L,2013-11-21,2014-01-06,52,Online,11,959,624510.39,503436.64,121073.75,2013-11-21,2014-01-06,2014-01-06,260c46e016707cb4fa0099e5ad48ee1d,2014-01-06,2014-01-06,
2561,844554078,C,2013-11-22,2013-12-06,149,Online,7,1174,241491.8,137487.14,104004.66,2013-11-22,2013-12-06,2013-12-06,c4c6ec1582e88db9ca01dda964451bea,2013-12-06,2013-12-06,
2562,418385398,M,2013-11-22,2013-12-24,69,Offline,1,8392,78297.36,58072.64,20224.72,2013-11-22,2013-12-24,2013-12-24,419da75f5e892bec341efb7328de86ae,2013-12-24,2013-12-24,
2563,763437211,M,2013-11-22,2014-01-03,183,Online,9,6891,2907243.99,2513078.79,394165.2,2013-11-22,2014-01-03,2014-01-03,a2f43f2b5146a8e6da6163a1604290c8,2014-01-03,2014-01-03,
2564,657170665,M,2013-11-23,2013-11-24,16,Online,11,258,168012.18,135439.68,32572.5,2013-11-23,2013-11-24,2013-11-24,ef56e957e373c8fcd04b669bcbb4e6ee,2013-11-24,2013-11-24,
2565,784021556,H,2013-11-23,2013-12-02,124,Offline,10,8256,3609523.2,2174052.48,1435470.72,2013-11-23,2013-12-02,2013-12-02,ca30718d102d06841688013939669c2a,2013-12-02,2013-12-02,
2566,742380797,H,2013-11-23,2013-12-16,56,Offline,6,5830,898169.8,530121.9,368047.9,2013-11-23,2013-12-16,2013-12-16,ffe4b0fcc8fb5f8fc15a1634883e82bd,2013-12-16,2013-12-16,
2567,975026166,M,2013-11-24,2013-12-15,113,Online,3,765,62523.45,43352.55,19170.9,2013-11-24,2013-12-15,2013-12-15,c938396176c520844737ce668989f6be,2013-12-15,2013-12-15,
2568,187196576,C,2013-11-24,2013-12-27,130,Offline,4,4482,489792.96,160634.88,329158.08,2013-11-24,2013-12-27,2013-12-27,257cadcd27c2b3d1b4b7292118265e62,2013-12-27,2013-12-27,
2569,411537396,C,2013-11-25,2013-12-03,119,Online,10,1916,837675.2,504540.28,333134.92,2013-11-25,2013-12-03,2013-12-03,8fcd3306302af2982d67ec7fb50e0fc1,2013-12-03,2013-12-03,
2570,523707807,M,2013-11-25,2013-12-16,32,Online,6,5633,867819.98,512208.69,355611.29,2013-11-25,2013-12-16,2013-12-16,d3639e48961c2655263e59e69a23b1b2,2013-12-16,2013-12-16,
2571,299366986,M,2013-11-25,2014-01-10,82,Offline,8,8199,2093040.72,1307084.58,785956.14,2013-11-25,2014-01-10,2014-01-10,6253f17ce81d2f9a144013289b37b72f,2014-01-10,2014-01-10,
2572,635878217,C,2013-11-26,2013-12-30,81,Online,3,9350,764175.5,529864.5,234311,2013-11-26,2013-12-30,2013-12-30,2ca869d36f6e05dfbf2138dd7b168996,2013-12-30,2013-12-30,
2573,775008904,M,2013-11-26,2014-01-02,4,Online,8,1212,309399.36,193217.04,116182.32,2013-11-26,2014-01-02,2014-01-02,f1bd037d5c2e49d0e30f4159ca81954c,2014-01-02,2014-01-02,
2574,469197165,C,2013-11-27,2013-12-11,139,Online,2,4723,224106.35,150144.17,73962.18,2013-11-27,2013-12-11,2013-12-11,4b2ed1abf68db7015473f3827a003b20,2013-12-11,2013-12-11,
2575,596166074,H,2013-11-27,2014-01-13,88,Offline,8,7644,1951360.32,1218606.48,732753.84,2013-11-27,2014-01-13,2014-01-13,bf4041247d23d59cc0c4f0f011ab70ca,2014-01-13,2014-01-13,
2576,990455090,M,2013-11-30,2013-12-14,18,Online,12,6526,4361130.02,3279576.04,1081553.98,2013-11-30,2013-12-14,2013-12-14,1ff1c135737e133e5a8529504e420b05,2013-12-14,2013-12-14,
2577,555745828,L,2013-12-01,2013-12-10,165,Offline,10,6395,2795894,1683995.35,1111898.65,2013-12-01,2013-12-10,2013-12-10,40492ce37bf94af4bf737997c0eca70e,2013-12-10,2013-12-10,
2578,958929479,C,2013-12-01,2013-12-26,117,Offline,12,7397,4943193.19,3717288.38,1225904.81,2013-12-01,2013-12-26,2013-12-26,fe1a887334412b4909d4f4796f1cc1e0,2013-12-26,2013-12-26,
2579,713532245,L,2013-12-02,2014-01-03,89,Online,7,8902,1831141.4,1042513.22,788628.18,2013-12-02,2014-01-03,2014-01-03,8b50f8a608240fff4f1321a296980ab5,2014-01-03,2014-01-03,
2580,162677323,L,2013-12-02,2014-01-11,159,Offline,3,8690,710233.7,492462.3,217771.4,2013-12-02,2014-01-11,2014-01-11,6f0885c1b14e74807fd20ee864ac07a1,2014-01-11,2014-01-11,
2581,588609969,C,2013-12-03,2013-12-26,150,Offline,12,1625,1085938.75,816627.5,269311.25,2013-12-03,2013-12-26,2013-12-26,59eb95d76dd0f2b2b8691476bf9f8da8,2013-12-26,2013-12-26,
2582,975184524,H,2013-12-03,2014-01-17,95,Offline,6,7626,1174861.56,693432.18,481429.38,2013-12-03,2014-01-17,2014-01-17,50a5cf65e2aad84b1d6f1f9f2a71d320,2014-01-17,2014-01-17,
2583,334908187,L,2013-12-04,2013-12-11,168,Offline,1,5630,52527.9,38959.6,13568.3,2013-12-04,2013-12-11,2013-12-11,ee3a8f672401fb66da4d8902924ef948,2013-12-11,2013-12-11,
2584,673702085,H,2013-12-04,2013-12-24,59,Online,10,2273,993755.6,598549.09,395206.51,2013-12-04,2013-12-24,2013-12-24,bcfafc239026c229e51adecff129a1d4,2013-12-24,2013-12-24,
2585,282916247,H,2013-12-04,2013-12-29,161,Offline,2,59,2799.55,1875.61,923.94,2013-12-04,2013-12-29,2013-12-29,9d1b602404cec8aed4c0414d4ad04d85,2013-12-29,2013-12-29,
2586,486318671,L,2013-12-05,2013-12-11,41,Offline,9,1357,572504.73,494884.33,77620.4,2013-12-05,2013-12-11,2013-12-11,96c178c6d0e49e08ca0c996302e4b537,2013-12-11,2013-12-11,
2587,660832202,M,2013-12-06,2014-01-24,60,Online,3,3789,309674.97,214722.63,94952.34,2013-12-06,2014-01-24,2014-01-24,1a32dbc9bc4472b767f47e25e50281a3,2014-01-24,2014-01-24,
2588,421456849,M,2013-12-07,2013-12-10,127,Online,9,7302,3080640.78,2662966.38,417674.4,2013-12-07,2013-12-10,2013-12-10,5ef040fe8022d05757ec6a45575cdcd4,2013-12-10,2013-12-10,
2589,853883445,H,2013-12-07,2014-01-10,39,Online,12,1941,1297112.07,975430.14,321681.93,2013-12-07,2014-01-10,2014-01-10,b20abb83bd04e6e4a01841986171103f,2014-01-10,2014-01-10,
2590,874349772,M,2013-12-08,2014-01-04,43,Online,2,8383,397773.35,266495.57,131277.78,2013-12-08,2014-01-04,2014-01-04,c227083d965ecc4a3a054d25c77af10e,2014-01-04,2014-01-04,
2591,955466639,C,2013-12-08,2014-01-27,160,Online,3,2666,217892.18,151082.22,66809.96,2013-12-08,2014-01-27,2014-01-27,dd5213def17e631554f5732cd3ad7b31,2014-01-27,2014-01-27,
2592,171612298,H,2013-12-09,2014-01-14,131,Offline,12,2747,1835737.69,1380477.38,455260.31,2013-12-09,2014-01-14,2014-01-14,4f9fe8b358dac31c82b7aea3ee8d75ba,2014-01-14,2014-01-14,
2593,639185702,H,2013-12-10,2013-12-15,3,Offline,3,8108,662666.84,459480.36,203186.48,2013-12-10,2013-12-15,2013-12-15,4b6790d5875cb387b629561ecbc713f6,2013-12-15,2013-12-15,
2594,979200112,C,2013-12-14,2013-12-30,167,Online,9,5928,2500963.92,2161882.32,339081.6,2013-12-14,2013-12-30,2013-12-30,53a1f0a4d951dc43f486e4a9350962f3,2013-12-30,2013-12-30,
2595,962591016,C,2013-12-14,2014-01-05,162,Offline,4,927,101302.56,33223.68,68078.88,2013-12-14,2014-01-05,2014-01-05,eeee7919cd0d341ea57d3eaa71ab428b,2014-01-05,2014-01-05,
2596,974988830,H,2013-12-14,2014-01-26,16,Online,2,9716,461024.2,308871.64,152152.56,2013-12-14,2014-01-26,2014-01-26,41fe5a03c633300c768b58f3f8e59c21,2014-01-26,2014-01-26,
2597,257806909,C,2013-12-15,2013-12-21,99,Online,5,9648,1472091.84,940101.12,531990.72,2013-12-15,2013-12-21,2013-12-21,61b34b9f08e9bf8637409841dd9a8d35,2013-12-21,2013-12-21,
2598,812637078,M,2013-12-15,2014-01-05,45,Offline,1,6225,58079.25,43077,15002.25,2013-12-15,2014-01-05,2014-01-05,fe97e42be691834fd963283266498c53,2014-01-05,2014-01-05,
2599,727426946,L,2013-12-15,2014-02-03,34,Offline,6,653,100601.18,59377.29,41223.89,2013-12-15,2014-02-03,2014-02-03,5ba4793ec3696c3fc394ad7c44e2e0d3,2014-02-03,2014-02-03,
2600,631511580,M,2013-12-17,2013-12-23,17,Online,5,7165,1093235.7,698157.6,395078.1,2013-12-17,2013-12-23,2013-12-23,d5fb40ba11f9034ae816dfddd721b162,2013-12-23,2013-12-23,
2601,512965238,C,2013-12-17,2014-01-07,70,Online,8,6668,1702207.04,1063012.56,639194.48,2013-12-17,2014-01-07,2014-01-07,cdccf6ea58758100af70221f1fd12066,2014-01-07,2014-01-07,
2602,363365352,H,2013-12-17,2014-02-01,173,Offline,12,6737,4502134.99,3385611.98,1116523.01,2013-12-17,2014-02-01,2014-02-01,b1fe3d93230891cf70d2b97d8a209c38,2014-02-01,2014-02-01,
2603,552205312,H,2013-12-18,2013-12-25,181,Online,7,8678,1785064.6,1016280.58,768784.02,2013-12-18,2013-12-25,2013-12-25,9699520d892db39bad23b5ade3ea2d90,2013-12-25,2013-12-25,
2604,132294547,H,2013-12-18,2014-01-10,31,Offline,9,7751,3270069.39,2826712.19,443357.2,2013-12-18,2014-01-10,2014-01-10,fc0fe0d47fecbde0d5d5589e95c4e3e2,2014-01-10,2014-01-10,
2605,581330239,H,2013-12-18,2014-02-05,48,Online,11,7391,4813093.11,3879979.36,933113.75,2013-12-18,2014-02-05,2014-02-05,3993d2b48ef4341ff6fceb7fb44a404b,2014-02-05,2014-02-05,
2606,236042392,H,2013-12-19,2014-01-26,88,Offline,11,9044,5889543.24,4747738.24,1141805,2013-12-19,2014-01-26,2014-01-26,497c52f1aa541ca270d069a3f6ba864e,2014-01-26,2014-01-26,
2607,957081544,M,2013-12-20,2014-01-11,70,Online,8,552,140914.56,87999.84,52914.72,2013-12-20,2014-01-11,2014-01-11,3653bd763b3e00d3687fa9b146632cc0,2014-01-11,2014-01-11,
2608,169133937,H,2013-12-21,2013-12-31,48,Online,5,9345,1425860.1,910576.8,515283.3,2013-12-21,2013-12-31,2013-12-31,a227006d9fd8049f941b1c8bf7d38ffb,2013-12-31,2013-12-31,
2609,711566293,M,2013-12-22,2013-12-26,15,Offline,10,7133,3118547.6,1878332.89,1240214.71,2013-12-22,2013-12-26,2013-12-26,cf561f941f81be9f0dd7a3cda68ec147,2013-12-26,2013-12-26,
2610,181413733,C,2013-12-22,2013-12-27,60,Online,12,3210,2145146.7,1613153.4,531993.3,2013-12-22,2013-12-27,2013-12-27,04f4bcc2ee6a7b9e0d8452a6573ea4d7,2013-12-27,2013-12-27,
2611,898477637,M,2013-12-22,2014-01-07,173,Offline,6,8354,1287017.24,759629.22,527388.02,2013-12-22,2014-01-07,2014-01-07,99245f33822e344ad2339e09b3942bdc,2014-01-07,2014-01-07,
2612,607582414,M,2013-12-22,2014-01-30,131,Offline,9,5993,2528386.77,2185587.17,342799.6,2013-12-22,2014-01-30,2014-01-30,b2aa80b0d6add7ef79da4481bb280d5a,2014-01-30,2014-01-30,
2613,551261174,M,2013-12-23,2013-12-30,65,Online,10,9287,4060276.4,2445545.71,1614730.69,2013-12-23,2013-12-30,2013-12-30,e89b79488a5b1d0e26a2ba31c1f7743a,2013-12-30,2013-12-30,
2614,387098824,H,2013-12-23,2014-01-04,169,Offline,3,9999,817218.27,566643.33,250574.94,2013-12-23,2014-01-04,2014-01-04,eff2e58ed950c1b22b5da09301ec09af,2014-01-04,2014-01-04,
2615,952280175,M,2013-12-23,2014-01-15,152,Offline,3,9720,794415.6,550832.4,243583.2,2013-12-23,2014-01-15,2014-01-15,7cd22c4e0887a637b647afe5a028edcd,2014-01-15,2014-01-15,
2616,104390132,L,2013-12-23,2014-01-23,131,Online,1,215,2005.95,1487.8,518.15,2013-12-23,2014-01-23,2014-01-23,ad1cbeffd51ae2b712d4de748f687780,2014-01-23,2014-01-23,
2617,663549602,M,2013-12-23,2014-02-06,72,Online,12,7927,5297376.29,3983634.58,1313741.71,2013-12-23,2014-02-06,2014-02-06,d10ddc34d9a9ad1076761c11ab9937ad,2014-02-06,2014-02-06,
2618,195268094,L,2013-12-26,2014-01-21,8,Online,3,3023,247069.79,171313.41,75756.38,2013-12-26,2014-01-21,2014-01-21,cfed958121eeb6a3964ad3485d93c441,2014-01-21,2014-01-21,
2619,141111505,C,2013-12-26,2014-02-08,150,Offline,1,6885,64237.05,47644.2,16592.85,2013-12-26,2014-02-08,2014-02-08,023ef34fb6061ee37faf204c27d3c112,2014-02-08,2014-02-08,
2620,860104024,M,2013-12-27,2013-12-30,134,Offline,10,2749,1201862.8,723894.17,477968.63,2013-12-27,2013-12-30,2013-12-30,fa5277f5838d11b6e71ffcdf2a2b5d30,2013-12-30,2013-12-30,
2621,544177138,L,2013-12-27,2014-01-30,103,Online,1,2963,27644.79,20503.96,7140.83,2013-12-27,2014-01-30,2014-01-30,ee456b75df9a69b37b96928df934e6ab,2014-01-30,2014-01-30,
2622,500607764,L,2013-12-27,2014-02-14,148,Offline,10,9817,4291992.4,2585110.61,1706881.79,2013-12-27,2014-02-14,2014-02-14,1902ba4ae6c77f4bd9d86afa41df3f0a,2014-02-14,2014-02-14,
2623,866125905,L,2013-12-28,2013-12-29,71,Online,12,4757,3178960.39,2390582.78,788377.61,2013-12-28,2013-12-29,2013-12-29,9d89e4671631e59a5476b4c861197a0a,2013-12-29,2013-12-29,
2624,329951465,C,2013-12-28,2014-01-02,8,Online,12,8825,5897482.75,4434915.5,1462567.25,2013-12-28,2014-01-02,2014-01-02,60ad5d0595e39e9090dbfa7d3780b66f,2014-01-02,2014-01-02,
2625,751790845,C,2013-12-28,2014-02-06,81,Online,9,472,199132.08,172133.68,26998.4,2013-12-28,2014-02-06,2014-02-06,94e38c4071691271f799484aa7d8b222,2014-02-06,2014-02-06,
2626,793195569,L,2013-12-29,2014-01-24,20,Offline,3,3050,249276.5,172843.5,76433,2013-12-29,2014-01-24,2014-01-24,9fb69b1f14ed4aac1afa76a40505fa23,2014-01-24,2014-01-24,
2627,691140305,L,2013-12-30,2014-01-08,107,Offline,10,2630,1149836,692557.9,457278.1,2013-12-30,2014-01-08,2014-01-08,3244431b995ac1dba2fe95b5c799f874,2014-01-08,2014-01-08,
2628,940512788,M,2013-12-30,2014-01-25,152,Offline,3,7489,612075.97,424401.63,187674.34,2013-12-30,2014-01-25,2014-01-25,723b9950b6a223b6fc7a045d98d7ac2d,2014-01-25,2014-01-25,
2629,104548490,M,2014-01-01,2014-01-05,33,Online,8,7076,1806361.28,1128055.92,678305.36,2014-01-01,2014-01-05,2014-01-05,de76faad92955e2b8c1a09da718fd727,2014-01-05,2014-01-05,
2630,661543309,H,2014-01-01,2014-01-20,27,Offline,11,4221,2748757.41,2215856.16,532901.25,2014-01-01,2014-01-20,2014-01-20,28ba38de5025b42370c375f42a92807c,2014-01-20,2014-01-20,
2631,759151256,H,2014-01-02,2014-01-13,56,Offline,11,8581,5588033.01,4504681.76,1083351.25,2014-01-02,2014-01-13,2014-01-13,f69ee19292b07a2f4dccc784ffb70b77,2014-01-13,2014-01-13,
2632,561534678,L,2014-01-02,2014-01-29,43,Online,3,9445,771939.85,535248.15,236691.7,2014-01-02,2014-01-29,2014-01-29,fee31eab2f38125a3e1cca8b5a29e901,2014-01-29,2014-01-29,
2633,665518558,L,2014-01-02,2014-02-14,179,Online,1,585,5458.05,4048.2,1409.85,2014-01-02,2014-02-14,2014-02-14,124432f268af48a82489984342b12359,2014-02-14,2014-02-14,
2634,123086202,M,2014-01-02,2014-02-20,164,Offline,8,2797,714018.16,445897.74,268120.42,2014-01-02,2014-02-20,2014-02-20,1349e06ec210be9a80df82da586e4152,2014-02-20,2014-02-20,
2635,128990066,H,2014-01-03,2014-01-24,76,Online,10,9882,4320410.4,2602227.06,1718183.34,2014-01-03,2014-01-24,2014-01-24,03984fd17f7b703f248671b648cea3dd,2014-01-24,2014-01-24,
2636,633992946,H,2014-01-04,2014-01-06,5,Offline,1,1456,13584.48,10075.52,3508.96,2014-01-04,2014-01-06,2014-01-06,e01c67e059674aeb3e6235682e6f29a5,2014-01-06,2014-01-06,
2637,706805264,L,2014-01-04,2014-01-07,122,Online,8,8239,2103251.92,1313461.38,789790.54,2014-01-04,2014-01-07,2014-01-07,58348db4ca8e7a882e568d6585197171,2014-01-07,2014-01-07,
2638,444798934,M,2014-01-04,2014-01-20,28,Online,12,4744,3170272.88,2384049.76,786223.12,2014-01-04,2014-01-20,2014-01-20,278e0d61d7408695d151687590d01960,2014-01-20,2014-01-20,
2639,288941133,M,2014-01-04,2014-02-16,60,Offline,7,2957,608254.9,346294.27,261960.63,2014-01-04,2014-02-16,2014-02-16,126f43945b66e5f4b2bdb2cdb8bb31bf,2014-02-16,2014-02-16,
2640,571531808,M,2014-01-04,2014-02-22,80,Offline,8,7818,1995779.04,1246345.56,749433.48,2014-01-04,2014-02-22,2014-02-22,142958ef0e1b5a96ac472fc610794703,2014-02-22,2014-02-22,
2641,594280803,M,2014-01-05,2014-01-21,177,Offline,12,9751,6516300.77,4900267.54,1616033.23,2014-01-05,2014-01-21,2014-01-21,f024b96db1e4a1676851067c32a44fb6,2014-01-21,2014-01-21,
2642,702357947,L,2014-01-05,2014-02-04,138,Offline,3,2179,178089.67,123483.93,54605.74,2014-01-05,2014-02-04,2014-02-04,db0f44f9a6cd6744d6019e66d6d416e4,2014-02-04,2014-02-04,
2643,619194447,L,2014-01-05,2014-02-07,102,Online,6,2252,346943.12,204774.36,142168.76,2014-01-05,2014-02-07,2014-02-07,9c83bc4a91a099fe0ea615b1a9b4cad1,2014-02-07,2014-02-07,
2644,351166236,C,2014-01-05,2014-02-21,71,Offline,9,6748,2846913.72,2460928.12,385985.6,2014-01-05,2014-02-21,2014-02-21,bb918b1099a0e39b5260dff07a416956,2014-02-21,2014-02-21,
2645,460935962,H,2014-01-06,2014-01-16,62,Online,8,49,12508.72,7811.58,4697.14,2014-01-06,2014-01-16,2014-01-16,19078d939fc3f5bb2bcf59a83be34c60,2014-01-16,2014-01-16,
2646,768676316,L,2014-01-06,2014-02-08,5,Offline,6,7259,1118321.54,660060.87,458260.67,2014-01-06,2014-02-08,2014-02-08,2aa5f53764664dc33e31c89bcd3c2c7b,2014-02-08,2014-02-08,
2647,716566359,M,2014-01-07,2014-02-01,82,Online,12,6764,4520178.28,3399180.56,1120997.72,2014-01-07,2014-02-01,2014-02-01,f14154403ccb5ff3997b86f37222db16,2014-02-01,2014-02-01,
2648,689370048,M,2014-01-07,2014-02-10,60,Offline,3,8771,716853.83,497052.57,219801.26,2014-01-07,2014-02-10,2014-02-10,e4734cf03b2a6264e614b314fa8b5d4d,2014-02-10,2014-02-10,
2649,464911210,L,2014-01-07,2014-02-10,23,Offline,5,6413,978495.54,624882.72,353612.82,2014-01-07,2014-02-10,2014-02-10,dce61c56361a26e8821bfe732bfa91c6,2014-02-10,2014-02-10,
2650,867976844,M,2014-01-08,2014-02-01,41,Online,2,2491,118197.95,79188.89,39009.06,2014-01-08,2014-02-01,2014-02-01,0221e363e894982cd7a44e10d072cb11,2014-02-01,2014-02-01,
2651,714165675,C,2014-01-08,2014-02-02,172,Offline,2,6348,301212.6,201802.92,99409.68,2014-01-08,2014-02-02,2014-02-02,5cb2890fa0e6d1cc5e74e437a350496f,2014-02-02,2014-02-02,
2652,593336665,M,2014-01-09,2014-01-24,21,Offline,4,359,39231.52,12866.56,26364.96,2014-01-09,2014-01-24,2014-01-24,a120d9a25f3620279e6e033bc3bc650c,2014-01-24,2014-01-24,
2653,732703387,H,2014-01-09,2014-01-28,90,Online,2,2069,98174.05,65773.51,32400.54,2014-01-09,2014-01-28,2014-01-28,5b7e5dc0a1c01ba7eaee68310eb7a0c4,2014-01-28,2014-01-28,
2654,651704537,H,2014-01-09,2014-01-30,103,Online,12,2710,1811011.7,1361883.4,449128.3,2014-01-09,2014-01-30,2014-01-30,ffc6a1dd8a24ccb9106cedfa9a23a4e4,2014-01-30,2014-01-30,
2655,104706847,H,2014-01-10,2014-02-07,181,Online,12,3938,2631647.26,1979002.52,652644.74,2014-01-10,2014-02-07,2014-02-07,2af53b61de001c7484c9dbc0ebeecaba,2014-02-07,2014-02-07,
2656,279338395,L,2014-01-10,2014-02-24,153,Online,7,1293,265970.1,151423.23,114546.87,2014-01-10,2014-02-24,2014-02-24,bde215e87041ccee9f7821fbaa324095,2014-02-24,2014-02-24,
2657,906508815,H,2014-01-13,2014-01-23,144,Online,4,4958,541810.24,177694.72,364115.52,2014-01-13,2014-01-23,2014-01-23,6301ded1a54a5a339af78a8718ed40fb,2014-01-23,2014-01-23,
2658,605026376,H,2014-01-13,2014-02-18,76,Offline,12,9604,6418065.08,4826394.16,1591670.92,2014-01-13,2014-02-18,2014-02-18,292c9492f95977797e3d1baa1a57a9c2,2014-02-18,2014-02-18,
2659,634033286,M,2014-01-14,2014-01-15,108,Offline,3,3394,277391.62,192337.98,85053.64,2014-01-14,2014-01-15,2014-01-15,8e42894ef85d63f8726f89d6b1895970,2014-01-15,2014-01-15,
2660,887263000,M,2014-01-15,2014-01-31,133,Online,9,9693,4089379.77,3534940.17,554439.6,2014-01-15,2014-01-31,2014-01-31,46b7a6011883af21a08ccfb625aa1b7f,2014-01-31,2014-01-31,
2661,172245728,M,2014-01-15,2014-02-14,17,Online,11,194,126334.74,101842.24,24492.5,2014-01-15,2014-02-14,2014-02-14,d5eaf1d4e24b7e7b2e1da59f018db79c,2014-02-14,2014-02-14,
2662,766788041,L,2014-01-15,2014-02-16,1,Offline,11,8476,5519655.96,4449560.96,1070095,2014-01-15,2014-02-16,2014-02-16,01ba1bb91b2474c7ec34c71062ada092,2014-02-16,2014-02-16,
2663,298978602,M,2014-01-16,2014-01-28,147,Offline,4,3267,357017.76,117089.28,239928.48,2014-01-16,2014-01-28,2014-01-28,d9c8b5a84f8990ce05fadb69b3a3d62a,2014-01-28,2014-01-28,
2664,889309632,C,2014-01-16,2014-02-26,159,Online,10,5337,2333336.4,1405392.21,927944.19,2014-01-16,2014-02-26,2014-02-26,ef6746cb24ed3b267dd87e7a8748b75d,2014-02-26,2014-02-26,
2666,990774810,C,2014-01-17,2014-02-18,101,Offline,12,1138,760491.26,571890.52,188600.74,2014-01-17,2014-02-18,2014-02-18,ac3d27a4e2a569a0b8938a799c0f607f,2014-02-18,2014-02-18,
2667,801816833,M,2014-01-17,2014-03-03,95,Online,2,4274,202801.3,135870.46,66930.84,2014-01-17,2014-03-03,2014-03-03,548fe2d7cf27d98344876fd14dd84b8f,2014-03-03,2014-03-03,
2668,454010283,H,2014-01-20,2014-01-30,68,Online,5,587,89564.46,57197.28,32367.18,2014-01-20,2014-01-30,2014-01-30,dc052c74dd63c1af8f2637310237d19f,2014-01-30,2014-01-30,
2669,622383916,H,2014-01-20,2014-02-18,41,Offline,8,6086,1553634.08,970230.12,583403.96,2014-01-20,2014-02-18,2014-02-18,3a959ec3481266490cc1b1aea5a7e3f4,2014-02-18,2014-02-18,
2670,302245748,M,2014-01-20,2014-02-25,95,Online,11,88,57306.48,46196.48,11110,2014-01-20,2014-02-25,2014-02-25,e50c9050fe0de9fa241573a8d8c6adc4,2014-02-25,2014-02-25,
2671,724085128,M,2014-01-21,2014-02-10,75,Offline,1,1735,16187.55,12006.2,4181.35,2014-01-21,2014-02-10,2014-02-10,ec4f2029d20897f4ca6abaf25041ec08,2014-02-10,2014-02-10,
2672,734318292,M,2014-01-21,2014-03-04,28,Online,11,9956,6483446.76,5226501.76,1256945,2014-01-21,2014-03-04,2014-03-04,1227560557a6d0efbc40098c9c5cd362,2014-03-04,2014-03-04,
2673,388794410,H,2014-01-24,2014-02-24,162,Online,4,1761,192442.08,63114.24,129327.84,2014-01-24,2014-02-24,2014-02-24,bd8a64fc1095f583d3b4949dee845de4,2014-02-24,2014-02-24,
2674,294689643,H,2014-01-26,2014-02-07,55,Online,7,4069,836993.3,476520.59,360472.71,2014-01-26,2014-02-07,2014-02-07,5879ca32ca5b915d439c1c5ba5f5862e,2014-02-07,2014-02-07,
2675,945435178,C,2014-01-26,2014-02-15,8,Online,7,4134,850363.8,484132.74,366231.06,2014-01-26,2014-02-15,2014-02-15,dd163631ab8a651b2c4c6532a1bef819,2014-02-15,2014-02-15,
2676,442360913,C,2014-01-26,2014-03-05,70,Online,1,3279,30593.07,22690.68,7902.39,2014-01-26,2014-03-05,2014-03-05,9613dcfb6b21632a9b2922b5d3e5d7db,2014-03-05,2014-03-05,
2677,359197413,L,2014-01-26,2014-03-08,75,Online,8,3352,855698.56,534375.84,321322.72,2014-01-26,2014-03-08,2014-03-08,c2e09795c0dd18b636e0d4ac81e74d20,2014-03-08,2014-03-08,
2678,205386245,H,2014-01-26,2014-03-09,173,Offline,8,7209,1840313.52,1149258.78,691054.74,2014-01-26,2014-03-09,2014-03-09,50b5ba3ea04dd7f563a55b5bed6c2d8e,2014-03-09,2014-03-09,
2679,352939498,H,2014-01-26,2014-03-10,119,Offline,4,1495,163373.6,53580.8,109792.8,2014-01-26,2014-03-10,2014-03-10,edb2ad25f7c7d5e7174af452d9d9b848,2014-03-10,2014-03-10,
2680,716411006,L,2014-01-27,2014-02-17,139,Online,3,792,64730.16,44882.64,19847.52,2014-01-27,2014-02-17,2014-02-17,5cccb891d8cb17ff1ce1d6b21f2c36e1,2014-02-17,2014-02-17,
2681,115846812,C,2014-01-27,2014-02-18,121,Online,7,501,103055.7,58672.11,44383.59,2014-01-27,2014-02-18,2014-02-18,e0a81f4196b7f79e0665ccfc0e4433e8,2014-02-18,2014-02-18,
2682,608451879,C,2014-01-27,2014-03-01,127,Online,8,3287,839105.36,524013.54,315091.82,2014-01-27,2014-03-01,2014-03-01,678b60c450bb571a3e6e787bb28b3d18,2014-03-01,2014-03-01,
2683,155086886,M,2014-01-28,2014-02-05,45,Offline,10,2511,1097809.2,661221.63,436587.57,2014-01-28,2014-02-05,2014-02-05,e1f003eae6fe27d0211884e68bb6331a,2014-02-05,2014-02-05,
2684,545636689,H,2014-01-29,2014-02-01,72,Offline,12,4876,3258484.52,2450385.04,808099.48,2014-01-29,2014-02-01,2014-02-01,6c4b44c7b6f5d79d367ae39e9a6b48aa,2014-02-01,2014-02-01,
2685,238132369,C,2014-01-29,2014-03-01,157,Online,7,7515,1545835.5,880081.65,665753.85,2014-01-29,2014-03-01,2014-03-01,a1e6aa21a6fab3132a611a3920628273,2014-03-01,2014-03-01,
2686,462591207,L,2014-01-29,2014-03-01,15,Offline,5,9873,1506422.34,962025.12,544397.22,2014-01-29,2014-03-01,2014-03-01,6071001f3271985ca2edb3b1700b7f3c,2014-03-01,2014-03-01,
2687,973733985,L,2014-01-29,2014-03-06,68,Offline,4,8380,915766.4,300339.2,615427.2,2014-01-29,2014-03-06,2014-03-06,de5e426700e87621a47b9742a7e7b197,2014-03-06,2014-03-06,
2688,944609057,L,2014-01-30,2014-03-16,28,Online,9,9666,4077988.74,3525093.54,552895.2,2014-01-30,2014-03-16,2014-03-16,628f73eedec981e0a3f8afda977e75e3,2014-03-16,2014-03-16,
2689,967122018,M,2014-01-31,2014-02-12,132,Online,11,1752,1140919.92,919729.92,221190,2014-01-31,2014-02-12,2014-02-12,62777ef0d8b2c7e8411d20ac7ecfbb73,2014-02-12,2014-02-12,
2690,422288978,L,2014-02-02,2014-02-21,116,Online,11,3548,2310493.08,1862558.08,447935,2014-02-02,2014-02-21,2014-02-21,4ddb475ff4912a1a0aca486635469ab8,2014-02-21,2014-02-21,
2691,688270556,L,2014-02-02,2014-03-04,15,Offline,3,3407,278454.11,193074.69,85379.42,2014-02-02,2014-03-04,2014-03-04,d49523b91423a8ab292f9ed1189bc3e5,2014-03-04,2014-03-04,
2692,636278617,H,2014-02-02,2014-03-22,23,Online,1,7837,73119.21,54232.04,18887.17,2014-02-02,2014-03-22,2014-03-22,db4343efc9a7bd9f0a04406b1ab16352,2014-03-22,2014-03-22,
2693,683941256,H,2014-02-03,2014-03-06,9,Offline,3,2271,185608.83,128697.57,56911.26,2014-02-03,2014-03-06,2014-03-06,d741d5ba4b15ecfeefad7e8345e858e6,2014-03-06,2014-03-06,
2694,496321809,L,2014-02-05,2014-02-23,40,Online,10,1507,658860.4,396838.31,262022.09,2014-02-05,2014-02-23,2014-02-23,57a6a1b1f35b5b724b93ab720461a4b1,2014-02-23,2014-02-23,
2695,968106496,M,2014-02-06,2014-02-17,174,Online,12,3080,2058271.6,1547823.2,510448.4,2014-02-06,2014-02-17,2014-02-17,5b9f734299f893b4352f9b5202fac28c,2014-02-17,2014-02-17,
2696,246831309,H,2014-02-06,2014-03-05,65,Online,11,1724,1122686.04,905031.04,217655,2014-02-06,2014-03-05,2014-03-05,16866d21b3fa13fce3a1006ea47c27c1,2014-03-05,2014-03-05,
2697,907691991,M,2014-02-06,2014-03-09,90,Offline,7,5086,1046190.2,595621.46,450568.74,2014-02-06,2014-03-09,2014-03-09,8794e21b4722aed331906520c0f2805f,2014-03-09,2014-03-09,
2698,352743804,H,2014-02-06,2014-03-19,158,Online,6,3585,552305.1,325984.05,226321.05,2014-02-06,2014-03-19,2014-03-19,2e48a315f54a12cdb074581091012ce6,2014-03-19,2014-03-19,
2699,695630967,C,2014-02-07,2014-02-08,103,Online,9,1516,639585.24,552870.04,86715.2,2014-02-07,2014-02-08,2014-02-08,e14aa0629536258111d919fb029d64c2,2014-02-08,2014-02-08,
2700,984479558,M,2014-02-07,2014-02-12,19,Online,4,8233,899702.24,295070.72,604631.52,2014-02-07,2014-02-12,2014-02-12,4e46ac3d0663302dc71d882e68242e07,2014-02-12,2014-02-12,
2701,662294757,H,2014-02-07,2014-03-17,96,Online,3,6591,538682.43,373511.97,165170.46,2014-02-07,2014-03-17,2014-03-17,66a2eb25cfedc55bff95792a5506e400,2014-03-17,2014-03-17,
2702,142375361,L,2014-02-08,2014-02-19,4,Online,1,888,8285.04,6144.96,2140.08,2014-02-08,2014-02-19,2014-02-19,91e6cbe3add99697268fea8da2851780,2014-02-19,2014-02-19,
2703,971845710,C,2014-02-08,2014-03-15,16,Online,5,9597,1464310.26,935131.68,529178.58,2014-02-08,2014-03-15,2014-03-15,3f851cc7096a692aec62957c530229cb,2014-03-15,2014-03-15,
2704,661940705,H,2014-02-09,2014-02-21,48,Offline,9,1819,767417.91,663371.11,104046.8,2014-02-09,2014-02-21,2014-02-21,f9fe1908ec742933c675bb7a7dcbbe87,2014-02-21,2014-02-21,
2705,202435815,C,2014-02-09,2014-02-24,136,Online,4,4111,449250.08,147338.24,301911.84,2014-02-09,2014-02-24,2014-02-24,9d179b33d10f34ce3cf3dcfc1cf14342,2014-02-24,2014-02-24,
2706,200507199,C,2014-02-09,2014-02-25,54,Offline,11,3391,2208253.11,1780139.36,428113.75,2014-02-09,2014-02-25,2014-02-25,131948c1434bdf731cde95493d513c4a,2014-02-25,2014-02-25,
2707,129623496,M,2014-02-10,2014-02-25,15,Online,8,7328,1870691.84,1168229.76,702462.08,2014-02-10,2014-02-25,2014-02-25,f4e34b0135346aeb88e7b98ff21f6bd1,2014-02-25,2014-02-25,
2708,655328738,C,2014-02-10,2014-03-22,172,Offline,7,5191,1067788.7,607918.01,459870.69,2014-02-10,2014-03-22,2014-03-22,2ba4afbefcecf57c1349e5f507accec0,2014-03-22,2014-03-22,
2709,266589534,M,2014-02-11,2014-03-02,42,Online,11,8622,5614732.62,4526205.12,1088527.5,2014-02-11,2014-03-02,2014-03-02,6f920956792341ccb5b509368feb0be6,2014-03-02,2014-03-02,
2710,364315497,H,2014-02-11,2014-03-20,83,Offline,5,7906,1206297.48,770360.64,435936.84,2014-02-11,2014-03-20,2014-03-20,851e29abe97aa9bd6c2c615a2e4d6f67,2014-03-20,2014-03-20,
2711,605029380,H,2014-02-12,2014-02-18,147,Offline,1,493,4599.69,3411.56,1188.13,2014-02-12,2014-02-18,2014-02-18,fc42dabd8664d59be4876a64be31680e,2014-02-18,2014-02-18,
2712,767145097,L,2014-02-12,2014-03-11,170,Online,10,4137,1808696.4,1089396.21,719300.19,2014-02-12,2014-03-11,2014-03-11,4925b6e79dfa4c5ccecfbd688c74e048,2014-03-11,2014-03-11,
2713,264306867,L,2014-02-12,2014-03-29,15,Online,7,3130,643841,366554.3,277286.7,2014-02-12,2014-03-29,2014-03-29,a82db862f49eeee54b51a552bd6c001b,2014-03-29,2014-03-29,
2714,904229152,M,2014-02-13,2014-02-19,126,Online,8,355,90624.4,56594.1,34030.3,2014-02-13,2014-02-19,2014-02-19,4af52bd75b504bf8e1c73e57fe5d12df,2014-02-19,2014-02-19,
2716,498408782,M,2014-02-15,2014-03-28,56,Offline,10,9089,3973710.8,2393406.37,1580304.43,2014-02-15,2014-03-28,2014-03-28,c7dfde28db8475290b9816bab04c046f,2014-03-28,2014-03-28,
2717,838895261,L,2014-02-17,2014-02-19,127,Offline,3,6605,539826.65,374305.35,165521.3,2014-02-17,2014-02-19,2014-02-19,b33caea04201386d861fb2b95734d26f,2014-02-19,2014-02-19,
2718,101010978,H,2014-02-17,2014-03-12,149,Online,9,248,104628.72,90443.12,14185.6,2014-02-17,2014-03-12,2014-03-12,bf1c8be4ce1d1c47bfec9bfe1e47a9a4,2014-03-12,2014-03-12,
2719,308860719,L,2014-02-17,2014-03-18,83,Offline,9,7605,3208473.45,2773467.45,435006,2014-02-17,2014-03-18,2014-03-18,273b6cea178e3f2d0fff00194d34563e,2014-03-18,2014-03-18,
2720,529226291,H,2014-02-17,2014-03-20,78,Offline,2,8675,411628.75,275778.25,135850.5,2014-02-17,2014-03-20,2014-03-20,c14772ee36f75d3f3c81269cd0c8212c,2014-03-20,2014-03-20,
2721,738886630,H,2014-02-18,2014-02-28,19,Online,5,1828,278916.24,178120.32,100795.92,2014-02-18,2014-02-28,2014-02-28,f4f4b932e5b180d8651299dcf3295802,2014-02-28,2014-02-28,
2722,553903901,H,2014-02-18,2014-04-06,161,Offline,2,1328,63013.6,42217.12,20796.48,2014-02-18,2014-04-06,2014-04-06,eba568d48f34eb884995358680666f20,2014-04-06,2014-04-06,
2723,445708739,H,2014-02-19,2014-02-27,66,Online,3,3975,324876.75,225263.25,99613.5,2014-02-19,2014-02-27,2014-02-27,acd4a4de4615285cd33cff0a4364c6a7,2014-02-27,2014-02-27,
2724,429099643,H,2014-02-19,2014-03-04,162,Offline,5,8975,1369405.5,874524,494881.5,2014-02-19,2014-03-04,2014-03-04,f2044ba2ea431e974f51c27c264682ef,2014-03-04,2014-03-04,
2725,343889510,M,2014-02-19,2014-04-02,155,Online,2,3403,161472.35,108181.37,53290.98,2014-02-19,2014-04-02,2014-04-02,5313a3178f418bdeb9057fb576fda0b6,2014-04-02,2014-04-02,
2726,630219399,L,2014-02-21,2014-03-14,30,Offline,8,4780,1220238.4,762027.6,458210.8,2014-02-21,2014-03-14,2014-03-14,2f69b45062e9e694a5aea6403f09aa2f,2014-03-14,2014-03-14,
2727,632148015,L,2014-02-22,2014-03-14,166,Offline,1,5500,51315,38060,13255,2014-02-22,2014-03-14,2014-03-14,025174014fbc94ac3c294f9184a71b8a,2014-03-14,2014-03-14,
2728,432602822,H,2014-02-22,2014-03-31,50,Online,10,5643,2467119.6,1485971.19,981148.41,2014-02-22,2014-03-31,2014-03-31,d60c3c8498d5e9b3a427a2f98d4326e8,2014-03-31,2014-03-31,
2729,881402480,C,2014-02-23,2014-03-07,121,Online,6,5435,837316.1,494204.55,343111.55,2014-02-23,2014-03-07,2014-03-07,e88e7a6cf2126d9c3df3b10d379e3e58,2014-03-07,2014-03-07,
2730,849994885,H,2014-02-24,2014-04-13,99,Online,12,1230,821972.1,618124.2,203847.9,2014-02-24,2014-04-13,2014-04-13,8996f955fd17d8b3bcc241c35f79f476,2014-04-13,2014-04-13,
2731,221880328,L,2014-02-26,2014-03-30,175,Online,8,8175,2086914,1303258.5,783655.5,2014-02-26,2014-03-30,2014-03-30,a5fa7653e18053b5876278609d0c08d4,2014-03-30,2014-03-30,
2732,678748500,M,2014-02-28,2014-03-29,36,Offline,1,5619,52425.27,38883.48,13541.79,2014-02-28,2014-03-29,2014-03-29,5796d260adf1ccd573358d5c002498e6,2014-03-29,2014-03-29,
2734,877821624,M,2014-03-02,2014-03-14,80,Offline,2,5780,274261,183746.2,90514.8,2014-03-02,2014-03-14,2014-03-14,d07d5408912388659b416e94486e78cb,2014-03-14,2014-03-14,
2735,549260890,H,2014-03-03,2014-03-25,154,Offline,7,7358,1513540.6,861695.38,651845.22,2014-03-03,2014-03-25,2014-03-25,17534a61e9b7f3e88a8a79b31d9e0109,2014-03-25,2014-03-25,
2736,746759450,C,2014-03-03,2014-04-03,176,Online,3,1571,128397.83,89028.57,39369.26,2014-03-03,2014-04-03,2014-04-03,4b5d06ae8705fc337e601179b94a9a2b,2014-04-03,2014-04-03,
2737,588500964,M,2014-03-04,2014-03-12,121,Online,10,9368,4095689.6,2466875.44,1628814.16,2014-03-04,2014-03-12,2014-03-12,78a13c3b41c7af5cd24a4dd6ee7025ad,2014-03-12,2014-03-12,
2738,831261479,H,2014-03-06,2014-03-08,131,Online,1,7599,70898.67,52585.08,18313.59,2014-03-06,2014-03-08,2014-03-08,4e0106d56f1c55ef6092134c8b573470,2014-03-08,2014-03-08,
2739,725348985,C,2014-03-06,2014-04-13,173,Online,6,5738,883996.28,521756.34,362239.94,2014-03-06,2014-04-13,2014-04-13,4c7d49d8d633ed6329e8c2ec7d6910c3,2014-04-13,2014-04-13,
2740,613060557,C,2014-03-06,2014-04-25,165,Online,4,7097,775560.16,254356.48,521203.68,2014-03-06,2014-04-25,2014-04-25,7f33f7dd8da68af4c3d1d90277d86a8e,2014-04-25,2014-04-25,
2741,687683475,L,2014-03-07,2014-04-01,80,Online,6,9677,1490838.62,879929.61,610909.01,2014-03-07,2014-04-01,2014-04-01,4045c8a033b904abf332d197f5f3c62c,2014-04-01,2014-04-01,
2742,247070348,M,2014-03-07,2014-04-23,85,Online,4,2461,268938.08,88202.24,180735.84,2014-03-07,2014-04-23,2014-04-23,4361ed3d46ec3b618ca185b803574743,2014-04-23,2014-04-23,
2743,396552217,M,2014-03-08,2014-04-24,43,Offline,4,7468,816103.04,267653.12,548449.92,2014-03-08,2014-04-24,2014-04-24,58ada78270fa95074c76f813d1d140f5,2014-04-24,2014-04-24,
2745,606094539,L,2014-03-09,2014-03-10,92,Offline,1,5698,53162.34,39430.16,13732.18,2014-03-09,2014-03-10,2014-03-10,9a5ec8d2dd1ac76d3b464fc9f547b699,2014-03-10,2014-03-10,
2746,279816472,H,2014-03-09,2014-04-14,28,Offline,5,2767,422188.86,269616.48,152572.38,2014-03-09,2014-04-14,2014-04-14,4399f721cfa77aa61b6d26ef1702c411,2014-04-14,2014-04-14,
2747,522813022,C,2014-03-10,2014-04-08,135,Offline,3,846,69143.58,47942.82,21200.76,2014-03-10,2014-04-08,2014-04-08,1a9e0275bd6352cd7c7114b89bfc7534,2014-04-08,2014-04-08,
2748,695279920,H,2014-03-10,2014-04-26,14,Online,8,7634,1948807.52,1217012.28,731795.24,2014-03-10,2014-04-26,2014-04-26,df7e672238105ecc3db4c1981c274484,2014-04-26,2014-04-26,
2749,508014523,H,2014-03-11,2014-03-20,185,Offline,4,1642,179437.76,58849.28,120588.48,2014-03-11,2014-03-20,2014-03-20,04ec58052c60f0590b7073ae4ef50eeb,2014-03-20,2014-03-20,
2750,100619590,H,2014-03-11,2014-03-31,65,Online,12,4427,2958431.29,2224744.58,733686.71,2014-03-11,2014-03-31,2014-03-31,c5f92f2e6595f432689f85dab1071493,2014-03-31,2014-03-31,
2751,975823962,L,2014-03-11,2014-04-08,24,Online,11,6850,4460788.5,3595976,864812.5,2014-03-11,2014-04-08,2014-04-08,bab297f87fdca624cb4965c6252772e8,2014-04-08,2014-04-08,
2752,894589078,M,2014-03-11,2014-04-10,66,Online,6,7643,1177480.58,694977.99,482502.59,2014-03-11,2014-04-10,2014-04-10,f619ddcff92fca97799c24c004a2c711,2014-04-10,2014-04-10,
2753,861252868,L,2014-03-12,2014-03-28,94,Online,11,2717,1769337.57,1426316.32,343021.25,2014-03-12,2014-03-28,2014-03-28,cceedbec36c27f96923595a2e2deaef1,2014-03-28,2014-03-28,
2754,397418677,C,2014-03-13,2014-04-02,162,Offline,12,3873,2588209.71,1946337.42,641872.29,2014-03-13,2014-04-02,2014-04-02,0b89e4d587e933945b810568fc171537,2014-04-02,2014-04-02,
2755,231327712,L,2014-03-13,2014-04-08,174,Online,2,3865,183394.25,122868.35,60525.9,2014-03-13,2014-04-08,2014-04-08,70318d64cbb23f3bc7c09d9142095b11,2014-04-08,2014-04-08,
2756,164655292,H,2014-03-13,2014-05-01,142,Online,7,4015,825885.5,470196.65,355688.85,2014-03-13,2014-05-01,2014-05-01,86ba8bd09dc4dcd04bbcb96d552e532b,2014-05-01,2014-05-01,
2757,576025474,C,2014-03-14,2014-03-25,126,Online,8,7593,1938341.04,1210476.06,727864.98,2014-03-14,2014-03-25,2014-03-25,30c71fc365c822efa9d7cbeff2aa4ea3,2014-03-25,2014-03-25,
2758,765101468,H,2014-03-14,2014-04-06,139,Online,10,9382,4101810.4,2470562.06,1631248.34,2014-03-14,2014-04-06,2014-04-06,ab3eaa6afa5ef5a056d7b4dd5d68bcd8,2014-04-06,2014-04-06,
2759,746563756,C,2014-03-14,2014-04-12,108,Offline,10,3661,1600589.2,964051.13,636538.07,2014-03-14,2014-04-12,2014-04-12,00a81aa3f171351e76033a39e7f84cb5,2014-04-12,2014-04-12,
2760,270331752,C,2014-03-15,2014-03-27,179,Offline,1,6028,56241.24,41713.76,14527.48,2014-03-15,2014-03-27,2014-03-27,5e310a133557ec293d6d72297e5e7ba7,2014-03-27,2014-03-27,
2761,735976541,H,2014-03-15,2014-04-17,165,Offline,2,668,31696.6,21235.72,10460.88,2014-03-15,2014-04-17,2014-04-17,c879c4fe6f15bd1d626b05c517a9ad98,2014-04-17,2014-04-17,
2762,812646090,L,2014-03-16,2014-04-17,22,Offline,10,8892,3887582.4,2341530.36,1546052.04,2014-03-16,2014-04-17,2014-04-17,db1dc9881ff772a8df2307433e72ea05,2014-04-17,2014-04-17,
2763,315711724,H,2014-03-17,2014-04-08,166,Online,10,4970,2172884,1308750.1,864133.9,2014-03-17,2014-04-08,2014-04-08,b59b7b33b67496a683a86aea2dc5f109,2014-04-08,2014-04-08,
2764,249039304,L,2014-03-17,2014-05-01,153,Offline,6,5119,788633.14,465470.67,323162.47,2014-03-17,2014-05-01,2014-05-01,b6b1a9ac3c71073ecff22c196ada41cd,2014-05-01,2014-05-01,
2765,452559745,L,2014-03-18,2014-03-19,185,Offline,6,1340,206440.4,121846.2,84594.2,2014-03-18,2014-03-19,2014-03-19,67e2cc0581db9ca92363c4ad3bc1b920,2014-03-19,2014-03-19,
2766,577245986,H,2014-03-18,2014-03-27,152,Online,8,8770,2238805.6,1398113.4,840692.2,2014-03-18,2014-03-27,2014-03-27,22191a48a9b124c5af94723fd00be08b,2014-03-27,2014-03-27,
2767,953587377,H,2014-03-18,2014-03-27,40,Online,9,6550,2763379.5,2388719.5,374660,2014-03-18,2014-03-27,2014-03-27,4a222f06b0ffe6982964bff47e2b7aac,2014-03-27,2014-03-27,
2768,209445178,M,2014-03-18,2014-04-20,58,Offline,10,8337,3644936.4,2195382.21,1449554.19,2014-03-18,2014-04-20,2014-04-20,9f8ba60eb4f1c0124c917e979489e94d,2014-04-20,2014-04-20,
2769,581221234,L,2014-03-19,2014-04-21,44,Online,2,5134,243608.3,163209.86,80398.44,2014-03-19,2014-04-21,2014-04-21,eee1ff50536ba237bdd9a46eda63d8bf,2014-04-21,2014-04-21,
2770,805562055,C,2014-03-20,2014-03-28,82,Offline,6,2568,395626.08,233508.24,162117.84,2014-03-20,2014-03-28,2014-03-28,c90aa73d94b5e89b0dd5d794c38ba260,2014-03-28,2014-03-28,
2771,271316230,H,2014-03-20,2014-03-31,14,Offline,9,7356,3103422.84,2682659.64,420763.2,2014-03-20,2014-03-31,2014-03-31,20f5345c6ce4dc62ed27c58a3335b822,2014-03-31,2014-03-31,
2772,450041043,L,2014-03-20,2014-04-16,28,Offline,10,6000,2623200,1579980,1043220,2014-03-20,2014-04-16,2014-04-16,b6d251284ec8949fcc529f0ba64c4a24,2014-04-16,2014-04-16,
2773,637188422,C,2014-03-20,2014-04-29,147,Online,10,7069,3090566.8,1861479.77,1229087.03,2014-03-20,2014-04-29,2014-04-29,77134621e8383e69c5eba4b64f73baeb,2014-04-29,2014-04-29,
2774,169378983,L,2014-03-21,2014-04-10,58,Online,9,1860,784715.4,678323.4,106392,2014-03-21,2014-04-10,2014-04-10,a337db8358b86011c183ce95479e2ddc,2014-04-10,2014-04-10,
2775,391673171,H,2014-03-21,2014-04-11,38,Offline,1,3650,34054.5,25258,8796.5,2014-03-21,2014-04-11,2014-04-11,0de5529ff25f620c51d596c0b4cacc8b,2014-04-11,2014-04-11,
2776,680521762,L,2014-03-21,2014-04-15,95,Offline,9,367,154833.63,133841.23,20992.4,2014-03-21,2014-04-15,2014-04-15,ebc50013d8d4e956483510061aa12afb,2014-04-15,2014-04-15,
2777,961183822,L,2014-03-21,2014-04-21,19,Online,10,4507,1970460.4,1186828.31,783632.09,2014-03-21,2014-04-21,2014-04-21,d506d1b3bda67e594de3a958aed01bd6,2014-04-21,2014-04-21,
2778,129902875,C,2014-03-21,2014-04-24,54,Online,12,2,1336.54,1005.08,331.46,2014-03-21,2014-04-24,2014-04-24,ac4030a063b3012eb9979641d9b65cdf,2014-04-24,2014-04-24,
2779,194292628,L,2014-03-21,2014-04-27,141,Offline,10,4361,1906629.2,1148382.13,758247.07,2014-03-21,2014-04-27,2014-04-27,1a8b7a6c74c1360472d0d3c1a7608b7b,2014-04-27,2014-04-27,
2780,717833220,C,2014-03-22,2014-04-03,30,Offline,6,1657,255277.42,150671.01,104606.41,2014-03-22,2014-04-03,2014-04-03,424a3f7bb94420288b27a32fbe460a34,2014-04-03,2014-04-03,
2781,302015721,H,2014-03-22,2014-04-17,30,Online,8,2018,515155.04,321709.56,193445.48,2014-03-22,2014-04-17,2014-04-17,d48e1b7d9d2ceb94064d34f97988c8bc,2014-04-17,2014-04-17,
2782,158673751,H,2014-03-22,2014-05-10,88,Online,5,3944,601775.52,384303.36,217472.16,2014-03-22,2014-05-10,2014-05-10,e45478c733a0e4bc928811aa2c96ef53,2014-05-10,2014-05-10,
2783,435006511,L,2014-03-23,2014-03-29,148,Online,3,6948,567860.04,393743.16,174116.88,2014-03-23,2014-03-29,2014-03-29,447bf2546999fa788018d5ac5390a220,2014-03-29,2014-03-29,
2784,551270186,M,2014-03-23,2014-04-09,21,Online,8,1953,498561.84,311347.26,187214.58,2014-03-23,2014-04-09,2014-04-09,30fa6361bf5bd51ff5786492946d9f13,2014-04-09,2014-04-09,
2785,191301858,H,2014-03-25,2014-04-06,109,Offline,3,9326,762213.98,528504.42,233709.56,2014-03-25,2014-04-06,2014-04-06,bc3425ead2dc717de68946a5df969949,2014-04-06,2014-04-06,
2786,966379582,L,2014-03-26,2014-03-29,103,Offline,7,2048,421273.6,239841.28,181432.32,2014-03-26,2014-03-29,2014-03-29,4a30d3c993b55962bbc60046010bae22,2014-03-29,2014-03-29,
2787,272182691,L,2014-03-26,2014-04-30,98,Online,9,3762,1587150.18,1371963.78,215186.4,2014-03-26,2014-04-30,2014-04-30,0e7fef6deddafbcc7b51e0d3da30dce5,2014-04-30,2014-04-30,
2788,933043372,L,2014-03-27,2014-05-06,96,Offline,10,7123,3114175.6,1875699.59,1238476.01,2014-03-27,2014-05-06,2014-05-06,4c368fb929cec745f7df41d52ea1cbf9,2014-05-06,2014-05-06,
2789,754082524,C,2014-03-28,2014-04-21,143,Online,4,8631,943195.68,309335.04,633860.64,2014-03-28,2014-04-21,2014-04-21,2d8d954eba83900eafb9af747826161d,2014-04-21,2014-04-21,
2790,284108436,M,2014-03-29,2014-04-03,66,Online,10,2854,1247768.8,751543.82,496224.98,2014-03-29,2014-04-03,2014-04-03,8744c8623be68c47270ee8e1361960cd,2014-04-03,2014-04-03,
2791,317208611,C,2014-03-29,2014-04-17,35,Online,6,7932,1222003.92,721256.76,500747.16,2014-03-29,2014-04-17,2014-04-17,784f474b1d04072c30cf328300594630,2014-04-17,2014-04-17,
2792,614597785,C,2014-03-29,2014-05-14,140,Offline,10,1997,873088.4,525870.01,347218.39,2014-03-29,2014-05-14,2014-05-14,7eac38921220fbac184e681503de255c,2014-05-14,2014-05-14,
2793,211060082,L,2014-03-30,2014-04-03,48,Offline,12,6223,4158644.21,3127306.42,1031337.79,2014-03-30,2014-04-03,2014-04-03,a25368b1c716aa6d4b53673102cc8894,2014-04-03,2014-04-03,
2794,732554042,M,2014-03-31,2014-04-05,103,Online,10,7875,3442950,2073723.75,1369226.25,2014-03-31,2014-04-05,2014-04-05,10dd4cc98a6279cf2ab5b628905de5f0,2014-04-05,2014-04-05,
2795,582836139,H,2014-03-31,2014-04-05,34,Online,11,3020,1966654.2,1585379.2,381275,2014-03-31,2014-04-05,2014-04-05,9769b3c46833fdf69d573977de14d347,2014-04-05,2014-04-05,
2796,370775115,L,2014-04-01,2014-04-27,174,Online,5,9451,1442033.58,920905.44,521128.14,2014-04-01,2014-04-27,2014-04-27,ccce731afbde37ba900a9db6ec7720df,2014-04-27,2014-04-27,
2797,200354850,H,2014-04-01,2014-05-04,167,Offline,8,8307,2120610.96,1324301.94,796309.02,2014-04-01,2014-05-04,2014-05-04,26fc6634ff7d1b5a991100f8a9fcde1a,2014-05-04,2014-05-04,
2798,806822907,M,2014-04-03,2014-04-08,20,Online,12,5683,3797778.41,2855934.82,941843.59,2014-04-03,2014-04-08,2014-04-08,b476e2019d9e3eefc3c3e0a6d4265c80,2014-04-08,2014-04-08,
2799,517856299,H,2014-04-03,2014-04-30,166,Online,7,4042,831439.4,473358.62,358080.78,2014-04-03,2014-04-30,2014-04-30,3bab4b468ada269cb0711a627f5414d2,2014-04-30,2014-04-30,
2800,465864360,L,2014-04-03,2014-05-18,176,Offline,4,8471,925710.88,303600.64,622110.24,2014-04-03,2014-05-18,2014-05-18,eea724c550ebd4b63213dfc4ba61072a,2014-05-18,2014-05-18,
2801,893961656,H,2014-04-04,2014-05-01,12,Offline,5,1975,301345.5,192444,108901.5,2014-04-04,2014-05-01,2014-05-01,f18e7d4891cad450db68a84ffb7b3f80,2014-05-01,2014-05-01,
2802,864836728,H,2014-04-04,2014-05-10,132,Offline,9,3261,1375783.29,1189254.09,186529.2,2014-04-04,2014-05-10,2014-05-10,5896235c57d65946dd2b0abde169d792,2014-05-10,2014-05-10,
2803,561307656,L,2014-04-04,2014-05-12,113,Offline,4,2264,247409.92,81141.76,166268.16,2014-04-04,2014-05-12,2014-05-12,fa59280013377e7652e2c6897965b5d1,2014-05-12,2014-05-12,
2804,386440074,C,2014-04-05,2014-04-25,172,Offline,3,5060,413553.8,286750.2,126803.6,2014-04-05,2014-04-25,2014-04-25,958973c9da6deb11fd9f7f45dde4b601,2014-04-25,2014-04-25,
2805,315674388,H,2014-04-06,2014-05-20,154,Online,9,3921,1654230.69,1429949.49,224281.2,2014-04-06,2014-05-20,2014-05-20,b7ba83a4c5100bf626d9feec1b36eb8d,2014-05-20,2014-05-20,
2806,820441234,C,2014-04-07,2014-05-02,107,Online,5,5648,861771.84,550341.12,311430.72,2014-04-07,2014-05-02,2014-05-02,16a412bbdd9f48b21cf87be9f3e1f487,2014-05-02,2014-05-02,
2807,739324367,M,2014-04-08,2014-04-10,157,Online,1,1364,12726.12,9438.88,3287.24,2014-04-08,2014-04-10,2014-04-10,0ee5b69a2aff502a32989e876d8bac61,2014-04-10,2014-04-10,
2808,624871289,H,2014-04-08,2014-04-23,59,Online,12,2155,1440121.85,1082973.7,357148.15,2014-04-08,2014-04-23,2014-04-23,2264046bde2166bcf4cfa8ca9165c220,2014-04-23,2014-04-23,
2809,701894891,M,2014-04-08,2014-05-18,168,Online,8,5151,1314947.28,821172.42,493774.86,2014-04-08,2014-05-18,2014-05-18,cc435b01105ce4519a6720afa178754b,2014-05-18,2014-05-18,
2810,200749242,H,2014-04-09,2014-04-15,110,Offline,11,5017,3267120.57,2633724.32,633396.25,2014-04-09,2014-04-15,2014-04-15,294a8c6d3e4b74ef490421ef9cb5d9ee,2014-04-15,2014-04-15,
2811,182093513,M,2014-04-09,2014-05-17,10,Online,7,4372,899320.4,512004.92,387315.48,2014-04-09,2014-05-17,2014-05-17,52556563c65195e4f86a64c166f4c1ca,2014-05-17,2014-05-17,
2812,238060700,L,2014-04-09,2014-05-24,87,Offline,1,6306,58834.98,43637.52,15197.46,2014-04-09,2014-05-24,2014-05-24,6ec9954befd117591c3a484d924cf8f4,2014-05-24,2014-05-24,
2813,601886260,C,2014-04-09,2014-05-27,147,Offline,1,374,3489.42,2588.08,901.34,2014-04-09,2014-05-27,2014-05-27,253bf8208a5c361abf5cbad579887219,2014-05-27,2014-05-27,
2814,167295014,C,2014-04-10,2014-04-28,49,Offline,10,5167,2259012.4,1360626.11,898386.29,2014-04-10,2014-04-28,2014-04-28,152521bf04fe304780db7874df3bbac0,2014-04-28,2014-04-28,
2816,584805095,M,2014-04-11,2014-04-14,16,Offline,8,5678,1449479.84,905186.76,544293.08,2014-04-11,2014-04-14,2014-04-14,8d541b72f83805304d2567dd9ca0eabd,2014-04-14,2014-04-14,
2817,291745221,C,2014-04-11,2014-05-07,42,Offline,10,2749,1201862.8,723894.17,477968.63,2014-04-11,2014-05-07,2014-05-07,810c4a3fc8a181aca4d14d886cc52404,2014-05-07,2014-05-07,
2818,108691108,C,2014-04-12,2014-04-24,157,Offline,11,2969,1933442.49,1558606.24,374836.25,2014-04-12,2014-04-24,2014-04-24,f795369a8d19e512f9531b482c466fbf,2014-04-24,2014-04-24,
2819,904589211,H,2014-04-13,2014-05-04,137,Online,11,6905,4496605.05,3624848.8,871756.25,2014-04-13,2014-05-04,2014-05-04,765ed885387c81e04b4b8edb474c0ba9,2014-05-04,2014-05-04,
2820,301624333,H,2014-04-13,2014-05-05,13,Online,10,6198,2709765.6,1632119.34,1077646.26,2014-04-13,2014-05-05,2014-05-05,2886bb8b5e72b503e394a72633ad1a79,2014-05-05,2014-05-05,
2821,509356057,H,2014-04-14,2014-04-17,108,Online,4,8631,943195.68,309335.04,633860.64,2014-04-14,2014-04-17,2014-04-17,fffb5492b5534859eb8738079cc0e0fd,2014-04-17,2014-04-17,
2822,559183347,L,2014-04-14,2014-05-21,155,Offline,7,3633,747308.1,425460.63,321847.47,2014-04-14,2014-05-21,2014-05-21,db45dec85e317e46f896ec30039da135,2014-05-21,2014-05-21,
2823,633806264,M,2014-04-15,2014-04-26,147,Online,4,6213,678956.64,222673.92,456282.72,2014-04-15,2014-04-26,2014-04-26,b6ff8aa4b63ae3db4f790d4d8b1c3a17,2014-04-26,2014-04-26,
2824,172372758,H,2014-04-15,2014-04-30,146,Online,4,7784,850635.52,278978.56,571656.96,2014-04-15,2014-04-30,2014-04-30,d64ad799cb9677d7b13759466a09a8b0,2014-04-30,2014-04-30,
2825,313668096,L,2014-04-16,2014-05-04,87,Online,10,215,93998,56615.95,37382.05,2014-04-16,2014-05-04,2014-05-04,b5050542ea14c3293ff6b339c52e83dc,2014-05-04,2014-05-04,
2826,569298493,C,2014-04-16,2014-05-19,174,Online,2,6930,328828.5,220304.7,108523.8,2014-04-16,2014-05-19,2014-05-19,cd52a56f2bb3cdf2bb005373d18109f4,2014-05-19,2014-05-19,
2827,653800523,H,2014-04-19,2014-04-23,58,Offline,3,2958,241757.34,167629.86,74127.48,2014-04-19,2014-04-23,2014-04-23,155b2e21f862986b1635b45802ff8f63,2014-04-23,2014-04-23,
2829,412496554,H,2014-04-20,2014-04-29,52,Online,1,5752,53666.16,39803.84,13862.32,2014-04-20,2014-04-29,2014-04-29,5e8367961fe2dceb2f02c0036d75cf54,2014-04-29,2014-04-29,
2830,506129252,M,2014-04-20,2014-05-18,121,Offline,11,3748,2440735.08,1967550.08,473185,2014-04-20,2014-05-18,2014-05-18,91d83699cb894ce23b485a04973328bb,2014-05-18,2014-05-18,
2831,341730868,H,2014-04-21,2014-05-24,92,Online,10,4613,2016803.6,1214741.29,802062.31,2014-04-21,2014-05-24,2014-05-24,67eb2ab80251aa92d9a57055cc95d168,2014-05-24,2014-05-24,
2832,474603641,H,2014-04-21,2014-05-30,102,Online,11,4619,3007938.99,2424790.24,583148.75,2014-04-21,2014-05-30,2014-05-30,194c4bc0bb0ade9075613976723f8f29,2014-05-30,2014-05-30,
2833,543322694,M,2014-04-21,2014-06-01,153,Offline,2,114,5409.3,3624.06,1785.24,2014-04-21,2014-06-01,2014-06-01,02a75e59efa59c4bddd4ffd49900f09d,2014-06-01,2014-06-01,
2834,906794202,L,2014-04-22,2014-05-11,118,Online,4,9410,1028324.8,337254.4,691070.4,2014-04-22,2014-05-11,2014-05-11,28891ef6a6d295577cb03640650c56ac,2014-05-11,2014-05-11,
2835,973230588,H,2014-04-22,2014-06-08,158,Online,5,9413,1436235.54,917202.72,519032.82,2014-04-22,2014-06-08,2014-06-08,c89fe77203027265e257cfdb3493efb3,2014-06-08,2014-06-08,
2836,176978433,C,2014-04-23,2014-05-05,114,Online,4,706,77151.68,25303.04,51848.64,2014-04-23,2014-05-05,2014-05-05,9167ccc187fdde1b094b59eb75a241d5,2014-05-05,2014-05-05,
2837,380498874,H,2014-04-24,2014-05-13,54,Online,4,6927,756982.56,248263.68,508718.88,2014-04-24,2014-05-13,2014-05-13,4eede300a494e9977de035dbe66c3978,2014-05-13,2014-05-13,
2838,956267440,H,2014-04-24,2014-05-21,128,Online,8,9641,2461154.48,1536968.22,924186.26,2014-04-24,2014-05-21,2014-05-21,af426e5d74579f0b995478380eb088ed,2014-05-21,2014-05-21,
2839,660924899,C,2014-04-25,2014-05-21,40,Online,4,1220,133321.6,43724.8,89596.8,2014-04-25,2014-05-21,2014-05-21,d018d0d9d508845fbaf9caf79475b799,2014-05-21,2014-05-21,
2840,384356105,H,2014-04-26,2014-05-14,151,Offline,1,8368,78073.44,57906.56,20166.88,2014-04-26,2014-05-14,2014-05-14,a3c14c23795f4e4e015de9d8ac711f5b,2014-05-14,2014-05-14,
2841,870467221,M,2014-04-27,2014-05-28,146,Online,1,9449,88159.17,65387.08,22772.09,2014-04-27,2014-05-28,2014-05-28,fc8aa4481a948cc1498ab538899bfe18,2014-05-28,2014-05-28,
2842,679108560,M,2014-04-27,2014-06-11,4,Online,12,2169,1449477.63,1090009.26,359468.37,2014-04-27,2014-06-11,2014-06-11,03008ae4ac6144883ac3a55b9c74c107,2014-06-11,2014-06-11,
2843,909707295,C,2014-04-28,2014-05-15,123,Offline,6,1459,224773.54,132666.87,92106.67,2014-04-28,2014-05-15,2014-05-15,8b2f7ce2d0a9868cfe44b111e3f35811,2014-05-15,2014-05-15,
2844,772269189,M,2014-04-29,2014-05-12,102,Online,6,469,72254.14,42646.17,29607.97,2014-04-29,2014-05-12,2014-05-12,555989e53749f66d7fb2f198eba010cc,2014-05-12,2014-05-12,
2845,871923768,C,2014-04-30,2014-05-30,32,Online,8,474,121002.72,75565.08,45437.64,2014-04-30,2014-05-30,2014-05-30,8b8af2aadce506f90cfc3cc21deaa77b,2014-05-30,2014-05-30,
2846,788760268,L,2014-04-30,2014-06-01,107,Offline,4,546,59666.88,19568.64,40098.24,2014-04-30,2014-06-01,2014-06-01,8a4b94c45866f930a07936fcb736fb0d,2014-06-01,2014-06-01,
2847,262937009,L,2014-04-30,2014-06-02,128,Online,1,7759,72391.47,53692.28,18699.19,2014-04-30,2014-06-02,2014-06-02,d5837457f31fe684bb4f7a65342b060f,2014-06-02,2014-06-02,
2848,971578347,L,2014-04-30,2014-06-16,171,Online,12,478,319433.06,240214.12,79218.94,2014-04-30,2014-06-16,2014-06-16,d46bab5fe804eed2b7ebd1230afa59ac,2014-06-16,2014-06-16,
2849,387387216,C,2014-05-01,2014-06-11,19,Offline,10,5341,2335085.2,1406445.53,928639.67,2014-05-01,2014-06-11,2014-06-11,25354cff57bda8e8a561c11a4586c6b9,2014-06-11,2014-06-11,
2850,210591018,M,2014-05-02,2014-05-27,52,Online,5,7417,1131685.86,722712.48,408973.38,2014-05-02,2014-05-27,2014-05-27,556cbb597244f8eac46d1d80f6b56716,2014-05-27,2014-05-27,
2851,979410827,H,2014-05-03,2014-05-21,181,Offline,7,8283,1703813.1,970022.13,733790.97,2014-05-03,2014-05-21,2014-05-21,0c98ea37f40b41f89ae926e3ad6411ba,2014-05-21,2014-05-21,
2852,309655511,C,2014-05-05,2014-05-21,144,Offline,3,2802,229007.46,158789.34,70218.12,2014-05-05,2014-05-21,2014-05-21,036d89e9d5a34b2045c7899a1279a3c9,2014-05-21,2014-05-21,
2853,822962939,H,2014-05-05,2014-05-25,177,Online,3,1877,153407.21,106369.59,47037.62,2014-05-05,2014-05-25,2014-05-25,d1c9a2ae3c253be05eb1ac937d452e27,2014-05-25,2014-05-25,
2854,920688903,L,2014-05-05,2014-06-12,155,Offline,8,1161,296380.08,185086.62,111293.46,2014-05-05,2014-06-12,2014-06-12,b30db1cb713e7b25c07ff2f02f77f780,2014-06-12,2014-06-12,
2855,602715384,H,2014-05-05,2014-06-18,184,Offline,9,5731,2417851.59,2090038.39,327813.2,2014-05-05,2014-06-18,2014-06-18,f8a67a15df8ef4df7e98518fc36e5a69,2014-06-18,2014-06-18,
2856,340236985,M,2014-05-08,2014-05-13,55,Online,12,2540,1697405.8,1276451.6,420954.2,2014-05-08,2014-05-13,2014-05-13,a2b35ffb2f5cabd16643af5eccf1a80c,2014-05-13,2014-05-13,
2857,163558804,M,2014-05-08,2014-05-22,13,Online,12,9540,6375295.8,4794231.6,1581064.2,2014-05-08,2014-05-22,2014-05-22,892ef99e43ec282ada0e3cfc202e759a,2014-05-22,2014-05-22,
2858,591774117,M,2014-05-08,2014-05-30,137,Online,7,7967,1638811.9,933015.37,705796.53,2014-05-08,2014-05-30,2014-05-30,2435fdc65c407a30f3d0a0a97e9d8716,2014-05-30,2014-05-30,
2859,745467269,M,2014-05-08,2014-06-23,153,Offline,4,9186,1003846.08,329226.24,674619.84,2014-05-08,2014-06-23,2014-06-23,333ab705628b6fed453e6d581f3fc829,2014-06-23,2014-06-23,
2860,865824210,M,2014-05-09,2014-05-14,84,Online,11,5479,3567979.59,2876255.84,691723.75,2014-05-09,2014-05-14,2014-05-14,5fbcc028ba18171169073a2c5892b8c5,2014-05-14,2014-05-14,
2861,489600837,C,2014-05-09,2014-06-09,94,Offline,6,2622,403945.32,238418.46,165526.86,2014-05-09,2014-06-09,2014-06-09,1409af2588ba5e2257c831c7d165bbb6,2014-06-09,2014-06-09,
2862,321345221,M,2014-05-09,2014-06-15,74,Offline,9,2047,863608.83,746520.43,117088.4,2014-05-09,2014-06-15,2014-06-15,befaa4e2a0e49f5fa9a1796aa006f7b4,2014-06-15,2014-06-15,
2863,595395314,M,2014-05-10,2014-05-30,137,Offline,2,9559,453574.55,303880.61,149693.94,2014-05-10,2014-05-30,2014-05-30,5a5b9ba2d9b61856e818f7c8ca65948e,2014-05-30,2014-05-30,
2864,136126458,H,2014-05-10,2014-06-02,175,Online,5,1699,259233.42,165550.56,93682.86,2014-05-10,2014-06-02,2014-06-02,9dec7219ec5d837d97c0410440bee8de,2014-06-02,2014-06-02,
2865,472755706,M,2014-05-10,2014-06-15,81,Online,5,7774,1186156.92,757498.56,428658.36,2014-05-10,2014-06-15,2014-06-15,429ad1007506f22bc47b0bb154a3a6c6,2014-06-15,2014-06-15,
2866,349880063,M,2014-05-11,2014-05-12,150,Online,8,6141,1567674.48,978998.22,588676.26,2014-05-11,2014-05-12,2014-05-12,d7fea7a74b051b840a4973891dcc6603,2014-05-12,2014-05-12,
2867,929387843,C,2014-05-13,2014-06-15,27,Offline,6,5371,827456.26,488385.03,339071.23,2014-05-13,2014-06-15,2014-06-15,b8c1fdffad6798559a700e6c9e83143e,2014-06-15,2014-06-15,
2868,457485139,M,2014-05-14,2014-05-29,183,Offline,11,8874,5778837.54,4658495.04,1120342.5,2014-05-14,2014-05-29,2014-05-29,229a1074e3d03a130b0bd51876132846,2014-05-29,2014-05-29,
2869,623576104,M,2014-05-15,2014-05-25,100,Offline,1,8881,82859.73,61456.52,21403.21,2014-05-15,2014-05-25,2014-05-25,07d61e3cd4bc9a48b8e21281cb5f49aa,2014-05-25,2014-05-25,
2870,353383243,L,2014-05-15,2014-06-09,33,Online,11,2809,1829248.89,1474612.64,354636.25,2014-05-15,2014-06-09,2014-06-09,81d64f5563d387bdd8d43dafe923a4bb,2014-06-09,2014-06-09,
2871,648489749,L,2014-05-15,2014-06-11,126,Online,2,1382,65575.9,43933.78,21642.12,2014-05-15,2014-06-11,2014-06-11,8910228316413e7366e8ac7540dcba35,2014-06-11,2014-06-11,
2872,299226653,C,2014-05-15,2014-06-27,82,Offline,7,6671,1372224.7,781240.81,590983.89,2014-05-15,2014-06-27,2014-06-27,3d160c148af1a945e31b201670be3b18,2014-06-27,2014-06-27,
2873,188866841,L,2014-05-16,2014-05-20,45,Offline,4,8750,956200,313600,642600,2014-05-16,2014-05-20,2014-05-20,ff301189100b13f5c092229e00cf9a03,2014-05-20,2014-05-20,
2874,305248534,H,2014-05-16,2014-06-26,165,Online,3,8679,709334.67,491838.93,217495.74,2014-05-16,2014-06-26,2014-06-26,26c0234b7090737565f4d373fb50090e,2014-06-26,2014-06-26,
2875,398645198,H,2014-05-17,2014-05-26,5,Offline,8,6828,1743051.84,1088519.76,654532.08,2014-05-17,2014-05-26,2014-05-26,ce80cc19ccc9a2dfdd55c7fbd0701c17,2014-05-26,2014-05-26,
2876,872240483,L,2014-05-18,2014-06-13,103,Online,11,4197,2733128.37,2203257.12,529871.25,2014-05-18,2014-06-13,2014-06-13,b67be9a26db09c9c4f19dd109d5d3bf6,2014-06-13,2014-06-13,
2877,207168519,L,2014-05-18,2014-07-06,161,Offline,7,4623,950951.1,541399.53,409551.57,2014-05-18,2014-07-06,2014-07-06,524132683e8919d26fc90b45e5046ecf,2014-07-06,2014-07-06,
2878,400337779,H,2014-05-19,2014-05-27,62,Online,9,7700,3248553,2808113,440440,2014-05-19,2014-05-27,2014-05-27,7301ea1ec452975e4eea16c0f68d1d43,2014-05-27,2014-05-27,
2879,531281936,C,2014-05-19,2014-06-03,147,Online,9,6986,2947323.54,2547724.34,399599.2,2014-05-19,2014-06-03,2014-06-03,faebcaf132476cfd04062a7ba18072bf,2014-06-03,2014-06-03,
2880,502038991,M,2014-05-19,2014-07-08,126,Online,5,3349,510990.42,326326.56,184663.86,2014-05-19,2014-07-08,2014-07-08,d3fc5427d795ce87dcc84c2720d2729d,2014-07-08,2014-07-08,
2881,314773595,M,2014-05-20,2014-06-01,173,Online,9,7357,3103844.73,2683024.33,420820.4,2014-05-20,2014-06-01,2014-06-01,547e5907d84a78ca903b5404ee99eff6,2014-06-01,2014-06-01,
2882,217165648,M,2014-05-20,2014-06-08,160,Offline,9,2996,1263982.44,1092611.24,171371.2,2014-05-20,2014-06-08,2014-06-08,62ad514c252dc2f02591024a7e9b1fe7,2014-06-08,2014-06-08,
2883,930136287,L,2014-05-20,2014-06-21,5,Online,2,6852,325127.4,217825.08,107302.32,2014-05-20,2014-06-21,2014-06-21,e60f2bfaa25f81826e60fef2df312e0a,2014-06-21,2014-06-21,
2884,254595124,M,2014-05-20,2014-06-21,72,Offline,12,9210,6154766.7,4628393.4,1526373.3,2014-05-20,2014-06-21,2014-06-21,ad51d4142632997d25bb6a8d1d27cc8e,2014-06-21,2014-06-21,
2885,443671119,L,2014-05-20,2014-07-03,159,Online,5,998,152274.84,97245.12,55029.72,2014-05-20,2014-07-03,2014-07-03,185da55c73421c6677510e6995132f33,2014-07-03,2014-07-03,
2886,292024600,M,2014-05-20,2014-07-04,96,Offline,5,5423,827441.34,528417.12,299024.22,2014-05-20,2014-07-04,2014-07-04,328305eb7ef1c3517e90fc71134b1795,2014-07-04,2014-07-04,
2888,549583613,C,2014-05-21,2014-05-29,123,Online,4,2859,312431.52,102466.56,209964.96,2014-05-21,2014-05-29,2014-05-29,f371b173f3f77e479ce6dac502614dc3,2014-05-29,2014-05-29,
2889,316466176,H,2014-05-22,2014-06-02,164,Offline,8,8229,2100699.12,1311867.18,788831.94,2014-05-22,2014-06-02,2014-06-02,024918fef9da86fe359a6fec2df2d0e0,2014-06-02,2014-06-02,
2890,266638886,C,2014-05-22,2014-06-19,34,Online,12,3227,2156507.29,1621696.58,534810.71,2014-05-22,2014-06-19,2014-06-19,b6009fe2a3e428a94817bee4116dd0e9,2014-06-19,2014-06-19,
2891,470041310,M,2014-05-23,2014-06-01,136,Online,1,4524,42208.92,31306.08,10902.84,2014-05-23,2014-06-01,2014-06-01,e80758e4f3bc6a457cac5caca9f29a63,2014-06-01,2014-06-01,
2892,258216321,H,2014-05-23,2014-06-23,72,Online,11,802,522270.42,421017.92,101252.5,2014-05-23,2014-06-23,2014-06-23,d4f74aaae67354a7bb25f43283c39f0c,2014-06-23,2014-06-23,
2893,954341828,H,2014-05-23,2014-07-11,134,Offline,6,9809,1511174.54,891932.37,619242.17,2014-05-23,2014-07-11,2014-07-11,76e35092660936e3536fe3af903aab67,2014-07-11,2014-07-11,
2894,642390191,C,2014-05-24,2014-05-26,51,Online,6,6388,984135.28,580860.84,403274.44,2014-05-24,2014-05-26,2014-05-26,cebb6daf6dffe7e3865fd7ac918cd83c,2014-05-26,2014-05-26,
2895,767076432,M,2014-05-24,2014-06-03,132,Offline,8,3817,974403.76,608506.14,365897.62,2014-05-24,2014-06-03,2014-06-03,ed449eeefd46338c192060a2f26dd051,2014-06-03,2014-06-03,
2896,378455245,L,2014-05-24,2014-06-08,82,Online,4,2172,237356.16,77844.48,159511.68,2014-05-24,2014-06-08,2014-06-08,752ea6723bfda7e9a8a5d8d3fc8214b0,2014-06-08,2014-06-08,
2897,155688989,L,2014-05-26,2014-06-09,87,Online,9,686,289416.54,250177.34,39239.2,2014-05-26,2014-06-09,2014-06-09,65aa2154e01aa11543dc13e0f7bfccc3,2014-06-09,2014-06-09,
2898,756253182,H,2014-05-26,2014-06-09,42,Online,8,977,249408.56,155753.34,93655.22,2014-05-26,2014-06-09,2014-06-09,6e043dd9b691bb5e7ca6a842b88dfaff,2014-06-09,2014-06-09,
2899,960127675,H,2014-05-26,2014-07-11,107,Offline,7,1970,405229,230706.7,174522.3,2014-05-26,2014-07-11,2014-07-11,8811e8f2fff99fd7446b3b6ff2f2d36e,2014-07-11,2014-07-11,
2900,369560611,M,2014-05-27,2014-06-13,39,Online,8,52,13274.56,8289.84,4984.72,2014-05-27,2014-06-13,2014-06-13,e27da348bc8eb28efc6710064cb2fdff,2014-06-13,2014-06-13,
2901,889125955,H,2014-05-27,2014-06-15,34,Offline,1,983,9171.39,6802.36,2369.03,2014-05-27,2014-06-15,2014-06-15,df30b26e754db8f9fba9c898be04659a,2014-06-15,2014-06-15,
2902,161592853,M,2014-05-27,2014-07-03,40,Offline,12,7771,5193126.17,3905238.34,1287887.83,2014-05-27,2014-07-03,2014-07-03,804bf3fa109519a5e46e7d857d35cf6f,2014-07-03,2014-07-03,
2903,743619334,L,2014-05-27,2014-07-09,5,Offline,10,2341,1023485.2,616455.53,407029.67,2014-05-27,2014-07-09,2014-07-09,8443852ef614db007c7e1e54285ba2a8,2014-07-09,2014-07-09,
2904,656244552,C,2014-05-28,2014-06-19,24,Offline,1,6201,57855.33,42910.92,14944.41,2014-05-28,2014-06-19,2014-06-19,bb736694e35912efd63857450d773918,2014-06-19,2014-06-19,
2905,250542199,M,2014-05-30,2014-07-01,116,Offline,4,9859,1077391.52,353346.56,724044.96,2014-05-30,2014-07-01,2014-07-01,86f6425695887ccd89a3652d5159f90d,2014-07-01,2014-07-01,
2906,680686128,M,2014-05-30,2014-07-08,96,Offline,11,9006,5864797.26,4727789.76,1137007.5,2014-05-30,2014-07-08,2014-07-08,0379c661cf5c0b74bd2f8e99a15f3c89,2014-07-08,2014-07-08,
2907,676592862,M,2014-05-30,2014-07-09,124,Offline,10,7718,3374309.6,2032380.94,1341928.66,2014-05-30,2014-07-09,2014-07-09,1b0c75334991a944b22c7b7d7df289bb,2014-07-09,2014-07-09,
2908,377039039,H,2014-05-31,2014-06-14,74,Offline,6,3085,475275.1,280519.05,194756.05,2014-05-31,2014-06-14,2014-06-14,099041dea7ed3d8631294ffb74a06814,2014-06-14,2014-06-14,
2909,574419581,L,2014-05-31,2014-07-19,59,Online,11,2374,1545972.54,1246255.04,299717.5,2014-05-31,2014-07-19,2014-07-19,d7b18862d63afdcd169080d66c51e63f,2014-07-19,2014-07-19,
2910,917070710,H,2014-06-02,2014-06-11,52,Online,5,457,69729.06,44530.08,25198.98,2014-06-02,2014-06-11,2014-06-11,ae46159f1c8c4f0d5d3325627260ecfe,2014-06-11,2014-06-11,
2911,962686717,M,2014-06-02,2014-06-21,114,Online,3,9247,755757.31,524027.49,231729.82,2014-06-02,2014-06-21,2014-06-21,35bd921f17b2bd61e02a40c239517d48,2014-06-21,2014-06-21,
2912,582488095,M,2014-06-02,2014-06-23,152,Offline,3,26,2124.98,1473.42,651.56,2014-06-02,2014-06-23,2014-06-23,f0967e4249ea899c430a52c033ed6bf4,2014-06-23,2014-06-23,
2913,819344747,M,2014-06-02,2014-07-14,85,Online,11,1173,763869.33,615778.08,148091.25,2014-06-02,2014-07-14,2014-07-14,0f4312d455fae04e62919c6e5553683a,2014-07-14,2014-07-14,
2914,896132314,M,2014-06-03,2014-06-19,166,Offline,7,4321,888829.7,506032.31,382797.39,2014-06-03,2014-06-19,2014-06-19,1f3fb4d23b57e618e2a7204c5b867fe8,2014-06-19,2014-06-19,
2915,879405200,L,2014-06-03,2014-07-20,18,Online,2,4396,208590.2,139748.84,68841.36,2014-06-03,2014-07-20,2014-07-20,55988c6ffdca4fbcead70eafa71e3d23,2014-07-20,2014-07-20,
2916,438556039,H,2014-06-04,2014-06-22,179,Online,3,7332,599244.36,415504.44,183739.92,2014-06-04,2014-06-22,2014-06-22,efd26f97ba46339f7515bf934ef48337,2014-06-22,2014-06-22,
2917,509203708,M,2014-06-04,2014-06-24,21,Online,6,3548,546604.88,322619.64,223985.24,2014-06-04,2014-06-24,2014-06-24,9932e3e359200340dee48352543f69d8,2014-06-24,2014-06-24,
2918,851972854,L,2014-06-05,2014-06-10,29,Online,10,6555,2865846,1726128.15,1139717.85,2014-06-05,2014-06-10,2014-06-10,f214ab5eeed04742a82f1db147aea4fd,2014-06-10,2014-06-10,
2919,558912980,H,2014-06-05,2014-07-03,55,Offline,1,3626,33830.58,25091.92,8738.66,2014-06-05,2014-07-03,2014-07-03,fcc259a7c28612c2e6eab8d7d0bea84b,2014-07-03,2014-07-03,
2920,246843326,M,2014-06-06,2014-06-12,35,Offline,2,5280,250536,167851.2,82684.8,2014-06-06,2014-06-12,2014-06-12,2ff0c6e411d26fec573ad38c28e5e290,2014-06-12,2014-06-12,
2921,968118512,L,2014-06-06,2014-07-18,148,Offline,1,6636,61913.88,45921.12,15992.76,2014-06-06,2014-07-18,2014-07-18,db42e4b77ef58bc4101de3e66d6d16dc,2014-07-18,2014-07-18,
2922,880625712,H,2014-06-07,2014-07-23,103,Online,8,5573,1422675.44,888447.66,534227.78,2014-06-07,2014-07-23,2014-07-23,502ab2bb8c6128924decd850139762d9,2014-07-23,2014-07-23,
2923,263098371,L,2014-06-08,2014-07-04,171,Online,3,5509,450250.57,312195.03,138055.54,2014-06-08,2014-07-04,2014-07-04,89f041eff8b14ab697d7c5b789fbd613,2014-07-04,2014-07-04,
2924,616572749,H,2014-06-08,2014-07-12,100,Online,8,6433,1642216.24,1025548.86,616667.38,2014-06-08,2014-07-12,2014-07-12,73e261f987a7b3619a67c4ac6730be79,2014-07-12,2014-07-12,
2925,159232509,H,2014-06-08,2014-07-14,58,Online,1,9293,86703.69,64307.56,22396.13,2014-06-08,2014-07-14,2014-07-14,a21a16b9aaef32167df0ff8fdb15790f,2014-07-14,2014-07-14,
2926,183910119,C,2014-06-09,2014-06-11,155,Online,10,1946,850791.2,512440.18,338351.02,2014-06-09,2014-06-11,2014-06-11,85a8e64795e891f5cdd49fa42f2526bc,2014-06-11,2014-06-11,
2927,175723588,L,2014-06-09,2014-06-14,171,Online,12,9370,6261689.9,4708799.8,1552890.1,2014-06-09,2014-06-14,2014-06-14,9298924ed658dc85d598c49c80cb6b94,2014-06-14,2014-06-14,
2928,497554337,H,2014-06-10,2014-07-28,43,Online,4,6240,681907.2,223641.6,458265.6,2014-06-10,2014-07-28,2014-07-28,7d02fa6c2b0ad2c3bb78a1c37c532912,2014-07-28,2014-07-28,
2929,260343635,H,2014-06-11,2014-06-12,96,Online,4,322,35188.16,11540.48,23647.68,2014-06-11,2014-06-12,2014-06-12,f315b53bf6083c7a83af0cc8bc6b826a,2014-06-12,2014-06-12,
2930,651247489,C,2014-06-11,2014-07-02,54,Offline,6,7459,1149133.54,678246.87,470886.67,2014-06-11,2014-07-02,2014-07-02,afd903716723e16a79283ca3d3b91494,2014-07-02,2014-07-02,
2931,191624581,C,2014-06-12,2014-08-01,70,Online,1,4827,45035.91,33402.84,11633.07,2014-06-12,2014-08-01,2014-08-01,8318c1d0aa3708425f259006584744c8,2014-08-01,2014-08-01,
2932,299465692,H,2014-06-13,2014-06-26,82,Offline,11,7408,4824163.68,3888903.68,935260,2014-06-13,2014-06-26,2014-06-26,338f8346d17ba9e73c2bb84d8eafe128,2014-06-26,2014-06-26,
2933,657033336,C,2014-06-13,2014-07-02,158,Online,10,9620,4205864,2533234.6,1672629.4,2014-06-13,2014-07-02,2014-07-02,f2e805aab18dc1a311bfa73567d1bda1,2014-07-02,2014-07-02,
2934,794235408,H,2014-06-13,2014-07-06,93,Online,6,762,117393.72,69288.66,48105.06,2014-06-13,2014-07-06,2014-07-06,5cedbd7b6482b006f3788d16054c4443,2014-07-06,2014-07-06,
2935,943835294,C,2014-06-13,2014-08-01,62,Online,4,692,75621.76,24801.28,50820.48,2014-06-13,2014-08-01,2014-08-01,07b856caaa0b318e07037be63a9b402c,2014-08-01,2014-08-01,
2936,243144452,H,2014-06-14,2014-07-16,75,Online,7,701,144195.7,82094.11,62101.59,2014-06-14,2014-07-16,2014-07-16,9835acb4ab0379c53303243b2abed89e,2014-07-16,2014-07-16,
2937,974888837,C,2014-06-14,2014-07-22,29,Online,6,126,19411.56,11457.18,7954.38,2014-06-14,2014-07-22,2014-07-22,d5dd8e6558b88c0f23e7d706ea6c1209,2014-07-22,2014-07-22,
2938,729373586,C,2014-06-15,2014-07-05,138,Offline,11,6707,4367665.47,3520906.72,846758.75,2014-06-15,2014-07-05,2014-07-05,0a34a9582691bf5f2942e157cd577df1,2014-07-05,2014-07-05,
2939,837450730,H,2014-06-15,2014-07-19,107,Offline,6,9136,1407492.16,830736.48,576755.68,2014-06-15,2014-07-19,2014-07-19,b6ab8284cc3107f9943c1386ddaf83ee,2014-07-19,2014-07-19,
2940,523570477,C,2014-06-15,2014-07-23,8,Online,7,4994,1027265.8,584847.34,442418.46,2014-06-15,2014-07-23,2014-07-23,6f70fd82c09ee407ff7a9e65aa0b73ae,2014-07-23,2014-07-23,
2941,768731677,C,2014-06-16,2014-07-18,121,Online,5,3641,555543.78,354779.04,200764.74,2014-06-16,2014-07-18,2014-07-18,ec5d61772d4e2236649e739370f5cf39,2014-07-18,2014-07-18,
2942,124126040,H,2014-06-17,2014-08-02,61,Offline,4,509,55623.52,18242.56,37380.96,2014-06-17,2014-08-02,2014-08-02,af509d1a43277830012ef54b32380d9a,2014-08-02,2014-08-02,
2943,219451320,M,2014-06-18,2014-07-02,155,Offline,9,9377,3956062.53,3419698.13,536364.4,2014-06-18,2014-07-02,2014-07-02,40224801a94d818d993bdeb7631adffc,2014-07-02,2014-07-02,
2944,597839343,C,2014-06-18,2014-07-26,134,Offline,3,2802,229007.46,158789.34,70218.12,2014-06-18,2014-07-26,2014-07-26,fcee2cece162615d15bcd30c227b2fbb,2014-07-26,2014-07-26,
2945,765858924,H,2014-06-19,2014-07-21,26,Offline,12,3530,2358993.1,1773966.2,585026.9,2014-06-19,2014-07-21,2014-07-21,714c4a99a8a174a22694198b40c03f56,2014-07-21,2014-07-21,
2946,693046605,L,2014-06-20,2014-07-21,85,Online,2,6746,320097.7,214455.34,105642.36,2014-06-20,2014-07-21,2014-07-21,5943e421a774dd1893d733526565dec3,2014-07-21,2014-07-21,
2947,844575107,H,2014-06-21,2014-06-26,118,Online,9,7397,3120720.33,2697611.93,423108.4,2014-06-21,2014-06-26,2014-06-26,f886815702c7fb4a9a706df24861ed11,2014-06-26,2014-06-26,
2948,243892896,C,2014-06-21,2014-07-22,175,Offline,12,2183,1458833.41,1097044.82,361788.59,2014-06-21,2014-07-22,2014-07-22,77b5b8d503ed320a69b871c60a133fc4,2014-07-22,2014-07-22,
2949,162658011,C,2014-06-21,2014-07-24,95,Offline,12,2975,1988103.25,1495056.5,493046.75,2014-06-21,2014-07-24,2014-07-24,1fab6ad98e047c9b2e32e5b028160537,2014-07-24,2014-07-24,
2950,931477820,L,2014-06-23,2014-07-19,180,Online,2,3841,182255.45,122105.39,60150.06,2014-06-23,2014-07-19,2014-07-19,e48c696f5910aecc276ac0381d7eb42b,2014-07-19,2014-07-19,
2951,224647080,H,2014-06-23,2014-07-30,91,Offline,11,6918,4505070.78,3631673.28,873397.5,2014-06-23,2014-07-30,2014-07-30,64fd0e1d7aff3b438b429d1dac9e1aff,2014-07-30,2014-07-30,
2952,386526763,M,2014-06-24,2014-07-01,21,Offline,3,713,58273.49,40405.71,17867.78,2014-06-24,2014-07-01,2014-07-01,609677d7344819f45c5a4d5330f9113c,2014-07-01,2014-07-01,
2953,669353473,C,2014-06-24,2014-07-07,18,Online,1,5422,50587.26,37520.24,13067.02,2014-06-24,2014-07-07,2014-07-07,1bff7edc6ea28be4d7d29f04b8bdfeaf,2014-07-07,2014-07-07,
2954,315997111,C,2014-06-24,2014-07-25,123,Online,10,9422,4119298.4,2481095.26,1638203.14,2014-06-24,2014-07-25,2014-07-25,0e8fc10eeac5645f0ae77bc74513f3fc,2014-07-25,2014-07-25,
2955,716898095,H,2014-06-25,2014-07-17,124,Offline,1,4932,46015.56,34129.44,11886.12,2014-06-25,2014-07-17,2014-07-17,e94b20d6de880d76702f13cf35241ad0,2014-07-17,2014-07-17,
2956,822692573,L,2014-06-26,2014-07-07,52,Online,4,1869,204244.32,66984.96,137259.36,2014-06-26,2014-07-07,2014-07-07,b1680e4e5403ade9b0d3a94d7a07f433,2014-07-07,2014-07-07,
2957,662623488,C,2014-06-26,2014-07-11,66,Offline,9,3870,1632714.3,1411350.3,221364,2014-06-26,2014-07-11,2014-07-11,0052a54378adeb3de5fed5b879334485,2014-07-11,2014-07-11,
2958,762514102,L,2014-06-26,2014-07-28,10,Online,2,3722,176608.9,118322.38,58286.52,2014-06-26,2014-07-28,2014-07-28,998608d22ec37613eb78eb9cd156c408,2014-07-28,2014-07-28,
2959,916089236,C,2014-06-27,2014-07-28,180,Offline,10,17,7432.4,4476.61,2955.79,2014-06-27,2014-07-28,2014-07-28,b772ca3a87db312d71af69e06b1dccd0,2014-07-28,2014-07-28,
2960,901408755,C,2014-06-27,2014-08-01,63,Offline,12,5737,3833864.99,2883071.98,950793.01,2014-06-27,2014-08-01,2014-08-01,8833c96b1d1aa93d91f30e2a96ebfaae,2014-08-01,2014-08-01,
2961,749762237,L,2014-06-27,2014-08-02,78,Online,12,162,108259.74,81411.48,26848.26,2014-06-27,2014-08-02,2014-08-02,e2628ef88669b72d408c4fd08d78f7dc,2014-08-02,2014-08-02,
2962,672856652,C,2014-06-27,2014-08-03,185,Online,12,2091,1397352.57,1050811.14,346541.43,2014-06-27,2014-08-03,2014-08-03,d130afb8c428d5b1a344ad6081859578,2014-08-03,2014-08-03,
2963,732917106,M,2014-06-28,2014-08-09,104,Online,10,5313,2322843.6,1399072.29,923771.31,2014-06-28,2014-08-09,2014-08-09,485866ffbaef283bc65ddf2faddb5c8d,2014-08-09,2014-08-09,
2964,980124938,C,2014-06-29,2014-07-07,148,Online,3,9605,785016.65,544315.35,240701.3,2014-06-29,2014-07-07,2014-07-07,c97848e1de3ffa044256cd6d4da8a653,2014-07-07,2014-07-07,
2965,745078885,M,2014-06-29,2014-07-11,67,Offline,3,4254,347679.42,241074.18,106605.24,2014-06-29,2014-07-11,2014-07-11,b2da5b8b7acba1539c3aa908967c77ec,2014-07-11,2014-07-11,
2966,530853211,L,2014-06-30,2014-08-02,174,Offline,2,117,5551.65,3719.43,1832.22,2014-06-30,2014-08-02,2014-08-02,e8439c366e56355aa0d59ee7e69cde38,2014-08-02,2014-08-02,
2967,701155459,L,2014-07-01,2014-07-02,119,Offline,6,6337,976278.22,576223.41,400054.81,2014-07-01,2014-07-02,2014-07-02,74d2a8ca429257144dd5663e8951f1c6,2014-07-02,2014-07-02,
2968,682381713,M,2014-07-01,2014-07-08,95,Online,3,768,62768.64,43522.56,19246.08,2014-07-01,2014-07-08,2014-07-08,d6313c5aac2db56c1d9188986907f244,2014-07-08,2014-07-08,
2969,139949357,H,2014-07-01,2014-07-14,33,Online,6,2980,459098.8,270971.4,188127.4,2014-07-01,2014-07-14,2014-07-14,3493f6b9b0e9f441140eaf18cb481d08,2014-07-14,2014-07-14,
2970,235392653,C,2014-07-02,2014-07-08,116,Online,6,6772,1043294.32,615777.96,427516.36,2014-07-02,2014-07-08,2014-07-08,6e8ad2ebc1cb89485242ef2c5dce823a,2014-07-08,2014-07-08,
2971,727997720,C,2014-07-02,2014-07-19,43,Offline,6,9558,1472505.48,869108.94,603396.54,2014-07-02,2014-07-19,2014-07-19,07cfce9356597ab63be1494e14a3423a,2014-07-19,2014-07-19,
2972,653020751,H,2014-07-02,2014-07-19,41,Offline,3,2207,180378.11,125070.69,55307.42,2014-07-02,2014-07-19,2014-07-19,2eb931ffa49e5d1d43a68fb4471a643a,2014-07-19,2014-07-19,
2973,989886033,L,2014-07-02,2014-08-01,133,Online,1,8129,75843.57,56252.68,19590.89,2014-07-02,2014-08-01,2014-08-01,71dc98825ae1c91be06c5cd780379baf,2014-08-01,2014-08-01,
2974,256095016,H,2014-07-02,2014-08-21,140,Offline,11,3061,1993353.81,1606902.56,386451.25,2014-07-02,2014-08-21,2014-08-21,0e57df58b00b766a3b6620cbe8eb4348,2014-08-21,2014-08-21,
2975,956313788,M,2014-07-03,2014-07-19,184,Online,3,3356,274285.88,190184.52,84101.36,2014-07-03,2014-07-19,2014-07-19,eb86a95f9f2438ba5cbb3ef4723853c2,2014-07-19,2014-07-19,
2976,332528531,L,2014-07-04,2014-08-22,123,Online,2,1437,68185.65,45682.23,22503.42,2014-07-04,2014-08-22,2014-08-22,ad1b02a2533d83445744bcac56413e60,2014-08-22,2014-08-22,
2977,305332219,L,2014-07-05,2014-07-12,29,Offline,5,3444,525485.52,335583.36,189902.16,2014-07-05,2014-07-12,2014-07-12,43f7411a8225219411dc414818136f50,2014-07-12,2014-07-12,
2978,895663249,H,2014-07-05,2014-08-10,14,Online,1,5514,51445.62,38156.88,13288.74,2014-07-05,2014-08-10,2014-08-10,65545a18d0996b0fd83cf203ef51fcc5,2014-08-10,2014-08-10,
2979,806241834,M,2014-07-05,2014-08-15,93,Offline,4,3730,407614.4,133683.2,273931.2,2014-07-05,2014-08-15,2014-08-15,9d418a325fd741384ac0126483e0d144,2014-08-15,2014-08-15,
2980,494526231,M,2014-07-05,2014-08-19,129,Online,11,156,101588.76,81893.76,19695,2014-07-05,2014-08-19,2014-08-19,9be12ccc145a9ec300bc968e8da5fbe7,2014-08-19,2014-08-19,
2981,764483058,C,2014-07-06,2014-08-05,90,Offline,9,6380,2691658.2,2326722.2,364936,2014-07-06,2014-08-05,2014-08-05,75d3989c7285e79a73fc0e3b3303c695,2014-08-05,2014-08-05,
2982,602249324,C,2014-07-07,2014-08-10,105,Online,1,7813,72895.29,54065.96,18829.33,2014-07-07,2014-08-10,2014-08-10,1af3f96dd217d162078bbc181c652234,2014-08-10,2014-08-10,
2983,606224572,M,2014-07-08,2014-07-15,134,Offline,10,4177,1826184.4,1099929.41,726254.99,2014-07-08,2014-07-15,2014-07-15,9fc5971dd1558c1655e3b1967476b4e0,2014-07-15,2014-07-15,
2984,140461766,C,2014-07-08,2014-07-20,155,Online,10,4613,2016803.6,1214741.29,802062.31,2014-07-08,2014-07-20,2014-07-20,cd6cd7ac91e985a8090e4965092ec1f0,2014-07-20,2014-07-20,
2985,739097344,M,2014-07-08,2014-07-20,56,Offline,6,4183,644432.98,380360.19,264072.79,2014-07-08,2014-07-20,2014-07-20,58e10ea4e01551584ac7c9af32fc9e0c,2014-07-20,2014-07-20,
2986,778691470,L,2014-07-08,2014-08-01,68,Offline,3,965,78869.45,54686.55,24182.9,2014-07-08,2014-08-01,2014-08-01,999ed183f2f63ae915c7f54168ee8738,2014-08-01,2014-08-01,
2987,978000628,C,2014-07-09,2014-07-16,143,Online,2,974,46216.3,30963.46,15252.84,2014-07-09,2014-07-16,2014-07-16,ac1c54a8205ed7bfeadd7740ecc3d25b,2014-07-16,2014-07-16,
2988,535104835,C,2014-07-10,2014-07-15,40,Online,2,8267,392269.15,262807.93,129461.22,2014-07-10,2014-07-15,2014-07-15,bbdfecc960076b9419d7826a2f5d8859,2014-07-15,2014-07-15,
2989,904952275,H,2014-07-10,2014-07-17,1,Offline,11,4343,2828205.03,2279901.28,548303.75,2014-07-10,2014-07-17,2014-07-17,23304fd14cfac0220ecc73c2fc9f3981,2014-07-17,2014-07-17,
2990,208590734,C,2014-07-11,2014-08-19,175,Online,4,5488,599728.64,196689.92,403038.72,2014-07-11,2014-08-19,2014-08-19,8ebe1a6de2d0b691385892353c172c10,2014-08-19,2014-08-19,
2991,927583253,L,2014-07-11,2014-08-30,14,Offline,4,1352,147746.56,48455.68,99290.88,2014-07-11,2014-08-30,2014-08-30,70ef2263d2ce26d748ad2fcdf5544f14,2014-08-30,2014-08-30,
2992,129166448,H,2014-07-13,2014-07-28,21,Offline,12,2077,1387996.79,1043775.58,344221.21,2014-07-13,2014-07-28,2014-07-28,80feda1183d520395c7f1b4cc4491a48,2014-07-28,2014-07-28,
2993,224727761,L,2014-07-13,2014-08-15,77,Online,7,793,163120.1,92868.23,70251.87,2014-07-13,2014-08-15,2014-08-15,d49abdb269d59fa11bbd453394645cd8,2014-08-15,2014-08-15,
2994,663176238,L,2014-07-14,2014-07-26,64,Offline,12,7441,4972597.07,3739400.14,1233196.93,2014-07-14,2014-07-26,2014-07-26,d068787802232a1137ecdc2a18ba5ffc,2014-07-26,2014-07-26,
2995,357482516,C,2014-07-14,2014-07-28,138,Online,2,5875,278768.75,186766.25,92002.5,2014-07-14,2014-07-28,2014-07-28,5c91d22e8eedd18f33f3f6bb423bc1da,2014-07-28,2014-07-28,
2996,648495757,L,2014-07-14,2014-07-31,87,Online,10,3160,1381552,832122.8,549429.2,2014-07-14,2014-07-31,2014-07-31,69f757aa01dfb78d18bd6321f09984d3,2014-07-31,2014-07-31,
2997,295139396,L,2014-07-14,2014-08-18,72,Offline,7,7161,1473017.7,838624.71,634392.99,2014-07-14,2014-08-18,2014-08-18,9a7db476db60a8b84c98c176df21a921,2014-08-18,2014-08-18,
2998,517433583,H,2014-07-15,2014-08-20,87,Offline,5,8951,1365743.58,872185.44,493558.14,2014-07-15,2014-08-20,2014-08-20,faf8dc11de6583383e8cbfd79223c4e1,2014-08-20,2014-08-20,
2999,849969565,H,2014-07-15,2014-09-03,181,Online,9,3737,1576602.93,1362846.53,213756.4,2014-07-15,2014-09-03,2014-09-03,92046333eeb14a46f88f2761ba8d8e61,2014-09-03,2014-09-03,
3000,475792825,M,2014-07-15,2014-09-03,178,Offline,8,6525,1665702,1040215.5,625486.5,2014-07-15,2014-09-03,2014-09-03,69f6d9f063ff30c5a7d586b53ac4e54e,2014-09-03,2014-09-03,
3001,655974185,M,2014-07-18,2014-07-31,116,Offline,11,6193,4032943.53,3251077.28,781866.25,2014-07-18,2014-07-31,2014-07-31,c1f3f207741e742c6b461a7161ecf6e7,2014-07-31,2014-07-31,
3002,101025998,M,2014-07-18,2014-08-11,33,Online,12,4693,3136191.11,2358420.22,777770.89,2014-07-18,2014-08-11,2014-08-11,92263c94db6d20a86583938503387013,2014-08-11,2014-08-11,
3003,294077241,H,2014-07-19,2014-07-28,159,Offline,4,2845,310901.6,101964.8,208936.8,2014-07-19,2014-07-28,2014-07-28,9fe9cf40fd1dd6404b909bfe5e261c6c,2014-07-28,2014-07-28,
3004,967689788,M,2014-07-19,2014-07-28,114,Online,4,9767,1067337.76,350049.28,717288.48,2014-07-19,2014-07-28,2014-07-28,d5b67133089f7e5b902a1e1db0064e15,2014-07-28,2014-07-28,
3005,456192958,L,2014-07-19,2014-08-18,167,Online,3,6489,530345.97,367731.63,162614.34,2014-07-19,2014-08-18,2014-08-18,52205fdb9f7b88145ce9119d2ff9bea2,2014-08-18,2014-08-18,
3006,312732970,C,2014-07-20,2014-08-17,119,Online,10,3490,1525828,919021.7,606806.3,2014-07-20,2014-08-17,2014-08-17,f4b3a65942277a7e4cf074e98ada105b,2014-08-17,2014-08-17,
3007,539002406,C,2014-07-21,2014-07-23,134,Online,4,1645,179765.6,58956.8,120808.8,2014-07-21,2014-07-23,2014-07-23,a16ad126a608005c44c2a13012090c85,2014-07-23,2014-07-23,
3008,100317895,L,2014-07-22,2014-08-14,159,Offline,11,5149,3353080.29,2703019.04,650061.25,2014-07-22,2014-08-14,2014-08-14,f138aa2874791b8768ca0742fbb4550a,2014-08-14,2014-08-14,
3009,694624173,C,2014-07-22,2014-08-16,142,Offline,12,3584,2395079.68,1801103.36,593976.32,2014-07-22,2014-08-16,2014-08-16,fa19e5856d79218842465967b622cdba,2014-08-16,2014-08-16,
3010,476187217,M,2014-07-23,2014-08-15,115,Offline,11,3234,2106013.14,1697720.64,408292.5,2014-07-23,2014-08-15,2014-08-15,a434dbe5767b929d73d0897219607cd4,2014-08-15,2014-08-15,
3011,307577550,H,2014-07-24,2014-07-27,71,Online,3,7887,644604.51,446956.29,197648.22,2014-07-24,2014-07-27,2014-07-27,36de1c20d9663a8185b00a165c9ff88e,2014-07-27,2014-07-27,
3012,409514796,L,2014-07-24,2014-09-07,32,Online,3,3383,276492.59,191714.61,84777.98,2014-07-24,2014-09-07,2014-09-07,235f7458cae2f9c175fca6955332061f,2014-09-07,2014-09-07,
3013,835329425,M,2014-07-25,2014-07-27,49,Online,6,1395,214913.7,126847.35,88066.35,2014-07-25,2014-07-27,2014-07-27,b89ab6697725893cc78f1461009a9d97,2014-07-27,2014-07-27,
3014,650346696,H,2014-07-25,2014-09-03,42,Online,6,894,137729.64,81291.42,56438.22,2014-07-25,2014-09-03,2014-09-03,65731d8c4ffe37901f018b7800f6157a,2014-09-03,2014-09-03,
3015,195171105,M,2014-07-25,2014-09-04,118,Online,3,4322,353237.06,244927.74,108309.32,2014-07-25,2014-09-04,2014-09-04,ee6d5e199e7bb9e35c14e8f7a9c10cbd,2014-09-04,2014-09-04,
3016,770821654,C,2014-07-26,2014-08-19,33,Offline,11,2112,1375355.52,1108715.52,266640,2014-07-26,2014-08-19,2014-08-19,f8fb123f82095181060bf747cb42c5f0,2014-08-19,2014-08-19,
3017,385939681,M,2014-07-27,2014-07-29,44,Online,6,6983,1075800.98,634964.19,440836.79,2014-07-27,2014-07-29,2014-07-29,7fac25fb007e605a562c6b43aa5e590c,2014-07-29,2014-07-29,
3018,835093390,H,2014-07-27,2014-07-29,88,Offline,3,1547,126436.31,87668.49,38767.82,2014-07-27,2014-07-29,2014-07-29,49e14b947397a8aa9705f1ec363fca9d,2014-07-29,2014-07-29,
3019,666483724,C,2014-07-28,2014-08-31,167,Online,12,6199,4142605.73,3115245.46,1027360.27,2014-07-28,2014-08-31,2014-08-31,ef036b176965c595d1215ac84cd8c657,2014-08-31,2014-08-31,
3020,533256900,H,2014-07-29,2014-07-31,71,Offline,6,1422,219073.32,129302.46,89770.86,2014-07-29,2014-07-31,2014-07-31,4c30058d8fb2e1e86ea90bc0a3ac279a,2014-07-31,2014-07-31,
3021,755669105,M,2014-07-29,2014-08-27,161,Offline,11,8136,5298244.56,4271074.56,1027170,2014-07-29,2014-08-27,2014-08-27,65e6488fc7bf14af8bbd785b3133dcfe,2014-08-27,2014-08-27,
3022,828245389,L,2014-07-29,2014-08-27,27,Online,11,5071,3302285.91,2662072.16,640213.75,2014-07-29,2014-08-27,2014-08-27,7f3a9e1521dfa2f827155409af970f15,2014-08-27,2014-08-27,
3023,483193576,L,2014-07-30,2014-08-18,143,Online,1,6572,61316.76,45478.24,15838.52,2014-07-30,2014-08-18,2014-08-18,b32eb6bcb39bfba1f250c37f8bd17120,2014-08-18,2014-08-18,
3024,967258059,M,2014-07-31,2014-08-08,94,Online,3,2009,164195.57,113850.03,50345.54,2014-07-31,2014-08-08,2014-08-08,06e0af486448fdbeb50156d7c4d2033b,2014-08-08,2014-08-08,
3025,404005324,H,2014-07-31,2014-09-15,156,Online,2,3008,142729.6,95624.32,47105.28,2014-07-31,2014-09-15,2014-09-15,fa6e209f57e74b3da83316203c9ca46c,2014-09-15,2014-09-15,
3026,256098020,M,2014-08-01,2014-08-21,161,Offline,8,3950,1008356,629709,378647,2014-08-01,2014-08-21,2014-08-21,8f610e6df46f4b818695a6778b56ed9e,2014-08-21,2014-08-21,
3027,835959851,L,2014-08-01,2014-08-27,82,Offline,9,7952,3354869.28,2900014.88,454854.4,2014-08-01,2014-08-27,2014-08-27,a65e67cbad1192771f25511df1a367ab,2014-08-27,2014-08-27,
3028,287151563,M,2014-08-02,2014-08-11,58,Offline,3,3383,276492.59,191714.61,84777.98,2014-08-02,2014-08-11,2014-08-11,e351dfd55b9dc048757f2a586d072636,2014-08-11,2014-08-11,
3029,118659913,C,2014-08-02,2014-08-17,84,Online,7,2960,608872,346645.6,262226.4,2014-08-02,2014-08-17,2014-08-17,999f0cd4a75d0d86642eeb0f3900b0d6,2014-08-17,2014-08-17,
3030,472134292,M,2014-08-02,2014-08-25,16,Offline,9,3884,1638620.76,1416455.96,222164.8,2014-08-02,2014-08-25,2014-08-25,0d61ca5c3efd7964f4113f76952882de,2014-08-25,2014-08-25,
3031,902160203,C,2014-08-03,2014-08-07,130,Online,5,8107,1236966.06,789946.08,447019.98,2014-08-03,2014-08-07,2014-08-07,344c0a04cf89647ac0f7a2e516702e59,2014-08-07,2014-08-07,
3032,517514264,L,2014-08-03,2014-09-04,75,Offline,9,2826,1192261.14,1030613.94,161647.2,2014-08-03,2014-09-04,2014-09-04,79f9e231acd7ceab9d777210fbd1efb2,2014-09-04,2014-09-04,
3033,883504474,H,2014-08-03,2014-09-08,11,Offline,11,7462,4859329.02,3917251.52,942077.5,2014-08-03,2014-09-08,2014-09-08,4b6823db8c0e1d1855066ddf669d41ae,2014-09-08,2014-09-08,
3034,168487203,H,2014-08-03,2014-09-21,33,Offline,11,7962,5184934.02,4179731.52,1005202.5,2014-08-03,2014-09-21,2014-09-21,5126aedafb86fab6369b8abfa7208213,2014-09-21,2014-09-21,
3035,554825723,H,2014-08-04,2014-08-24,123,Offline,6,4116,634110.96,374267.88,259843.08,2014-08-04,2014-08-24,2014-08-24,ca12f471d9d733344019ea302c2c3cfa,2014-08-24,2014-08-24,
3036,128539025,C,2014-08-05,2014-08-16,184,Online,7,6409,1318331.3,750557.99,567773.31,2014-08-05,2014-08-16,2014-08-16,c2ae5d8557cf1c37cc86d4e0cc328cd4,2014-08-16,2014-08-16,
3037,828993833,M,2014-08-05,2014-09-02,145,Offline,8,6552,1672594.56,1044519.84,628074.72,2014-08-05,2014-09-02,2014-09-02,93e855e5ffc8d16c99c46c984d105464,2014-09-02,2014-09-02,
3038,406564366,M,2014-08-07,2014-08-25,163,Online,6,286,44061.16,26005.98,18055.18,2014-08-07,2014-08-25,2014-08-25,ff364b820af58ccd9919e31afa1c1141,2014-08-25,2014-08-25,
3039,570844733,H,2014-08-07,2014-09-15,177,Offline,1,4497,41957.01,31119.24,10837.77,2014-08-07,2014-09-15,2014-09-15,297b72cd668d37cdd8352c042ca3929b,2014-09-15,2014-09-15,
3040,335680663,C,2014-08-08,2014-08-25,87,Offline,5,4223,644345.34,411489.12,232856.22,2014-08-08,2014-08-25,2014-08-25,b6373ee93f212e0590904e57061d7ac4,2014-08-25,2014-08-25,
3041,260821712,C,2014-08-08,2014-09-19,73,Offline,9,1795,757292.55,654618.55,102674,2014-08-08,2014-09-19,2014-09-19,ca16ab6597a43dfc6eac43eaf83d3b50,2014-09-19,2014-09-19,
3042,329540765,H,2014-08-08,2014-09-21,65,Online,2,7290,345910.5,231749.1,114161.4,2014-08-08,2014-09-21,2014-09-21,5ebfeee52025c693cb6a0a69638de538,2014-09-21,2014-09-21,
3043,138182103,C,2014-08-09,2014-08-16,101,Online,11,10,6512.1,5249.6,1262.5,2014-08-09,2014-08-16,2014-08-16,e1010224b664d7e797af064d4f0fe802,2014-08-16,2014-08-16,
3044,857174623,L,2014-08-09,2014-08-27,59,Online,6,5874,904948.44,534122.82,370825.62,2014-08-09,2014-08-27,2014-08-27,ef7083a06e24429889c5e46b932fffc6,2014-08-27,2014-08-27,
3045,798806750,C,2014-08-10,2014-08-22,31,Offline,11,3524,2294864.04,1849959.04,444905,2014-08-10,2014-08-22,2014-08-22,6d57368a4eb071516b2d20018e29a182,2014-08-22,2014-08-22,
3046,879923617,M,2014-08-10,2014-09-15,5,Online,8,7807,1992970.96,1244591.94,748379.02,2014-08-10,2014-09-15,2014-09-15,7f0e63e74dcf2a0c8d5811e31250f32f,2014-09-15,2014-09-15,
3047,954546535,M,2014-08-11,2014-08-21,2,Online,12,387,258620.49,194482.98,64137.51,2014-08-11,2014-08-21,2014-08-21,644732b8f87a25fdb3cf2541cbe2bc8e,2014-08-21,2014-08-21,
3048,459894835,C,2014-08-11,2014-09-05,136,Offline,7,1957,402554.9,229184.27,173370.63,2014-08-11,2014-09-05,2014-09-05,11caa5e2bedb19a479401d1e2492d3f2,2014-09-05,2014-09-05,
3049,850562655,M,2014-08-11,2014-09-25,58,Offline,8,9246,2360318.88,1473997.32,886321.56,2014-08-11,2014-09-25,2014-09-25,d3a74f56e37cb265704bfc3a02479ae4,2014-09-25,2014-09-25,
3050,538847053,H,2014-08-11,2014-09-29,53,Offline,12,5672,3790427.44,2850406.88,940020.56,2014-08-11,2014-09-29,2014-09-29,b883937de735702bb2481ee36f9aed7a,2014-09-29,2014-09-29,
3051,871147000,C,2014-08-12,2014-08-25,137,Online,12,611,408312.97,307051.94,101261.03,2014-08-12,2014-08-25,2014-08-25,7ef84508ceabf455ef19d4fc4b393aa7,2014-08-25,2014-08-25,
3052,141685283,H,2014-08-12,2014-09-12,92,Online,5,6679,1019081.82,650801.76,368280.06,2014-08-12,2014-09-12,2014-09-12,5239682148c359c3e799fe7b5df11c5f,2014-09-12,2014-09-12,
3053,987410676,C,2014-08-13,2014-09-06,94,Offline,7,5616,1155211.2,657689.76,497521.44,2014-08-13,2014-09-06,2014-09-06,e86e982aeecaf88a4e5c8c670bca58a1,2014-09-06,2014-09-06,
3054,108231055,L,2014-08-13,2014-09-24,110,Online,9,6829,2881086.81,2490468.01,390618.8,2014-08-13,2014-09-24,2014-09-24,a27db9b56e6150c86d616ae4323423bb,2014-09-24,2014-09-24,
3055,820965659,C,2014-08-14,2014-08-18,85,Online,10,837,365936.4,220407.21,145529.19,2014-08-14,2014-08-18,2014-08-18,f0ce3f58d5612c4b8e819ede01622583,2014-08-18,2014-08-18,
3056,457022082,C,2014-08-15,2014-09-10,113,Online,5,1845,281510.1,179776.8,101733.3,2014-08-15,2014-09-10,2014-09-10,9d6d7714a6906b34f71bdbbd8e4e0e5c,2014-09-10,2014-09-10,
3057,342450988,H,2014-08-16,2014-08-29,154,Offline,2,7712,365934.4,245164.48,120769.92,2014-08-16,2014-08-29,2014-08-29,77b72bdb773728742b295b11450dc030,2014-08-29,2014-08-29,
3058,253029572,M,2014-08-16,2014-09-03,128,Online,11,5928,3860372.88,3111962.88,748410,2014-08-16,2014-09-03,2014-09-03,24f3eef293d4758b178758bea737bb68,2014-09-03,2014-09-03,
3059,976351392,M,2014-08-16,2014-09-12,55,Online,6,2928,451087.68,266243.04,184844.64,2014-08-16,2014-09-12,2014-09-12,8d448bcd383abbff402061e15afa0745,2014-09-12,2014-09-12,
3060,471348512,M,2014-08-16,2014-10-01,24,Online,1,1354,12632.82,9369.68,3263.14,2014-08-16,2014-10-01,2014-10-01,dbe4a5cb9049c8eb8287d9bfbb3ef056,2014-10-01,2014-10-01,
3061,169748055,L,2014-08-17,2014-10-02,150,Offline,4,1077,117694.56,38599.68,79094.88,2014-08-17,2014-10-02,2014-10-02,65cbd004eef91dcb21e5e35e8f5776c3,2014-10-02,2014-10-02,
3062,701475179,M,2014-08-18,2014-09-05,132,Online,11,949,617998.29,498187.04,119811.25,2014-08-18,2014-09-05,2014-09-05,60d49c20d705ea94a7678e8b698493cb,2014-09-05,2014-09-05,
3063,747327220,H,2014-08-18,2014-09-15,26,Online,5,9587,1462784.46,934157.28,528627.18,2014-08-18,2014-09-15,2014-09-15,52da80287c1e412efe20470a1644bbfb,2014-09-15,2014-09-15,
3064,265191352,M,2014-08-18,2014-09-26,30,Offline,5,4869,742912.02,474435.36,268476.66,2014-08-18,2014-09-26,2014-09-26,b9eb6c89c7199f000298a53891724d42,2014-09-26,2014-09-26,
3065,930145299,C,2014-08-18,2014-09-30,68,Online,4,9519,1040236.32,341160.96,699075.36,2014-08-18,2014-09-30,2014-09-30,ca8ac9d9cd16c516037ee6cf99a8c079,2014-09-30,2014-09-30,
3066,198282897,L,2014-08-19,2014-08-30,60,Online,10,5170,2260324,1361416.1,898907.9,2014-08-19,2014-08-30,2014-08-30,a74089e14eb34f92da0e4d4c36f8993c,2014-08-30,2014-08-30,
3067,115237414,H,2014-08-19,2014-09-27,126,Offline,6,167,25728.02,15185.31,10542.71,2014-08-19,2014-09-27,2014-09-27,842cd0758d7733538df00913f66137f6,2014-09-27,2014-09-27,
3068,859261596,M,2014-08-19,2014-09-29,135,Offline,6,3456,532431.36,314254.08,218177.28,2014-08-19,2014-09-29,2014-09-29,ae32dcb4e9d74cb2b42332034c4dea65,2014-09-29,2014-09-29,
3069,780427396,L,2014-08-19,2014-09-30,182,Online,7,4664,959384.8,546201.04,413183.76,2014-08-19,2014-09-30,2014-09-30,484f45e2de0c75fe460c2ca085267c44,2014-09-30,2014-09-30,
3070,642871272,L,2014-08-20,2014-09-01,162,Online,12,8750,5847362.5,4397225,1450137.5,2014-08-20,2014-09-01,2014-09-01,06aa97171d2d26186f332b97835bb69b,2014-09-01,2014-09-01,
3071,104650199,H,2014-08-20,2014-10-01,55,Offline,7,7174,1475691.8,840147.14,635544.66,2014-08-20,2014-10-01,2014-10-01,0421c86e3983f4f68c6ac6c859e6a883,2014-10-01,2014-10-01,
3072,447419345,H,2014-08-21,2014-09-18,175,Offline,2,182,8635.9,5785.78,2850.12,2014-08-21,2014-09-18,2014-09-18,27b3a0e82ea07e5ce32d53fd88b70506,2014-09-18,2014-09-18,
3073,592807948,C,2014-08-21,2014-09-19,184,Offline,12,3900,2606253,1959906,646347,2014-08-21,2014-09-19,2014-09-19,429915cdb4c9b8a6251530518bd88eb0,2014-09-19,2014-09-19,
3074,505551183,L,2014-08-21,2014-09-23,17,Online,7,2684,552098.8,314323.24,237775.56,2014-08-21,2014-09-23,2014-09-23,96117ee2ab4348a8626da9c70a955d05,2014-09-23,2014-09-23,
3075,447183310,C,2014-08-22,2014-09-19,137,Offline,10,334,146024.8,87952.22,58072.58,2014-08-22,2014-09-19,2014-09-19,cc5e8df11b8c9daa46048d3a7a8b2f5e,2014-09-19,2014-09-19,
3076,139560973,H,2014-08-22,2014-09-21,97,Online,10,8048,3518585.6,2119279.84,1399305.76,2014-08-22,2014-09-21,2014-09-21,8b18f3d67d2c2b7db257974d14b4b31a,2014-09-21,2014-09-21,
3077,796328389,H,2014-08-22,2014-09-27,2,Offline,3,121,9889.33,6857.07,3032.26,2014-08-22,2014-09-27,2014-09-27,049faeee447ba0cb59b98bcc8845964f,2014-09-27,2014-09-27,
3078,617485558,C,2014-08-23,2014-10-08,150,Offline,3,6554,535658.42,371415.18,164243.24,2014-08-23,2014-10-08,2014-10-08,8b2064de9998e1e9bafbf591aec70b56,2014-10-08,2014-10-08,
3079,209736573,C,2014-08-24,2014-09-24,30,Offline,11,4568,2974727.28,2398017.28,576710,2014-08-24,2014-09-24,2014-09-24,8c5a863a3b0ba0cee00a4b5fa3faf71e,2014-09-24,2014-09-24,
3080,839543712,H,2014-08-24,2014-10-10,150,Online,3,8496,694378.08,481468.32,212909.76,2014-08-24,2014-10-10,2014-10-10,7caf270453c2970159232983b1f1c646,2014-10-10,2014-10-10,
3081,571161448,L,2014-08-25,2014-09-30,84,Online,12,8220,5493179.4,4130878.8,1362300.6,2014-08-25,2014-09-30,2014-09-30,3f04fe5d42e7877c3835392c5ed0dd89,2014-09-30,2014-09-30,
3082,516886842,M,2014-08-27,2014-09-25,152,Offline,2,7158,339647.1,227552.82,112094.28,2014-08-27,2014-09-25,2014-09-25,f86ae292d4f2763faf4a351c5272985c,2014-09-25,2014-09-25,
3083,599578273,H,2014-08-29,2014-09-24,146,Offline,12,7390,4938515.3,3713770.6,1224744.7,2014-08-29,2014-09-24,2014-09-24,2deae73dda487232cc00395a2719a768,2014-09-24,2014-09-24,
3084,491383111,H,2014-08-29,2014-10-05,173,Offline,11,37,24094.77,19423.52,4671.25,2014-08-29,2014-10-05,2014-10-05,76ad3956b0ee629cd3734d508847e568,2014-10-05,2014-10-05,
3085,703562152,H,2014-08-29,2014-10-09,8,Offline,6,8530,1314131.8,775632.9,538498.9,2014-08-29,2014-10-09,2014-10-09,392845f2768647deac6b0d7dc1dc7172,2014-10-09,2014-10-09,
3086,414359509,C,2014-08-30,2014-09-11,26,Offline,8,7042,1797681.76,1122635.64,675046.12,2014-08-30,2014-09-11,2014-09-11,f2f25c2b96187abdefaaf1cdcca04220,2014-09-11,2014-09-11,
3087,248150527,H,2014-08-30,2014-10-12,151,Online,5,2110,321943.8,205598.4,116345.4,2014-08-30,2014-10-12,2014-10-12,2020a7dce0978d8226789d546dec63fd,2014-10-12,2014-10-12,
3088,285343968,C,2014-08-31,2014-09-05,30,Online,6,8476,1305812.56,770722.68,535089.88,2014-08-31,2014-09-05,2014-09-05,d28473cc89e8579cab7beda4cdd500a8,2014-09-05,2014-09-05,
3089,501498258,L,2014-08-31,2014-10-03,152,Online,10,3334,1457624.8,877942.22,579682.58,2014-08-31,2014-10-03,2014-10-03,8a411142c4c1a7a9bc5235d938032385,2014-10-03,2014-10-03,
3090,925384271,H,2014-08-31,2014-10-12,112,Online,12,625,417668.75,314087.5,103581.25,2014-08-31,2014-10-12,2014-10-12,6fc69c87e5874d6b6ddf1c6fce187b1d,2014-10-12,2014-10-12,
3091,274756753,H,2014-09-01,2014-09-09,89,Online,7,5484,1128058.8,642231.24,485827.56,2014-09-01,2014-09-09,2014-09-09,d79fb96c10632d434d0dff2f4d76c690,2014-09-09,2014-09-09,
3092,550853478,M,2014-09-02,2014-09-18,53,Online,8,8640,2205619.2,1377388.8,828230.4,2014-09-02,2014-09-18,2014-09-18,0b320059b3e84a6f74749ccbb39779ac,2014-09-18,2014-09-18,
3093,486345708,H,2014-09-03,2014-10-11,153,Offline,10,9357,4090880.4,2463978.81,1626901.59,2014-09-03,2014-10-11,2014-10-11,6fc3246d7ccaf6d10d2cbc46d8e68dd1,2014-10-11,2014-10-11,
3094,901337087,L,2014-09-06,2014-10-25,65,Online,2,4529,214901.05,143976.91,70924.14,2014-09-06,2014-10-25,2014-10-25,6a4b2b0d72d8e7d4431505c841f77818,2014-10-25,2014-10-25,
3095,481308305,C,2014-09-07,2014-10-16,118,Offline,8,8678,2215319.84,1383446.76,831873.08,2014-09-07,2014-10-16,2014-10-16,caf48249cc51cd39b0d230a3df3cf148,2014-10-16,2014-10-16,
3096,807468354,C,2014-09-08,2014-10-08,68,Offline,8,6685,1706546.8,1065722.7,640824.1,2014-09-08,2014-10-08,2014-10-08,cf3f614a5b0e185c36193973c1818272,2014-10-08,2014-10-08,
3097,628625524,L,2014-09-08,2014-10-18,148,Offline,8,3117,795707.76,496912.14,298795.62,2014-09-08,2014-10-18,2014-10-18,1ae19bd0353e5f896743a2844850f2fe,2014-10-18,2014-10-18,
3098,636694037,L,2014-09-09,2014-09-20,165,Online,7,769,158183.3,90057.59,68125.71,2014-09-09,2014-09-20,2014-09-20,aac5fc560fcdf4a9d614e97c3e87c97d,2014-09-20,2014-09-20,
3099,915191447,M,2014-09-09,2014-09-27,15,Online,5,4342,662502.36,423084.48,239417.88,2014-09-09,2014-09-27,2014-09-27,984bd76b3d0a41244cbc20011a311c0e,2014-09-27,2014-09-27,
3100,829981315,L,2014-09-09,2014-10-26,19,Offline,2,8770,416136.5,278798.3,137338.2,2014-09-09,2014-10-26,2014-10-26,c89fd97596020b38b801894bd217f7a1,2014-10-26,2014-10-26,
3101,347609412,C,2014-09-10,2014-09-17,58,Offline,10,4205,1838426,1107302.65,731123.35,2014-09-10,2014-09-17,2014-09-17,52e34f3c64f9d616a810987b6458b2de,2014-09-17,2014-09-17,
3102,873432672,C,2014-09-10,2014-09-17,45,Online,12,6992,4672543.84,3513759.68,1158784.16,2014-09-10,2014-09-17,2014-09-17,bc50b3521ac9b4d42f237ffd2a884a05,2014-09-17,2014-09-17,
3103,791961753,M,2014-09-12,2014-09-21,35,Online,2,7937,376610.65,252317.23,124293.42,2014-09-12,2014-09-21,2014-09-21,467c3503d4c4b2c2a5fd10c78cdab6f9,2014-09-21,2014-09-21,
3104,947701537,C,2014-09-13,2014-09-20,143,Offline,10,4800,2098560,1263984,834576,2014-09-13,2014-09-20,2014-09-20,9f3d9710124627a41910f053f001426c,2014-09-20,2014-09-20,
3105,889333665,M,2014-09-14,2014-09-15,16,Offline,10,2449,1070702.8,644895.17,425807.63,2014-09-14,2014-09-15,2014-09-15,341d9d7e5773e22defd1216957c5e8e1,2014-09-15,2014-09-15,
3106,114019906,L,2014-09-14,2014-09-24,35,Online,2,9879,468758.55,314053.41,154705.14,2014-09-14,2014-09-24,2014-09-24,00433e4ce9f6f4e440cd9895cba93e49,2014-09-24,2014-09-24,
3107,371814954,M,2014-09-14,2014-10-08,153,Online,3,7162,585350.26,405870.54,179479.72,2014-09-14,2014-10-08,2014-10-08,dc0653f1d25f604fd0278c2eb76973e6,2014-10-08,2014-10-08,
3108,897638213,M,2014-09-14,2014-10-08,28,Offline,7,9950,2046715,1165244.5,881470.5,2014-09-14,2014-10-08,2014-10-08,e57d07531e8964322ab349e1e28228e3,2014-10-08,2014-10-08,
3109,666921460,H,2014-09-14,2014-10-10,134,Online,7,5735,1179689.5,671625.85,508063.65,2014-09-14,2014-10-10,2014-10-10,886307d3898397914d8100e239058a9e,2014-10-10,2014-10-10,
3110,300813233,H,2014-09-15,2014-11-02,83,Offline,4,6175,674804,221312,453492,2014-09-15,2014-11-02,2014-11-02,6a9f57c09edc3fcf187f098981cd80f8,2014-11-02,2014-11-02,
3111,244610011,C,2014-09-16,2014-10-27,130,Online,4,4393,480067.04,157445.12,322621.92,2014-09-16,2014-10-27,2014-10-27,ba67526ae0de791446d295183ce97d31,2014-10-27,2014-10-27,
3112,566558778,C,2014-09-17,2014-09-25,83,Online,10,6187,2704956.4,1629222.71,1075733.69,2014-09-17,2014-09-25,2014-09-25,ffe57cb341460a119ee1cded26b36701,2014-09-25,2014-09-25,
3113,167468392,C,2014-09-17,2014-10-29,146,Online,8,6474,1652682.72,1032085.08,620597.64,2014-09-17,2014-10-29,2014-10-29,0dbcf8e2adde77124bc55c279bd91191,2014-10-29,2014-10-29,
3114,425027406,H,2014-09-18,2014-09-23,179,Offline,2,3909,185482.05,124267.11,61214.94,2014-09-18,2014-09-23,2014-09-23,1bb7123befe6e49261913b3e4786ee8f,2014-09-23,2014-09-23,
3115,167232358,L,2014-09-18,2014-10-30,136,Online,1,6626,61820.58,45851.92,15968.66,2014-09-18,2014-10-30,2014-10-30,87300bd9c466ac9e995ab602a594c1ee,2014-10-30,2014-10-30,
3116,385433280,C,2014-09-18,2014-11-01,105,Offline,4,7128,778947.84,255467.52,523480.32,2014-09-18,2014-11-01,2014-11-01,fd6a923193a12762e3a7748bada6e51e,2014-11-01,2014-11-01,
3118,574273240,C,2014-09-20,2014-09-25,92,Online,1,9068,84604.44,62750.56,21853.88,2014-09-20,2014-09-25,2014-09-25,0945eae3df6857ac0db3c065b8a8fb02,2014-09-25,2014-09-25,
3119,561639392,M,2014-09-20,2014-10-25,51,Offline,6,432,66553.92,39281.76,27272.16,2014-09-20,2014-10-25,2014-10-25,2687c858b95e4f00c938f537dca39d97,2014-10-25,2014-10-25,
3120,536607730,L,2014-09-21,2014-11-03,97,Online,6,3007,463258.42,273426.51,189831.91,2014-09-21,2014-11-03,2014-11-03,2389bffb17baf060f190c5578f7184d2,2014-11-03,2014-11-03,
3122,114532315,M,2014-09-22,2014-09-30,150,Offline,4,1512,165231.36,54190.08,111041.28,2014-09-22,2014-09-30,2014-09-30,556bace7fdcf19ce6a104bc844f30149,2014-09-30,2014-09-30,
3123,843994033,M,2014-09-22,2014-11-02,61,Online,3,5445,445019.85,308568.15,136451.7,2014-09-22,2014-11-02,2014-11-02,b7c6420237cef8a4c2f2ff17fec8495f,2014-11-02,2014-11-02,
3124,320099389,H,2014-09-23,2014-11-02,181,Offline,6,3377,520260.62,307070.61,213190.01,2014-09-23,2014-11-02,2014-11-02,3e59dad4bf66ac9cd06b77b0bd23281f,2014-11-02,2014-11-02,
3125,606665313,C,2014-09-24,2014-10-13,100,Online,10,4602,2011994.4,1211844.66,800149.74,2014-09-24,2014-10-13,2014-10-13,5ef8d8838217d2274cd296d04e8073fb,2014-10-13,2014-10-13,
3126,159794270,H,2014-09-24,2014-11-06,85,Offline,6,5530,851951.8,502842.9,349108.9,2014-09-24,2014-11-06,2014-11-06,40d163a474aef343f62ff75214cc5d1c,2014-11-06,2014-11-06,
3127,631460940,M,2014-09-25,2014-10-05,45,Offline,9,2180,919720.2,795024.2,124696,2014-09-25,2014-10-05,2014-10-05,1f06434454e3128b9b27b1bdb3722f75,2014-10-05,2014-10-05,
3128,776849544,H,2014-09-25,2014-10-07,83,Online,1,5898,55028.34,40814.16,14214.18,2014-09-25,2014-10-07,2014-10-07,89d839ffd9c02a1b725c2d714109173c,2014-10-07,2014-10-07,
3129,650116670,H,2014-09-25,2014-10-25,2,Online,2,2824,133998.8,89774.96,44223.84,2014-09-25,2014-10-25,2014-10-25,a2eede1fc6e2b73e4fb150d941fca826,2014-10-25,2014-10-25,
3130,705965840,L,2014-09-26,2014-10-06,48,Online,4,9835,1074768.8,352486.4,722282.4,2014-09-26,2014-10-06,2014-10-06,5b21edf8ba1679ed5d2308a827bf17f1,2014-10-06,2014-10-06,
3131,597770678,L,2014-09-27,2014-10-19,10,Online,11,2482,1616303.22,1302950.72,313352.5,2014-09-27,2014-10-19,2014-10-19,26555d205b4a56e71be150415b3b9333,2014-10-19,2014-10-19,
3132,310614669,C,2014-09-28,2014-10-15,42,Offline,4,6638,725400.64,237905.92,487494.72,2014-09-28,2014-10-15,2014-10-15,ec0b3c6eaae5eb01b0417abefb8ce254,2014-10-15,2014-10-15,
3133,233709084,M,2014-09-28,2014-10-16,139,Offline,4,8566,936092.48,307005.44,629087.04,2014-09-28,2014-10-16,2014-10-16,0d4fce1f249284b984fc2ff5b34e8f6d,2014-10-16,2014-10-16,
3134,376933038,C,2014-09-29,2014-10-19,82,Offline,9,1717,724385.13,626172.73,98212.4,2014-09-29,2014-10-19,2014-10-19,08a98ee68e8045ec1b90e60c1cf6a86d,2014-10-19,2014-10-19,
3135,441440808,M,2014-09-29,2014-11-17,126,Offline,6,1000,154060,90930,63130,2014-09-29,2014-11-17,2014-11-17,0d3f5a6908c830f0d0af4bf774baaa95,2014-11-17,2014-11-17,
3136,264526593,H,2014-09-30,2014-10-07,26,Offline,3,8152,666262.96,461973.84,204289.12,2014-09-30,2014-10-07,2014-10-07,c0b4a74d8d4876386285d352da5883f5,2014-10-07,2014-10-07,
3137,742569196,M,2014-09-30,2014-11-17,79,Online,6,1581,243568.86,143760.33,99808.53,2014-09-30,2014-11-17,2014-11-17,48289b752841210c454828c2fa4a1914,2014-11-17,2014-11-17,
3138,973167932,C,2014-10-01,2014-10-22,42,Offline,8,872,222604.16,139014.24,83589.92,2014-10-01,2014-10-22,2014-10-22,1febeff558792539ab1709b3479d4cb1,2014-10-22,2014-10-22,
3139,389094817,C,2014-10-01,2014-11-11,156,Offline,2,658,31222.1,20917.82,10304.28,2014-10-01,2014-11-11,2014-11-11,edec098f4037a006b59bb105f648e12b,2014-11-11,2014-11-11,
3140,353475940,H,2014-10-02,2014-10-04,101,Offline,3,240,19615.2,13600.8,6014.4,2014-10-02,2014-10-04,2014-10-04,392b03ac71baf8c5bc86ba92a8a10d9b,2014-10-04,2014-10-04,
3141,941524302,C,2014-10-03,2014-10-09,138,Online,3,6819,557316.87,386432.73,170884.14,2014-10-03,2014-10-09,2014-10-09,da5b19f408cfbddad8a6f083f3c8cefa,2014-10-09,2014-10-09,
3142,789641749,M,2014-10-04,2014-10-10,49,Online,5,1396,213001.68,136026.24,76975.44,2014-10-04,2014-10-10,2014-10-10,1ceac4cccdbff02d7ab2ef8ce9376774,2014-10-10,2014-10-10,
3143,743907725,M,2014-10-04,2014-10-26,55,Online,4,7682,839488.96,275322.88,564166.08,2014-10-04,2014-10-26,2014-10-26,1a86fa29661998c8f28f5fe425a8f22a,2014-10-26,2014-10-26,
3144,943334901,M,2014-10-04,2014-11-03,76,Offline,9,2615,1103242.35,953664.35,149578,2014-10-04,2014-11-03,2014-11-03,cb3f94f69ed63ff679030e0a596b084b,2014-11-03,2014-11-03,
3145,332065474,H,2014-10-05,2014-10-13,184,Offline,6,4408,679096.48,400819.44,278277.04,2014-10-05,2014-10-13,2014-10-13,f652de9c3bdb1e3cac015b6de5834f3b,2014-10-13,2014-10-13,
3146,188723504,H,2014-10-05,2014-11-06,149,Offline,10,6334,2769224.8,1667932.22,1101292.58,2014-10-05,2014-11-06,2014-11-06,5ba2ce67c0ef76b24be4b65587f8f352,2014-11-06,2014-11-06,
3147,381774747,C,2014-10-06,2014-10-23,108,Offline,1,4486,41854.38,31043.12,10811.26,2014-10-06,2014-10-23,2014-10-23,9610f9031a5e968733f090b75a004486,2014-10-23,2014-10-23,
3148,681092536,L,2014-10-06,2014-11-18,107,Offline,11,9272,6038019.12,4867429.12,1170590,2014-10-06,2014-11-18,2014-11-18,ff78d57a456455c671edcdd6af696348,2014-11-18,2014-11-18,
3149,391889894,M,2014-10-07,2014-10-20,68,Online,7,7783,1600963.1,911467.13,689495.97,2014-10-07,2014-10-20,2014-10-20,ceccda746df947c4a0765619ba44e53a,2014-10-20,2014-10-20,
3150,325453507,C,2014-10-07,2014-11-12,141,Online,2,7780,369161,247326.2,121834.8,2014-10-07,2014-11-12,2014-11-12,5443f86419067a522471e4dbafc1dc8d,2014-11-12,2014-11-12,
3151,217258346,H,2014-10-07,2014-11-23,131,Online,12,427,285351.29,214584.58,70766.71,2014-10-07,2014-11-23,2014-11-23,ffec127c8d6b2d027d38473d56e0f794,2014-11-23,2014-11-23,
3152,100640618,M,2014-10-08,2014-10-18,108,Online,7,650,133705,76121.5,57583.5,2014-10-08,2014-10-18,2014-10-18,118443641e610b302a1cdbf5bd440dfb,2014-10-18,2014-10-18,
3153,817350471,H,2014-10-10,2014-11-26,182,Offline,12,1022,682971.94,513595.88,169376.06,2014-10-10,2014-11-26,2014-11-26,58f6c19f7f9131060e88d4e5eff45dc0,2014-11-26,2014-11-26,
3154,256026351,C,2014-10-11,2014-11-13,102,Online,1,2742,25582.86,18974.64,6608.22,2014-10-11,2014-11-13,2014-11-13,2ddc4a4ffdfa0f61a532a90706b81af6,2014-11-13,2014-11-13,
3155,291173160,H,2014-10-12,2014-11-02,124,Online,7,3463,712339.1,405551.93,306787.17,2014-10-12,2014-11-02,2014-11-02,5c726c3430e66ff17aaf4e8184f98855,2014-11-02,2014-11-02,
3157,446912944,L,2014-10-13,2014-11-01,159,Offline,6,326,50223.56,29643.18,20580.38,2014-10-13,2014-11-01,2014-11-01,6dc899f7e57ea3b49a16331c1e83d71b,2014-11-01,2014-11-01,
3158,469543921,C,2014-10-14,2014-10-25,124,Offline,12,7336,4902428.72,3686633.44,1215795.28,2014-10-14,2014-10-25,2014-10-25,979549295c32e721c17a4eba4be5311e,2014-10-25,2014-10-25,
3159,544284856,M,2014-10-14,2014-10-25,90,Offline,12,4839,3233758.53,2431791.06,801967.47,2014-10-14,2014-10-25,2014-10-25,ecb3af7f50bf7c2d3d75e240f4dc311d,2014-10-25,2014-10-25,
3160,198997008,M,2014-10-15,2014-10-16,2,Offline,12,6492,4338408.84,3262489.68,1075919.16,2014-10-15,2014-10-16,2014-10-16,f82143d685a0372f1a61faa36fafd46b,2014-10-16,2014-10-16,
3161,552353370,M,2014-10-15,2014-11-18,27,Online,4,2491,272216.48,89277.44,182939.04,2014-10-15,2014-11-18,2014-11-18,155a01fa8561ddb168ed2c2084036b21,2014-11-18,2014-11-18,
3162,830732762,L,2014-10-16,2014-11-01,65,Online,7,1140,234498,133505.4,100992.6,2014-10-16,2014-11-01,2014-11-01,45edbe6df574818c5dca03d46bc860d0,2014-11-01,2014-11-01,
3163,302744853,H,2014-10-16,2014-11-02,5,Offline,3,7785,636268.05,441175.95,195092.1,2014-10-16,2014-11-02,2014-11-02,f96db9d5396d67c437ba07760b337cd8,2014-11-02,2014-11-02,
3164,741311347,C,2014-10-16,2014-11-05,39,Offline,3,9356,764665.88,530204.52,234461.36,2014-10-16,2014-11-05,2014-11-05,245be62a1e52bdfb68e3dedab25a833d,2014-11-05,2014-11-05,
3165,194785726,L,2014-10-16,2014-11-13,4,Offline,7,280,57596,32790.8,24805.2,2014-10-16,2014-11-13,2014-11-13,f3056c19ae64e48cbd256d95027cde50,2014-11-13,2014-11-13,
3166,325729882,M,2014-10-16,2014-11-19,77,Online,8,9565,2441753.2,1524852.3,916900.9,2014-10-16,2014-11-19,2014-11-19,97f8a6cd9bfd53fbfc4a9826b9f28c82,2014-11-19,2014-11-19,
3167,244494998,H,2014-10-16,2014-11-21,122,Online,8,358,91390.24,57072.36,34317.88,2014-10-16,2014-11-21,2014-11-21,4ee6b1b2fd777ee6949e45bf022fa198,2014-11-21,2014-11-21,
3168,231861150,L,2014-10-17,2014-11-01,18,Online,10,1722,752858.4,453454.26,299404.14,2014-10-17,2014-11-01,2014-11-01,e6cb040fa3efaa969d25328a8493a29b,2014-11-01,2014-11-01,
3169,456319987,M,2014-10-17,2014-11-01,173,Online,2,4080,193596,129703.2,63892.8,2014-10-17,2014-11-01,2014-11-01,54d60e84eb298ebd22fdc7f242da2be6,2014-11-01,2014-11-01,
3170,946996438,M,2014-10-17,2014-11-13,170,Offline,3,6145,502230.85,348237.15,153993.7,2014-10-17,2014-11-13,2014-11-13,9efc726ff76088a5b1a72170b5958738,2014-11-13,2014-11-13,
3171,429123675,M,2014-10-18,2014-11-11,185,Offline,5,6086,928601.88,593019.84,335582.04,2014-10-18,2014-11-11,2014-11-11,907a7596607f454d66d6f50e90e7a767,2014-11-11,2014-11-11,
3172,385082232,H,2014-10-20,2014-11-28,57,Offline,1,3245,30275.85,22455.4,7820.45,2014-10-20,2014-11-28,2014-11-28,93c2a73de7393881bd740377de673491,2014-11-28,2014-11-28,
3174,640476596,H,2014-10-21,2014-10-24,145,Online,1,112,1044.96,775.04,269.92,2014-10-21,2014-10-24,2014-10-24,7662cf2a0b0195f278c8349b7c64f697,2014-10-24,2014-10-24,
3175,617609584,L,2014-10-21,2014-11-01,3,Offline,10,3255,1423086,857139.15,565946.85,2014-10-21,2014-11-01,2014-11-01,9da5cf5b8e882cc3e670a09feaeed4bc,2014-11-01,2014-11-01,
3176,434673488,H,2014-10-21,2014-11-12,110,Offline,2,8399,398532.55,267004.21,131528.34,2014-10-21,2014-11-12,2014-11-12,bc6318c729771875d63167e829a22ac1,2014-11-12,2014-11-12,
3177,100090873,L,2014-10-21,2014-11-24,27,Online,3,7968,651224.64,451546.56,199678.08,2014-10-21,2014-11-24,2014-11-24,e6109eb1e539c42387910dd82828392f,2014-11-24,2014-11-24,
3178,239457595,H,2014-10-21,2014-11-27,136,Online,5,9678,1476669.24,943024.32,533644.92,2014-10-21,2014-11-27,2014-11-27,e22b22ccb80ac814576cabcf9ac51658,2014-11-27,2014-11-27,
3179,490640676,M,2014-10-22,2014-11-19,78,Online,7,334,68703.8,39114.74,29589.06,2014-10-22,2014-11-19,2014-11-19,fb5c7c23d7ec74bea1207a54318a141f,2014-11-19,2014-11-19,
3180,735801875,M,2014-10-23,2014-11-13,99,Online,2,8981,426148.45,285505.99,140642.46,2014-10-23,2014-11-13,2014-11-13,7d83be4aa486daa00ccb0ff075206ae4,2014-11-13,2014-11-13,
3181,677315986,H,2014-10-24,2014-12-04,148,Online,3,1706,139431.38,96679.02,42752.36,2014-10-24,2014-12-04,2014-12-04,7d5d5c19dba9408ad9f8308730aaea57,2014-12-04,2014-12-04,
3182,897209489,H,2014-10-26,2014-12-07,53,Offline,3,3081,251810.13,174600.27,77209.86,2014-10-26,2014-12-07,2014-12-07,076adcabe8d757018c8eb03eb97f9c83,2014-12-07,2014-12-07,
3183,184120833,H,2014-10-27,2014-10-31,134,Offline,4,4301,470013.28,154147.84,315865.44,2014-10-27,2014-10-31,2014-10-31,c22f7922fd2feae8c0a8a6ef03c01633,2014-10-31,2014-10-31,
3184,670467984,L,2014-10-27,2014-11-13,128,Offline,11,5231,3406479.51,2746065.76,660413.75,2014-10-27,2014-11-13,2014-11-13,141a60896f1cfcd65e05e8703f73cd85,2014-11-13,2014-11-13,
3186,482966554,L,2014-10-29,2014-11-28,170,Offline,11,9391,6115513.11,4929899.36,1185613.75,2014-10-29,2014-11-28,2014-11-28,bd62c3851a97017b31499ae3e59dd083,2014-11-28,2014-11-28,
3187,399803054,M,2014-10-29,2014-11-30,148,Offline,10,9463,4137223.6,2491891.79,1645331.81,2014-10-29,2014-11-30,2014-11-30,231e0745d33afab5964a8c0698062814,2014-11-30,2014-11-30,
3188,397874438,M,2014-10-29,2014-12-01,91,Online,2,8743,414855.35,277939.97,136915.38,2014-10-29,2014-12-01,2014-12-01,c0680bf002311e35536e254841d09af9,2014-12-01,2014-12-01,
3189,540980374,M,2014-10-30,2014-11-09,146,Offline,1,6969,65020.77,48225.48,16795.29,2014-10-30,2014-11-09,2014-11-09,72e3acf46f898e6b5dba7fd22ccea702,2014-11-09,2014-11-09,
3190,476472604,C,2014-10-30,2014-12-01,173,Offline,11,7687,5005851.27,4035367.52,970483.75,2014-10-30,2014-12-01,2014-12-01,aa9bb7b8cb682beda32af6921aa84ae3,2014-12-01,2014-12-01,
3191,541098392,C,2014-10-30,2014-12-04,96,Online,12,1893,1265035.11,951308.22,313726.89,2014-10-30,2014-12-04,2014-12-04,744954a1f0a60868f4d51b0716fd7651,2014-12-04,2014-12-04,
3192,484659135,M,2014-10-31,2014-11-29,132,Online,2,263,12479.35,8360.77,4118.58,2014-10-31,2014-11-29,2014-11-29,cacd39dce8572a68cb5407fae45ae694,2014-11-29,2014-11-29,
3193,549048888,H,2014-10-31,2014-12-02,79,Online,11,4622,3009892.62,2426365.12,583527.5,2014-10-31,2014-12-02,2014-12-02,19aa201bc1280ca272f0e33b14bdc8c1,2014-12-02,2014-12-02,
3194,468050038,H,2014-10-31,2014-12-04,52,Offline,10,5262,2300546.4,1385642.46,914903.94,2014-10-31,2014-12-04,2014-12-04,4e211630fc7b2b1d86db1a45643a633b,2014-12-04,2014-12-04,
3195,523899209,C,2014-11-01,2014-11-16,88,Offline,8,2273,580251.44,362361.66,217889.78,2014-11-01,2014-11-16,2014-11-16,cbbe9339e859457052fd39df32322c98,2014-11-16,2014-11-16,
3196,130948722,L,2014-11-02,2014-11-23,63,Offline,4,9492,1037285.76,340193.28,697092.48,2014-11-02,2014-11-23,2014-11-23,35a7eb73079f57a34669001a47e2d4d3,2014-11-23,2014-11-23,
3197,230603301,H,2014-11-02,2014-12-10,52,Offline,11,9496,6183890.16,4985020.16,1198870,2014-11-02,2014-12-10,2014-12-10,94af236a80cd86def7a0385eaf62b8d6,2014-12-10,2014-12-10,
3198,945738589,C,2014-11-02,2014-12-22,117,Online,5,3920,598113.6,381964.8,216148.8,2014-11-02,2014-12-22,2014-12-22,758324fa58858de129fd45852d203043,2014-12-22,2014-12-22,
3199,598404109,H,2014-11-03,2014-11-18,127,Online,1,9929,92637.57,68708.68,23928.89,2014-11-03,2014-11-18,2014-11-18,5b003af1404250306c9d2fc7b27cd5be,2014-11-18,2014-11-18,
3200,155508315,C,2014-11-04,2014-11-17,128,Offline,1,7221,67371.93,49969.32,17402.61,2014-11-04,2014-11-17,2014-11-17,57139d709f9a1cbaa54c625fbfcf2dcd,2014-11-17,2014-11-17,
3201,527284371,M,2014-11-05,2014-11-18,56,Offline,8,4018,1025715.04,640549.56,385165.48,2014-11-05,2014-11-18,2014-11-18,900c61aa9e8d3ff036b75bf5cc66bf10,2014-11-18,2014-11-18,
3202,695658004,M,2014-11-05,2014-12-08,126,Online,10,9517,4160832.4,2506111.61,1654720.79,2014-11-05,2014-12-08,2014-12-08,c67cbb788a6b5678a821aeeebb5f36a5,2014-12-08,2014-12-08,
3203,820344245,L,2014-11-05,2014-12-16,9,Offline,2,6947,329635.15,220845.13,108790.02,2014-11-05,2014-12-16,2014-12-16,2266768306273917140b4d0a18c4b7b1,2014-12-16,2014-12-16,
3204,481432330,L,2014-11-06,2014-11-09,105,Online,3,5380,439707.4,304884.6,134822.8,2014-11-06,2014-11-09,2014-11-09,b61a46935d3e1f49b724a6f6995d1a5a,2014-11-09,2014-11-09,
3205,254808843,L,2014-11-06,2014-11-10,53,Online,5,2454,374431.32,239117.76,135313.56,2014-11-06,2014-11-10,2014-11-10,a7f37cd5d09c96abafc651714cbd071e,2014-11-10,2014-11-10,
3206,606118571,H,2014-11-06,2014-11-18,26,Offline,6,2809,432754.54,255422.37,177332.17,2014-11-06,2014-11-18,2014-11-18,4e4f54ac4c297592e3911ffb120d2571,2014-11-18,2014-11-18,
3207,988599860,H,2014-11-06,2014-12-11,84,Offline,12,7522,5026726.94,3780105.88,1246621.06,2014-11-06,2014-12-11,2014-12-11,0785d7773b2e4480cf21405be2a66668,2014-12-11,2014-12-11,
3209,429204356,C,2014-11-07,2014-11-28,132,Online,9,9962,4202868.18,3633041.78,569826.4,2014-11-07,2014-11-28,2014-11-28,7a8c0e7847e7f22843d70fb4a2b3e3e0,2014-11-28,2014-11-28,
3210,905200326,L,2014-11-07,2014-12-15,173,Offline,12,7747,5177087.69,3893177.38,1283910.31,2014-11-07,2014-12-15,2014-12-15,f0fe8960aa0e30084c94efebdcf8ad32,2014-12-15,2014-12-15,
3211,979705226,C,2014-11-08,2014-12-16,92,Offline,2,5402,256324.9,171729.58,84595.32,2014-11-08,2014-12-16,2014-12-16,882acb1a00890f00ae3ac7d9e5043381,2014-12-16,2014-12-16,
3212,734189975,H,2014-11-10,2014-11-29,88,Online,7,1984,408108.8,232346.24,175762.56,2014-11-10,2014-11-29,2014-11-29,17720a872241f56dfc99e0e8d5542721,2014-11-29,2014-11-29,
3213,628159463,M,2014-11-10,2014-12-09,177,Offline,4,5199,568146.72,186332.16,381814.56,2014-11-10,2014-12-09,2014-12-09,7c8273b86df9c98587697ca2d13d5319,2014-12-09,2014-12-09,
3214,777641332,M,2014-11-11,2014-12-10,56,Offline,4,206,22511.68,7383.04,15128.64,2014-11-11,2014-12-10,2014-12-10,ffe74f91e34c9294b4ef1ae4f892682f,2014-12-10,2014-12-10,
3215,613124930,M,2014-11-12,2014-11-21,99,Offline,7,6147,1264437.9,719875.17,544562.73,2014-11-12,2014-11-21,2014-11-21,99f4639388fb78a079a159642d451f78,2014-11-21,2014-11-21,
3216,743597018,C,2014-11-14,2014-11-29,85,Offline,3,5737,468885.01,325115.79,143769.22,2014-11-14,2014-11-29,2014-11-29,6c7ef3066c82d7f9e3996869e21e1a50,2014-11-29,2014-11-29,
3217,765991961,C,2014-11-17,2014-11-24,13,Offline,10,2898,1267005.6,763130.34,503875.26,2014-11-17,2014-11-24,2014-11-24,c88492d5926c40b42ee8a17a24323141,2014-11-24,2014-11-24,
3218,628671872,C,2014-11-17,2014-12-15,123,Online,3,6832,558379.36,387169.44,171209.92,2014-11-17,2014-12-15,2014-12-15,ea5759a31ae709dc30099d7983d2948f,2014-12-15,2014-12-15,
3219,427198064,M,2014-11-17,2015-01-02,40,Offline,1,6255,58359.15,43284.6,15074.55,2014-11-17,2015-01-02,2015-01-02,6fa3d78e63df4e4f97ead0df55dce824,2015-01-02,2015-01-02,
3221,308415687,L,2014-11-18,2014-11-27,55,Offline,12,5910,3949475.7,2970011.4,979464.3,2014-11-18,2014-11-27,2014-11-27,abce341b60c09b389db29cf3fea43f6b,2014-11-27,2014-11-27,
3222,264728295,H,2014-11-18,2015-01-07,55,Online,1,7840,73147.2,54252.8,18894.4,2014-11-18,2015-01-07,2015-01-07,8e7234bae569cd17a433f5e4c0ecfeb5,2015-01-07,2015-01-07,
3223,574043214,C,2014-11-20,2015-01-05,89,Online,4,998,109061.44,35768.32,73293.12,2014-11-20,2015-01-05,2015-01-05,e3bd8f1a3adf61dbd97bf904f3088b5d,2015-01-05,2015-01-05,
3224,553104817,H,2014-11-21,2014-11-23,96,Online,8,4862,1241171.36,775100.04,466071.32,2014-11-21,2014-11-23,2014-11-23,39a59a981b41178bf4b8a4f333093238,2014-11-23,2014-11-23,
3225,891898715,L,2014-11-21,2014-12-05,122,Online,2,1505,71412.25,47843.95,23568.3,2014-11-21,2014-12-05,2014-12-05,10af18914bade35b1e975301e36c2d32,2014-12-05,2014-12-05,
3226,881547534,H,2014-11-21,2014-12-09,183,Online,11,8360,5444115.6,4388665.6,1055450,2014-11-21,2014-12-09,2014-12-09,09a8e7354af1687d297aeff0f1673929,2014-12-09,2014-12-09,
3227,648666131,L,2014-11-21,2014-12-12,157,Offline,11,3578,2330029.38,1878306.88,451722.5,2014-11-21,2014-12-12,2014-12-12,13099095271040210af60fb822b903d5,2014-12-12,2014-12-12,
3228,176881444,L,2014-11-21,2014-12-19,124,Offline,5,2005,305922.9,195367.2,110555.7,2014-11-21,2014-12-19,2014-12-19,66197acf4b7d9b2e977aca905d9dbed0,2014-12-19,2014-12-19,
3229,762883174,C,2014-11-22,2014-11-29,27,Online,10,2939,1284930.8,773926.87,511003.93,2014-11-22,2014-11-29,2014-11-29,d5d037f8b989205dc1922cc75fc649c3,2014-11-29,2014-11-29,
3230,791890084,H,2014-11-22,2014-12-15,180,Offline,7,6728,1383949.6,787916.08,596033.52,2014-11-22,2014-12-15,2014-12-15,a421649ed1f2f6dd7b1eeb639940e3bb,2014-12-15,2014-12-15,
3231,290980470,M,2014-11-22,2015-01-01,183,Online,1,6442,60103.86,44578.64,15525.22,2014-11-22,2015-01-01,2015-01-01,0bcb27178f7d1c8a528b9445cae6ef29,2015-01-01,2015-01-01,
3232,700304019,M,2014-11-23,2014-12-21,45,Offline,3,4376,357650.48,247987.92,109662.56,2014-11-23,2014-12-21,2014-12-21,81dba37146994421898314d03a80eaef,2014-12-21,2014-12-21,
3233,774926936,M,2014-11-24,2014-11-27,84,Offline,1,6956,64899.48,48135.52,16763.96,2014-11-24,2014-11-27,2014-11-27,555bf80eedc8ae64c0f00748158f063f,2014-11-27,2014-11-27,
3234,492100226,C,2014-11-24,2015-01-11,7,Online,9,2247,947986.83,819458.43,128528.4,2014-11-24,2015-01-11,2015-01-11,72e5f306c329426d9248111833c35dda,2015-01-11,2015-01-11,
3235,849431836,L,2014-11-25,2014-11-28,139,Online,9,4611,1945334.79,1681585.59,263749.2,2014-11-25,2014-11-28,2014-11-28,674be4dec48818671e57446e78711749,2014-11-28,2014-11-28,
3236,624736964,L,2014-11-26,2014-11-28,136,Online,8,2406,614203.68,383564.52,230639.16,2014-11-26,2014-11-28,2014-11-28,a2f393fce8f719e24bb910f85890cd64,2014-11-28,2014-11-28,
3237,946921765,C,2014-11-26,2014-12-16,166,Online,10,4048,1769785.6,1065959.84,703825.76,2014-11-26,2014-12-16,2014-12-16,137f63506776d0eceb10677f6d3d7461,2014-12-16,2014-12-16,
3238,743283307,H,2014-11-26,2015-01-04,109,Online,5,2903,442939.74,282868.32,160071.42,2014-11-26,2015-01-04,2015-01-04,8c656fbb4d43d7301f37a2fbd2cec399,2015-01-04,2015-01-04,
3239,955108296,M,2014-11-27,2014-12-14,159,Offline,12,6624,4426620.48,3328824.96,1097795.52,2014-11-27,2014-12-14,2014-12-14,bd2f9cddec7d7da4d2ef6675f9e38e2a,2014-12-14,2014-12-14,
3240,106982219,M,2014-11-27,2014-12-22,78,Online,12,7271,4858991.17,3653968.34,1205022.83,2014-11-27,2014-12-22,2014-12-22,945a4ba24ef0c4a85a0f73acc4ec56d7,2014-12-22,2014-12-22,
3241,545430696,M,2014-11-28,2014-12-02,111,Online,1,3918,36554.94,27112.56,9442.38,2014-11-28,2014-12-02,2014-12-02,b6c5e31930271b3e556c80348d673a75,2014-12-02,2014-12-02,
3242,472382342,L,2014-11-29,2014-12-02,35,Offline,4,7287,796323.36,261166.08,535157.28,2014-11-29,2014-12-02,2014-12-02,41a9ba02a676bf8b7140466a284e0568,2014-12-02,2014-12-02,
3243,362258565,C,2014-11-29,2014-12-14,11,Offline,1,9214,85966.62,63760.88,22205.74,2014-11-29,2014-12-14,2014-12-14,ed9daad95a5bf6f35b614dc4753db95d,2014-12-14,2014-12-14,
3244,682278716,C,2014-11-29,2015-01-01,72,Offline,11,289,188199.69,151713.44,36486.25,2014-11-29,2015-01-01,2015-01-01,4591f929d6acc2bbed74bc6240e7cc9c,2015-01-01,2015-01-01,
3245,567707622,C,2014-12-01,2014-12-22,13,Offline,11,6156,4008848.76,3231653.76,777195,2014-12-01,2014-12-22,2014-12-22,383394bfeee2de1b89621de230855cb5,2014-12-22,2014-12-22,
3246,145514190,H,2014-12-02,2014-12-13,12,Online,9,9737,4107942.93,3550986.53,556956.4,2014-12-02,2014-12-13,2014-12-13,1b20f3c02250d3a1b12f29571def1f2b,2014-12-13,2014-12-13,
3247,188847529,C,2014-12-03,2015-01-19,162,Offline,5,3035,463080.3,295730.4,167349.9,2014-12-03,2015-01-19,2015-01-19,58228be661114860ce37338d79f37d84,2015-01-19,2015-01-19,
3248,548343789,L,2014-12-04,2014-12-06,43,Offline,5,5967,910444.86,581424.48,329020.38,2014-12-04,2014-12-06,2014-12-06,6a2fbcc446561089a556ceda2c31c303,2014-12-06,2014-12-06,
3249,683381211,L,2014-12-04,2014-12-11,173,Offline,7,6542,1345689.4,766133.62,579555.78,2014-12-04,2014-12-11,2014-12-11,2c430bb9a0cdb10d205ce7093db6118b,2014-12-11,2014-12-11,
3250,602264344,H,2014-12-04,2015-01-07,66,Offline,11,2258,1470432.18,1185359.68,285072.5,2014-12-04,2015-01-07,2015-01-07,bf191c375037f183a828b64e691a9969,2015-01-07,2015-01-07,
3251,407048451,H,2014-12-04,2015-01-23,178,Offline,6,3537,544910.22,321619.41,223290.81,2014-12-04,2015-01-23,2015-01-23,38bf2beea5239bd6e170eb2fcb4ee0df,2015-01-23,2015-01-23,
3252,994978797,H,2014-12-05,2015-01-02,23,Offline,2,5192,246360.4,165053.68,81306.72,2014-12-05,2015-01-02,2015-01-02,e3f1095015b5967621006494dc37d275,2015-01-02,2015-01-02,
3253,795433604,L,2014-12-05,2015-01-19,16,Online,5,5335,814014.3,519842.4,294171.9,2014-12-05,2015-01-19,2015-01-19,fc61dadd302801e8c49874deeb777e13,2015-01-19,2015-01-19,
3254,317154967,C,2014-12-06,2014-12-09,184,Online,6,2058,317055.48,187133.94,129921.54,2014-12-06,2014-12-09,2014-12-09,68efe0c333ecaaa7d5f3b3925d690050,2014-12-09,2014-12-09,
3255,154685199,L,2014-12-08,2014-12-15,51,Offline,6,3643,561240.58,331257.99,229982.59,2014-12-08,2014-12-15,2014-12-15,a0eb0c83421db0fc16c3bda66e56550c,2014-12-15,2014-12-15,
3256,173340928,M,2014-12-08,2015-01-03,97,Online,4,4287,468483.36,153646.08,314837.28,2014-12-08,2015-01-03,2015-01-03,4ed6fa7deb8beda47a39eb363260cb5e,2015-01-03,2015-01-03,
3257,520203340,L,2014-12-09,2014-12-19,93,Online,5,8583,1309594.14,836327.52,473266.62,2014-12-09,2014-12-19,2014-12-19,255f927137fa4c645871ffb3fa0f2bfc,2014-12-19,2014-12-19,
3258,345689809,C,2014-12-09,2014-12-28,72,Online,4,6151,672181.28,220451.84,451729.44,2014-12-09,2014-12-28,2014-12-28,35bd818ac27510e286177587d45250cb,2014-12-28,2014-12-28,
3259,405986297,L,2014-12-09,2015-01-02,88,Online,8,9222,2354192.16,1470171.24,884020.92,2014-12-09,2015-01-02,2015-01-02,c288e196ca84da59db312d295e98ce18,2015-01-02,2015-01-02,
3260,158660447,M,2014-12-09,2015-01-09,131,Online,1,7,65.31,48.44,16.87,2014-12-09,2015-01-09,2015-01-09,92db9a0239ed3e3df6ee47151a664f83,2015-01-09,2015-01-09,
3261,316446864,M,2014-12-10,2014-12-13,142,Offline,7,2514,517129.8,294414.54,222715.26,2014-12-10,2014-12-13,2014-12-13,4e4a3edaf89309c8c0c7fb55a0410802,2014-12-13,2014-12-13,
3262,686294305,C,2014-12-10,2014-12-15,38,Online,3,8591,702142.43,486851.97,215290.46,2014-12-10,2014-12-15,2014-12-15,b85cfc7eb6d06221f3f8dbadaef5d090,2014-12-15,2014-12-15,
3263,362062871,C,2014-12-10,2014-12-23,73,Online,5,1304,198964.32,127061.76,71902.56,2014-12-10,2014-12-23,2014-12-23,bce507ed5611a0c18d6d058a38ee746f,2014-12-23,2014-12-23,
3264,640560281,L,2014-12-10,2014-12-30,179,Offline,9,4877,2057557.53,1778593.13,278964.4,2014-12-10,2014-12-30,2014-12-30,8621e83f2b48038a49510ee2fbee17bd,2014-12-30,2014-12-30,
3265,399256312,L,2014-12-11,2015-01-05,45,Online,1,7670,71561.1,53076.4,18484.7,2014-12-11,2015-01-05,2015-01-05,9b11793a3fa2c391f42d416151b6266c,2015-01-05,2015-01-05,
3266,956251132,M,2014-12-11,2015-01-20,56,Online,12,4815,3217720.05,2419730.1,797989.95,2014-12-11,2015-01-20,2015-01-20,d02828a9ab341c213d0b6720bda16828,2015-01-20,2015-01-20,
3267,270358788,M,2014-12-11,2015-01-24,163,Offline,2,4028,191128.6,128050.12,63078.48,2014-12-11,2015-01-24,2015-01-24,4c6c7d81190165b846d4f1e7b9ea45bc,2015-01-24,2015-01-24,
3268,754541289,L,2014-12-12,2014-12-19,34,Offline,3,4390,358794.7,248781.3,110013.4,2014-12-12,2014-12-19,2014-12-19,d12b81abb05fb6213ccae321382e9c00,2014-12-19,2014-12-19,
3269,588096272,L,2014-12-13,2015-01-20,39,Online,4,9611,1050290.08,344458.24,705831.84,2014-12-13,2015-01-20,2015-01-20,157b83a73c800c482d77d2ec31bf9207,2015-01-20,2015-01-20,
3270,839397370,L,2014-12-14,2014-12-17,178,Online,11,5190,3379779.9,2724542.4,655237.5,2014-12-14,2014-12-17,2014-12-17,9cb1e7ae663d2a9bbb0f4165bacc4a32,2014-12-17,2014-12-17,
3271,207307565,M,2014-12-15,2014-12-29,52,Offline,5,5770,880386.6,562228.8,318157.8,2014-12-15,2014-12-29,2014-12-29,3a7ff65944dbf86707196cc41694ed12,2014-12-29,2014-12-29,
3272,514811885,L,2014-12-15,2015-01-21,40,Offline,9,3132,1321359.48,1142209.08,179150.4,2014-12-15,2015-01-21,2015-01-21,d07b55f1f6e0712bb16b1a2f7a835a8c,2015-01-21,2015-01-21,
3273,863838946,H,2014-12-16,2015-01-05,29,Offline,3,7995,653431.35,453076.65,200354.7,2014-12-16,2015-01-05,2015-01-05,cf9c603b80f0e0f2b9c3d3b045352aaa,2015-01-05,2015-01-05,
3274,871553409,H,2014-12-19,2015-01-05,40,Online,3,876,71595.48,49642.92,21952.56,2014-12-19,2015-01-05,2015-01-05,393c60380b4f8576f9646bec319bd968,2015-01-05,2015-01-05,
3275,963021457,M,2014-12-19,2015-01-25,110,Offline,4,8304,907461.12,297615.36,609845.76,2014-12-19,2015-01-25,2015-01-25,9a122ffd7eb52c4247c11bda9252f4d0,2015-01-25,2015-01-25,
3276,944247710,H,2014-12-19,2015-01-31,54,Online,8,2736,698446.08,436173.12,262272.96,2014-12-19,2015-01-31,2015-01-31,4d0c49f40369a82f4ab25b8e3ad942e1,2015-01-31,2015-01-31,
3277,553107821,M,2014-12-21,2015-01-13,43,Online,3,5751,470029.23,325909.17,144120.06,2014-12-21,2015-01-13,2015-01-13,e5f6e55799d07782d8da76e8ec1fbad8,2015-01-13,2015-01-13,
3278,214077889,L,2014-12-22,2015-01-01,152,Offline,2,9260,439387,294375.4,145011.6,2014-12-22,2015-01-01,2015-01-01,178fd404f81a03e0b6420a66708c8112,2015-01-01,2015-01-01,
3279,340928781,H,2014-12-22,2015-01-09,154,Online,12,7257,4849635.39,3646932.78,1202702.61,2014-12-22,2015-01-09,2015-01-09,eaf2b6fe432419632d5cc56c648d08d0,2015-01-09,2015-01-09,
3280,839437711,L,2014-12-23,2014-12-24,18,Offline,4,7128,778947.84,255467.52,523480.32,2014-12-23,2014-12-24,2014-12-24,b1de359cc081fa530f1f894a0a6b9260,2014-12-24,2014-12-24,
3281,525321424,H,2014-12-25,2014-12-31,140,Online,12,3138,2097031.26,1576970.52,520060.74,2014-12-25,2014-12-31,2014-12-31,1f5f4961b9ab0bfb622c389218872b7a,2014-12-31,2014-12-31,
3282,217699086,M,2014-12-25,2015-01-02,99,Offline,12,852,569366.04,428164.08,141201.96,2014-12-25,2015-01-02,2015-01-02,229790b68b94a906f9abedf313589ca7,2015-01-02,2015-01-02,
3283,155001914,M,2014-12-26,2014-12-30,170,Online,4,7366,804956.48,263997.44,540959.04,2014-12-26,2014-12-30,2014-12-30,093665560736f0b8dcf093cd1470bfa7,2014-12-30,2014-12-30,
3284,354547107,C,2014-12-26,2015-02-02,100,Offline,5,7223,1102085.34,703809.12,398276.22,2014-12-26,2015-02-02,2015-02-02,b1302cfcc09611ab5b8714f8890e47f4,2015-02-02,2015-02-02,
3285,742932260,M,2014-12-28,2015-01-30,39,Offline,6,9020,1389621.2,820188.6,569432.6,2014-12-28,2015-01-30,2015-01-30,396372060787777501686562e69a10b9,2015-01-30,2015-01-30,
3286,189912688,M,2014-12-28,2015-02-09,67,Offline,5,8240,1257259.2,802905.6,454353.6,2014-12-28,2015-02-09,2015-02-09,e8ab396f80173e0d6ef8eac99aef563c,2015-02-09,2015-02-09,
3287,549290931,M,2014-12-29,2015-01-20,49,Offline,11,6248,4068760.08,3279950.08,788810,2014-12-29,2015-01-20,2015-01-20,d7c132e5df4387ab358abf29298190df,2015-01-20,2015-01-20,
3288,183654773,C,2014-12-29,2015-02-12,15,Offline,3,6383,521682.59,361724.61,159957.98,2014-12-29,2015-02-12,2015-02-12,f5e5956d0c82b94a8cc467860fa1eb3d,2015-02-12,2015-02-12,
3289,762690484,C,2015-01-02,2015-01-28,120,Offline,11,5918,3853860.78,3106713.28,747147.5,2015-01-02,2015-01-28,2015-01-28,370d7ab48d22dac95da9c04182b16834,2015-01-28,2015-01-28,
3290,471205174,L,2015-01-04,2015-01-27,176,Online,12,8937,5972328.99,4491199.98,1481129.01,2015-01-04,2015-01-27,2015-01-27,5d4ffa1bbcee2c4f0945c5b6b117b56f,2015-01-27,2015-01-27,
3291,687477481,C,2015-01-04,2015-01-30,39,Offline,2,8719,413716.55,277177.01,136539.54,2015-01-04,2015-01-30,2015-01-30,2f767f6a429ffd1e87bf8524c7a90d82,2015-01-30,2015-01-30,
3292,392252957,M,2015-01-04,2015-02-22,160,Offline,7,5222,1074165.4,611548.42,462616.98,2015-01-04,2015-02-22,2015-02-22,11eb1454cc99b6e3a49cd4fdf6bd81d7,2015-02-22,2015-02-22,
3293,433539664,M,2015-01-05,2015-01-15,31,Online,4,2876,314289.28,103075.84,211213.44,2015-01-05,2015-01-15,2015-01-15,bafb30125ac21ca7ac47eb48d4963afe,2015-01-15,2015-01-15,
3294,406579387,L,2015-01-05,2015-01-24,83,Online,9,4730,1995539.7,1724983.7,270556,2015-01-05,2015-01-24,2015-01-24,9bd330d5c657d1706c5a7042ec17ea6c,2015-01-24,2015-01-24,
3295,473133790,L,2015-01-05,2015-01-27,93,Online,8,9657,2465238.96,1539518.94,925720.02,2015-01-05,2015-01-27,2015-01-27,5a460edeeadded8d15afcc0dcbb311e9,2015-01-27,2015-01-27,
3296,531029593,C,2015-01-06,2015-02-02,20,Online,11,2312,1505597.52,1213707.52,291890,2015-01-06,2015-02-02,2015-02-02,ab04479bdc6bc9be81d08e57d5e06d40,2015-02-02,2015-02-02,
3297,275281178,C,2015-01-07,2015-02-14,39,Online,11,673,438264.33,353298.08,84966.25,2015-01-07,2015-02-14,2015-02-14,0328392245b0bc16cc6bd86d0b0fe769,2015-02-14,2015-02-14,
3298,437160861,H,2015-01-08,2015-01-16,31,Online,3,4468,365169.64,253201.56,111968.08,2015-01-08,2015-01-16,2015-01-16,f2d54b30eecaa89429ae6ac38dda7587,2015-01-16,2015-01-16,
3299,156616818,L,2015-01-08,2015-02-04,175,Online,1,5252,49001.16,36343.84,12657.32,2015-01-08,2015-02-04,2015-02-04,75eb36ebe5ecb2ebb5fa4b57525f2802,2015-02-04,2015-02-04,
3300,692555224,M,2015-01-09,2015-02-01,84,Online,9,1336,563645.04,487225.84,76419.2,2015-01-09,2015-02-01,2015-02-01,1b696c792374fc334ec803e8179c8924,2015-02-01,2015-02-01,
3301,970934617,M,2015-01-10,2015-01-15,40,Online,5,9984,1523358.72,972840.96,550517.76,2015-01-10,2015-01-15,2015-01-15,77a0804819170af717a4c31a5f0e3663,2015-01-15,2015-01-15,
3302,998012912,C,2015-01-10,2015-01-31,143,Offline,9,3054,1288452.06,1113763.26,174688.8,2015-01-10,2015-01-31,2015-01-31,e7611be4b48526166cda57a8cdedcf25,2015-01-31,2015-01-31,
3303,731913316,M,2015-01-10,2015-02-14,82,Offline,2,8270,392411.5,262903.3,129508.2,2015-01-10,2015-02-14,2015-02-14,83e40c4a57ed12635a7300c7a26ccd3f,2015-02-14,2015-02-14,
3304,717114818,L,2015-01-11,2015-01-25,115,Offline,7,9065,1864670.5,1061602.15,803068.35,2015-01-11,2015-01-25,2015-01-25,fea106aafc9c18ed68194b9b6bc6cd10,2015-01-25,2015-01-25,
3305,519380223,M,2015-01-12,2015-01-17,180,Online,5,5005,763662.9,487687.2,275975.7,2015-01-12,2015-01-17,2015-01-17,a7d19f64775647eece52cf63162b0e0a,2015-01-17,2015-01-17,
3306,265914475,M,2015-01-12,2015-02-21,66,Online,10,8857,3872280.4,2332313.81,1539966.59,2015-01-12,2015-02-21,2015-02-21,234565dd1c7fc46d99ef4bffa84b111c,2015-02-21,2015-02-21,
3307,471599566,L,2015-01-12,2015-02-28,114,Offline,10,5647,2468868.4,1487024.51,981843.89,2015-01-12,2015-02-28,2015-02-28,5d4d2521cade80016289392712a78b83,2015-02-28,2015-02-28,
3308,321881663,L,2015-01-13,2015-02-28,131,Offline,11,792,515758.32,415768.32,99990,2015-01-13,2015-02-28,2015-02-28,90b859e9c974a404a804dc87bf1d3f23,2015-02-28,2015-02-28,
3309,209357202,H,2015-01-14,2015-01-22,91,Online,7,2303,473727.1,269704.33,204022.77,2015-01-14,2015-01-22,2015-01-22,f6408c56401d914fd66198a7ebc12840,2015-01-22,2015-01-22,
3310,119935786,L,2015-01-14,2015-01-27,26,Offline,3,519,42417.87,29411.73,13006.14,2015-01-14,2015-01-27,2015-01-27,d6f51b1b24b4abc88efd7226ea0ef39d,2015-01-27,2015-01-27,
3311,452471768,L,2015-01-14,2015-02-10,37,Offline,1,5306,49504.98,36717.52,12787.46,2015-01-14,2015-02-10,2015-02-10,0e20098bd700588928cd962440af4e1a,2015-02-10,2015-02-10,
3312,662486159,M,2015-01-14,2015-02-15,80,Offline,1,3231,30145.23,22358.52,7786.71,2015-01-14,2015-02-15,2015-02-15,5aebd2bb3a9c273505e35fac27dda60b,2015-02-15,2015-02-15,
3313,288073384,H,2015-01-15,2015-02-16,24,Offline,8,6171,1575332.88,983780.82,591552.06,2015-01-15,2015-02-16,2015-02-16,88f311aacb02c6e76c1f1003694f53f6,2015-02-16,2015-02-16,
3314,793194282,H,2015-01-15,2015-02-23,59,Offline,9,2669,1126024.41,973357.61,152666.8,2015-01-15,2015-02-23,2015-02-23,655f9243f95a86e8494b10738b518f73,2015-02-23,2015-02-23,
3315,319126927,H,2015-01-16,2015-02-06,47,Offline,3,5604,458014.92,317578.68,140436.24,2015-01-16,2015-02-06,2015-02-06,48896e00d907110c319b17bde153c5c4,2015-02-06,2015-02-06,
3316,614233434,H,2015-01-16,2015-02-08,124,Offline,7,4178,859414.6,489285.58,370129.02,2015-01-16,2015-02-08,2015-02-08,6758870a45886e64cbe5cd6efe220fef,2015-02-08,2015-02-08,
3317,543349730,L,2015-01-17,2015-02-07,40,Online,3,8115,663238.95,459877.05,203361.9,2015-01-17,2015-02-07,2015-02-07,bb7860932ab2ae951e4f99a06f323db1,2015-02-07,2015-02-07,
3318,350062453,L,2015-01-17,2015-02-22,68,Offline,4,114,12457.92,4085.76,8372.16,2015-01-17,2015-02-22,2015-02-22,0487fcd2c71bfcbb5f0cb0a0e9fab658,2015-02-22,2015-02-22,
3319,422874772,H,2015-01-17,2015-02-23,156,Offline,9,6897,2909775.33,2515266.93,394508.4,2015-01-17,2015-02-23,2015-02-23,4837e09e4ecbcf9c5144db8ff884bd74,2015-02-23,2015-02-23,
3320,518200051,M,2015-01-18,2015-01-22,132,Offline,10,5766,2520895.2,1518360.78,1002534.42,2015-01-18,2015-01-22,2015-01-22,a54a1db5e08d7361796bfa66f3612e38,2015-01-22,2015-01-22,
3321,946415364,M,2015-01-18,2015-01-30,48,Online,3,4193,342693.89,237617.31,105076.58,2015-01-18,2015-01-30,2015-01-30,4f679f0319bac77721b1ad2b4aca1439,2015-01-30,2015-01-30,
3322,642886292,C,2015-01-18,2015-01-31,62,Online,5,3195,487493.1,311320.8,176172.3,2015-01-18,2015-01-31,2015-01-31,ddf3efe001c34ebb8f9028c26b0842c6,2015-01-31,2015-01-31,
3323,295787847,H,2015-01-18,2015-02-16,4,Online,8,9052,2310794.56,1443069.84,867724.72,2015-01-18,2015-02-16,2015-02-16,5d39034c1a816d66cb9552b50653fa0d,2015-02-16,2015-02-16,
3324,437083184,C,2015-01-18,2015-02-19,37,Online,9,1482,625240.98,540470.58,84770.4,2015-01-18,2015-02-19,2015-02-19,9d7da16198e75a4615f0aafb580e6624,2015-02-19,2015-02-19,
3325,282917964,L,2015-01-20,2015-01-27,153,Offline,11,567,369236.07,297652.32,71583.75,2015-01-20,2015-01-27,2015-01-27,e31ba12eff251cd7f3ebf2f7b8df7a31,2015-01-27,2015-01-27,
3326,833654868,C,2015-01-20,2015-02-13,103,Offline,3,5856,478610.88,331859.52,146751.36,2015-01-20,2015-02-13,2015-02-13,c8b5e2e20a34e0bd50719a607858ee6f,2015-02-13,2015-02-13,
3327,378479278,C,2015-01-20,2015-02-15,70,Online,5,9284,1416552.72,904632.96,511919.76,2015-01-20,2015-02-15,2015-02-15,2e0de3fee6d56ffe7d7388ac2236857b,2015-02-15,2015-02-15,
3328,592586934,C,2015-01-20,2015-02-19,52,Online,7,8497,1747832.9,995083.67,752749.23,2015-01-20,2015-02-19,2015-02-19,060111a3d108b2e3f81ee7923cdec187,2015-02-19,2015-02-19,
3329,369938695,L,2015-01-21,2015-01-24,31,Online,10,1936,846419.2,509806.88,336612.32,2015-01-21,2015-01-24,2015-01-24,b6b1bbec0a26a6fbaafbd9c9648436a2,2015-01-24,2015-01-24,
3330,569601905,C,2015-01-21,2015-02-02,100,Offline,12,6716,4488101.32,3375058.64,1113042.68,2015-01-21,2015-02-02,2015-02-02,3302e1445dfd6ca4438a7fcec107ed15,2015-02-02,2015-02-02,
3331,538430345,H,2015-01-21,2015-03-10,5,Offline,4,2359,257791.52,84546.56,173244.96,2015-01-21,2015-03-10,2015-03-10,6e80878bab012bfa521ac331fc370568,2015-03-10,2015-03-10,
3332,207704961,L,2015-01-22,2015-01-29,56,Offline,2,3368,159811.6,107068.72,52742.88,2015-01-22,2015-01-29,2015-01-29,d6febc03935bb436e3d7bcdbc783609d,2015-01-29,2015-01-29,
3333,311688840,L,2015-01-22,2015-02-14,169,Offline,3,4509,368520.57,255525.03,112995.54,2015-01-22,2015-02-14,2015-02-14,ad9a6c9a62424b49bee63a886606d3a7,2015-02-14,2015-02-14,
3334,756395232,H,2015-01-22,2015-03-13,84,Online,9,3013,1271154.57,1098810.97,172343.6,2015-01-22,2015-03-13,2015-03-13,3e58bd61ca982f06a59e5b984aff1a35,2015-03-13,2015-03-13,
3335,213726842,C,2015-01-23,2015-01-28,85,Online,11,5377,3501556.17,2822709.92,678846.25,2015-01-23,2015-01-28,2015-01-28,566474013d62a8eaacda5d9878f7eca4,2015-01-28,2015-01-28,
3336,783237493,M,2015-01-23,2015-02-07,39,Online,11,6234,4059643.14,3272600.64,787042.5,2015-01-23,2015-02-07,2015-02-07,ad86a512872492bbc9f3f3431e8f958f,2015-02-07,2015-02-07,
3337,517019879,H,2015-01-24,2015-01-28,10,Offline,11,6526,4249796.46,3425888.96,823907.5,2015-01-24,2015-01-28,2015-01-28,ab55699fad6b8a02ca41da9ef0307b1d,2015-01-28,2015-01-28,
3338,117929494,H,2015-01-24,2015-03-02,185,Offline,1,6813,63565.29,47145.96,16419.33,2015-01-24,2015-03-02,2015-03-02,2076a27bf7d4eaa089056ae4467595ba,2015-03-02,2015-03-02,
3339,263318097,C,2015-01-24,2015-03-04,72,Online,8,531,135553.68,84652.02,50901.66,2015-01-24,2015-03-04,2015-03-04,dfa969dd320548158a9b3d9ca832ea2c,2015-03-04,2015-03-04,
3340,125998008,C,2015-01-25,2015-02-03,183,Online,11,4465,2907652.65,2343946.4,563706.25,2015-01-25,2015-02-03,2015-02-03,b3472617bcf3b682e785ade93910bc0a,2015-02-03,2015-02-03,
3341,491752183,H,2015-01-25,2015-02-06,114,Offline,12,9254,6184170.58,4650505.16,1533665.42,2015-01-25,2015-02-06,2015-02-06,05d85b07634cf453948218ee58319758,2015-02-06,2015-02-06,
3342,793116605,L,2015-01-26,2015-02-07,99,Offline,11,9683,6305666.43,5083187.68,1222478.75,2015-01-26,2015-02-07,2015-02-07,3b2a24350eb119f49dde1d9e5fea138c,2015-02-07,2015-02-07,
3343,780246722,C,2015-01-27,2015-03-09,179,Online,5,1199,182943.42,116830.56,66112.86,2015-01-27,2015-03-09,2015-03-09,0d58fe1baae733be770d0935c13060db,2015-03-09,2015-03-09,
3344,244072282,H,2015-01-27,2015-03-13,150,Online,4,5267,575577.76,188769.28,386808.48,2015-01-27,2015-03-13,2015-03-13,694caf4b67366433ad2a80374184c49f,2015-03-13,2015-03-13,
3345,537250173,H,2015-01-27,2015-03-15,120,Online,8,3120,796473.6,497390.4,299083.2,2015-01-27,2015-03-15,2015-03-15,d4c82c687dadb59c68c0a3cdc5541802,2015-03-15,2015-03-15,
3346,121196639,H,2015-01-28,2015-02-07,57,Offline,2,3634,172433.3,115524.86,56908.44,2015-01-28,2015-02-07,2015-02-07,6b276db3762b83e8b44c8fb3cab6802f,2015-02-07,2015-02-07,
3347,790243852,L,2015-01-29,2015-02-10,98,Offline,10,9572,4184878.4,2520594.76,1664283.64,2015-01-29,2015-02-10,2015-02-10,16f9ae5253e5f70e4a030d37daeec185,2015-02-10,2015-02-10,
3348,719714200,H,2015-01-29,2015-03-06,106,Offline,5,8280,1263362.4,806803.2,456559.2,2015-01-29,2015-03-06,2015-03-06,1f6db2c2cf0c3e1db48f630e28dd9be5,2015-03-06,2015-03-06,
3349,380684268,M,2015-01-30,2015-02-23,79,Offline,10,1789,782150.8,471097.37,311053.43,2015-01-30,2015-02-23,2015-02-23,f741e11bde8062fe7626952cd31bae52,2015-02-23,2015-02-23,
3350,889898431,M,2015-01-30,2015-02-28,135,Offline,5,9576,1461106.08,933085.44,528020.64,2015-01-30,2015-02-28,2015-02-28,0060e42c077d2a7a94b77b1665b284a3,2015-02-28,2015-02-28,
3351,916976726,C,2015-01-30,2015-03-16,149,Online,9,2645,1115899.05,964605.05,151294,2015-01-30,2015-03-16,2015-03-16,bb6d4d70fa079a73f8132b9f33c07ae0,2015-03-16,2015-03-16,
3352,355534589,H,2015-01-31,2015-02-06,24,Online,4,9440,1031603.2,338329.6,693273.6,2015-01-31,2015-02-06,2015-02-06,b5c206a700054b4795c6e3e125df4378,2015-02-06,2015-02-06,
3353,607071721,H,2015-01-31,2015-02-23,86,Online,10,4868,2128289.6,1281890.44,846399.16,2015-01-31,2015-02-23,2015-02-23,5aa728d666015e876b82573dc3d0dd9e,2015-02-23,2015-02-23,
3354,411619794,C,2015-01-31,2015-03-10,25,Offline,6,6299,970423.94,572768.07,397655.87,2015-01-31,2015-03-10,2015-03-10,a2b8b2427bf79f0e89fb1e818869eb8c,2015-03-10,2015-03-10,
3355,409337127,C,2015-02-01,2015-02-14,122,Offline,8,807,206010.96,128651.94,77359.02,2015-02-01,2015-02-14,2015-02-14,587f541e872a9e41d418cdd6e0530369,2015-02-14,2015-02-14,
3356,440154635,L,2015-02-03,2015-02-06,42,Online,4,393,42947.04,14085.12,28861.92,2015-02-03,2015-02-06,2015-02-06,d75c95e279171e5d558dc5011b14bf9a,2015-02-06,2015-02-06,
3357,169843757,M,2015-02-03,2015-03-19,60,Offline,3,9397,768016.81,532527.99,235488.82,2015-02-03,2015-03-19,2015-03-19,bb0197802e26fe8240d738c4c9d81512,2015-03-19,2015-03-19,
3358,614432132,M,2015-02-04,2015-03-21,162,Online,7,2977,612368.9,348636.47,263732.43,2015-02-04,2015-03-21,2015-03-21,0163781ea26e9d07d2c6b0a2f3ab29a6,2015-03-21,2015-03-21,
3359,472900760,M,2015-02-05,2015-03-19,62,Offline,5,699,106653.42,68110.56,38542.86,2015-02-05,2015-03-19,2015-03-19,b0e28e8fe3df7fa863ff5bd4be77f718,2015-03-19,2015-03-19,
3360,738882339,M,2015-02-06,2015-02-09,74,Online,7,558,114780.6,65347.38,49433.22,2015-02-06,2015-02-09,2015-02-09,10da3caa60cc747daa93f1e2867520af,2015-02-09,2015-02-09,
3361,431260001,L,2015-02-06,2015-02-11,156,Online,8,8273,2111931.44,1318881.66,793049.78,2015-02-06,2015-02-11,2015-02-11,8abc1b0885dbd7aea0a863adba96c8a6,2015-02-11,2015-02-11,
3362,834443652,C,2015-02-06,2015-02-27,116,Offline,9,9275,3913029.75,3382499.75,530530,2015-02-06,2015-02-27,2015-02-27,a16d85a9157c4dd26bcf8f0c7fa7f0d8,2015-02-27,2015-02-27,
3363,786544978,L,2015-02-06,2015-03-15,17,Offline,11,4993,3251491.53,2621125.28,630366.25,2015-02-06,2015-03-15,2015-03-15,71052a3ea6a31d38573b976392f7e1e6,2015-03-15,2015-03-15,
3364,719872558,C,2015-02-07,2015-02-16,71,Offline,9,5142,2169358.38,1875235.98,294122.4,2015-02-07,2015-02-16,2015-02-16,0541e9b52a0f7ed75737c831f29daa93,2015-02-16,2015-02-16,
3365,218608891,H,2015-02-09,2015-02-10,80,Online,3,84,6865.32,4760.28,2105.04,2015-02-09,2015-02-10,2015-02-10,14c9017b599454e1a0e8350eebb8183e,2015-02-10,2015-02-10,
3366,363997495,C,2015-02-09,2015-02-11,143,Online,6,3802,585736.12,345715.86,240020.26,2015-02-09,2015-02-11,2015-02-11,09e4b4fb5b5cb86ba1fa84c1fbee738c,2015-02-11,2015-02-11,
3367,981406819,C,2015-02-09,2015-03-28,56,Offline,6,8942,1377604.52,813096.06,564508.46,2015-02-09,2015-03-28,2015-03-28,6dbbbe018fa626998964c620c22036ea,2015-03-28,2015-03-28,
3368,667054498,H,2015-02-11,2015-02-12,28,Online,3,5104,417149.92,289243.68,127906.24,2015-02-11,2015-02-12,2015-02-12,48efe67a40f1a707f1807f4355094d21,2015-02-12,2015-02-12,
3369,633836305,C,2015-02-11,2015-02-23,158,Online,7,5103,1049687.1,597612.33,452074.77,2015-02-11,2015-02-23,2015-02-23,2f3a6dca0a4db36ff5262a924c594084,2015-02-23,2015-02-23,
3370,785364806,M,2015-02-12,2015-03-21,18,Offline,12,5754,3845225.58,2891615.16,953610.42,2015-02-12,2015-03-21,2015-03-21,b91d4dbbc32fb9660584ea786e0a031f,2015-03-21,2015-03-21,
3371,706176555,C,2015-02-13,2015-02-26,145,Offline,6,2190,337391.4,199136.7,138254.7,2015-02-13,2015-02-26,2015-02-26,0ca7d3744e085c54c82e407669d171c8,2015-02-26,2015-02-26,
3372,637575519,M,2015-02-13,2015-03-21,183,Offline,10,1619,707826.8,426331.27,281495.53,2015-02-13,2015-03-21,2015-03-21,37feb6d603f2472105771a446449ab80,2015-03-21,2015-03-21,
3373,130289971,M,2015-02-14,2015-03-16,6,Online,4,4553,497551.84,163179.52,334372.32,2015-02-14,2015-03-16,2015-03-16,0495941158c8824e6e97137ea501b28b,2015-03-16,2015-03-16,
3375,196608340,H,2015-02-15,2015-03-20,106,Online,9,9632,4063644.48,3512694.08,550950.4,2015-02-15,2015-03-20,2015-03-20,26c5273628196a907087c987602e7982,2015-03-20,2015-03-20,
3376,580782210,C,2015-02-16,2015-02-20,33,Online,11,5217,3397362.57,2738716.32,658646.25,2015-02-16,2015-02-20,2015-02-20,bca59edd67911ea2028f3e9506011f30,2015-02-20,2015-02-20,
3377,582710826,C,2015-02-17,2015-02-20,177,Online,12,5937,3967518.99,2983579.98,983939.01,2015-02-17,2015-02-20,2015-02-20,779e7a88639976e4a3cbf0644958ca5c,2015-02-20,2015-02-20,
3378,765528905,L,2015-02-17,2015-03-06,97,Offline,3,5870,479755.1,332652.9,147102.2,2015-02-17,2015-03-06,2015-03-06,db1443827d1c3c10cbc9ded687a40c97,2015-03-06,2015-03-06,
3379,655287110,H,2015-02-18,2015-02-22,28,Offline,12,2873,1919939.71,1443797.42,476142.29,2015-02-18,2015-02-22,2015-02-22,28ad6988644f76e5300ed09a3b086060,2015-02-22,2015-02-22,
3380,559607779,H,2015-02-18,2015-03-01,59,Offline,5,9233,1408771.14,899663.52,509107.62,2015-02-18,2015-03-01,2015-03-01,7db7932b490cf7d759c2611ecf4698f2,2015-03-01,2015-03-01,
3381,384976232,L,2015-02-18,2015-04-03,145,Online,11,1877,1222321.17,985349.92,236971.25,2015-02-18,2015-04-03,2015-04-03,71dead06a8eb6e3262b69d0b127b895b,2015-04-03,2015-04-03,
3382,457788550,H,2015-02-18,2015-04-04,116,Online,10,8660,3786152,2280437.8,1505714.2,2015-02-18,2015-04-04,2015-04-04,399933b309e65f9fca5da69a53afaad5,2015-04-04,2015-04-04,
3383,804650962,M,2015-02-19,2015-03-20,111,Online,1,2956,27579.48,20455.52,7123.96,2015-02-19,2015-03-20,2015-03-20,ca1dc8aff8a5aefedc9e905027113e72,2015-03-20,2015-03-20,
3384,108407437,C,2015-02-19,2015-03-27,26,Offline,8,9025,2303902,1438765.5,865136.5,2015-02-19,2015-03-27,2015-03-27,702c5db503545bdc55da023ec30f7d5c,2015-03-27,2015-03-27,
3385,293390166,C,2015-02-19,2015-04-10,136,Offline,2,9525,451961.25,302799.75,149161.5,2015-02-19,2015-04-10,2015-04-10,2a8ba909ae621794c359befc5a83eb06,2015-04-10,2015-04-10,
3386,160045325,L,2015-02-20,2015-04-05,149,Online,1,9823,91648.59,67975.16,23673.43,2015-02-20,2015-04-05,2015-04-05,f452b6992ea094795e563134090e4ff8,2015-04-05,2015-04-05,
3387,155952060,M,2015-02-20,2015-04-06,103,Online,2,8535,404985.75,271327.65,133658.1,2015-02-20,2015-04-06,2015-04-06,ea25765a46ecaca3c68b6e39c7bc832c,2015-04-06,2015-04-06,
3388,637969911,M,2015-02-21,2015-03-02,41,Offline,12,8329,5566020.83,4185655.66,1380365.17,2015-02-21,2015-03-02,2015-03-02,b4554e351532ddf1ed4724ff7b00e0cb,2015-03-02,2015-03-02,
3389,685750567,H,2015-02-21,2015-03-11,126,Online,6,7687,1184259.22,698978.91,485280.31,2015-02-21,2015-03-11,2015-03-11,0bcd3bf30b7711569c606c7ad62223d6,2015-03-11,2015-03-11,
3390,769032084,C,2015-02-21,2015-04-03,41,Online,8,2538,647900.64,404607.96,243292.68,2015-02-21,2015-04-03,2015-04-03,cb0538f909d4dfe3e36befba5f99d09b,2015-04-03,2015-04-03,
3391,996994102,L,2015-02-24,2015-03-10,148,Online,10,1565,684218,412111.45,272106.55,2015-02-24,2015-03-10,2015-03-10,f6118c1da5b7cf9b5ce2a653978c8297,2015-03-10,2015-03-10,
3392,743410336,C,2015-02-24,2015-03-20,107,Online,7,494,101615.8,57852.34,43763.46,2015-02-24,2015-03-20,2015-03-20,e9196ae637cddb6413529e3399148043,2015-03-20,2015-03-20,
3393,142728126,C,2015-02-24,2015-04-14,123,Offline,1,5279,49253.07,36530.68,12722.39,2015-02-24,2015-04-14,2015-04-14,54d0fa51b318a85598fc7ef1beeec07d,2015-04-14,2015-04-14,
3394,741009652,L,2015-02-25,2015-03-21,6,Offline,6,78,12016.68,7092.54,4924.14,2015-02-25,2015-03-21,2015-03-21,ce5fe6f2b972339a181ba9011a8f0ccb,2015-03-21,2015-03-21,
3396,217115008,M,2015-02-26,2015-03-22,81,Online,7,8011,1647862.7,938168.21,709694.49,2015-02-26,2015-03-22,2015-03-22,e98bca00377378dc05091e1cae61d212,2015-03-22,2015-03-22,
3397,636907756,C,2015-02-26,2015-04-01,75,Online,6,4013,618242.78,364902.09,253340.69,2015-02-26,2015-04-01,2015-04-01,62babc2b2440a25d8bb733a4cc15c8c3,2015-04-01,2015-04-01,
3399,119153010,L,2015-02-27,2015-03-05,60,Offline,2,8878,421261.1,282231.62,139029.48,2015-02-27,2015-03-05,2015-03-05,970b06a4ef489b7fa131af5302882900,2015-03-05,2015-03-05,
3401,135644090,H,2015-02-28,2015-03-26,59,Online,6,8955,1379607.3,814278.15,565329.15,2015-02-28,2015-03-26,2015-03-26,abd4e1841c7c42ee41b9d93dc48ba727,2015-03-26,2015-03-26,
3402,251907765,C,2015-03-01,2015-04-07,127,Offline,5,3961,604369.38,385959.84,218409.54,2015-03-01,2015-04-07,2015-04-07,780eef1b78bcb807d78fdcd0c042758d,2015-04-07,2015-04-07,
3403,902417266,M,2015-03-01,2015-04-15,56,Online,8,4178,1066559.84,666056.76,400503.08,2015-03-01,2015-04-15,2015-04-15,d070687a5b6f6dd41f09ddec1e4be700,2015-04-15,2015-04-15,
3404,650644099,H,2015-03-02,2015-03-31,104,Online,5,8903,1358419.74,867508.32,490911.42,2015-03-02,2015-03-31,2015-03-31,8ca53bf32dbbaba7d8a632e622dc64f2,2015-03-31,2015-03-31,
3405,594558894,M,2015-03-02,2015-04-19,6,Offline,1,2044,19070.52,14144.48,4926.04,2015-03-02,2015-04-19,2015-04-19,20a4e8cd4220fcfd2c501c666d125809,2015-04-19,2015-04-19,
3406,783516871,C,2015-03-03,2015-04-06,31,Online,7,8909,1832581.3,1043332.99,789248.31,2015-03-03,2015-04-06,2015-04-06,612e67d635679f1f5fb327565e4706ec,2015-04-06,2015-04-06,
3407,508876693,H,2015-03-04,2015-03-29,46,Offline,2,6777,321568.65,215440.83,106127.82,2015-03-04,2015-03-29,2015-03-29,41f13c8ac515fbb384a9f6cd31ebc621,2015-03-29,2015-03-29,
3408,238683831,H,2015-03-04,2015-04-14,113,Online,7,705,145018.5,82562.55,62455.95,2015-03-04,2015-04-14,2015-04-14,4571e091e7827899c1a7d63985f6e304,2015-04-14,2015-04-14,
3409,514898574,M,2015-03-05,2015-03-28,183,Online,11,8785,5720879.85,4611773.6,1109106.25,2015-03-05,2015-03-28,2015-03-28,92f8d50cd2cb62c5eb75cd0e1fc3a1bd,2015-03-28,2015-03-28,
3410,953347051,M,2015-03-06,2015-03-08,159,Offline,8,5433,1386936.24,866128.86,520807.38,2015-03-06,2015-03-08,2015-03-08,3a4fbd7f2627111efe5f76b0d937a382,2015-03-08,2015-03-08,
3411,720229613,C,2015-03-07,2015-03-11,33,Online,1,803,7491.99,5556.76,1935.23,2015-03-07,2015-03-11,2015-03-11,e1d78dc9ecd17f0f571680db24d5de76,2015-03-11,2015-03-11,
3412,354593455,H,2015-03-07,2015-04-03,166,Online,11,938,610834.98,492412.48,118422.5,2015-03-07,2015-04-03,2015-04-03,022988352118fda16d851a5bd2fdcc4a,2015-04-03,2015-04-03,
3413,539576184,H,2015-03-07,2015-04-16,96,Online,6,1438,221538.28,130757.34,90780.94,2015-03-07,2015-04-16,2015-04-16,de93dcdc4a6b1e4d29e589204e60b098,2015-04-16,2015-04-16,
3414,824331510,L,2015-03-07,2015-04-21,183,Online,6,6867,1057930.02,624416.31,433513.71,2015-03-07,2015-04-21,2015-04-21,8c0485d1f848d9a1f4891ccbbaa30adb,2015-04-21,2015-04-21,
3415,484947526,C,2015-03-09,2015-03-16,102,Online,9,5604,2364271.56,2043722.76,320548.8,2015-03-09,2015-03-16,2015-03-16,c053bc934bf2035893dd7ae4f3074709,2015-03-16,2015-03-16,
3416,470503079,H,2015-03-09,2015-03-21,163,Offline,4,1172,128076.16,42004.48,86071.68,2015-03-09,2015-03-21,2015-03-21,2144b47f7d5c5cac8b87764d16b9c54e,2015-03-21,2015-03-21,
3417,235220992,M,2015-03-11,2015-03-26,95,Offline,8,5974,1525042.72,952375.08,572667.64,2015-03-11,2015-03-26,2015-03-26,b5c9a76e421a15215ef83c8cd325fdde,2015-03-26,2015-03-26,
3418,823505389,H,2015-03-11,2015-03-30,155,Online,4,2400,262272,86016,176256,2015-03-11,2015-03-30,2015-03-30,8e7c0b9757d94534157f07beb4ddf48c,2015-03-30,2015-03-30,
3419,815082824,L,2015-03-11,2015-04-02,17,Offline,9,9975,4208352.75,3637782.75,570570,2015-03-11,2015-04-02,2015-04-02,09dfb43cc744ada32766f3490768b8d2,2015-04-02,2015-04-02,
3420,320431125,H,2015-03-11,2015-04-17,34,Online,2,1545,73310.25,49115.55,24194.7,2015-03-11,2015-04-17,2015-04-17,40a3effc60000d50d29787177d2c03b5,2015-04-17,2015-04-17,
3421,166501939,H,2015-03-12,2015-03-25,82,Online,9,479,202085.31,174686.51,27398.8,2015-03-12,2015-03-25,2015-03-25,1f47daa2a2b28d5c42f887917fc20e70,2015-03-25,2015-03-25,
3422,155914723,H,2015-03-12,2015-03-29,138,Offline,1,7486,69844.38,51803.12,18041.26,2015-03-12,2015-03-29,2015-03-29,4050a24f40a9b395bcf3e209974f02e0,2015-03-29,2015-03-29,
3423,421660268,C,2015-03-14,2015-04-11,138,Offline,12,7498,5010688.46,3768044.92,1242643.54,2015-03-14,2015-04-11,2015-04-11,9c24061950921e5497ae00e4b4bbda7b,2015-04-11,2015-04-11,
3424,477863490,M,2015-03-14,2015-04-17,38,Online,12,9281,6202213.87,4664073.74,1538140.13,2015-03-14,2015-04-17,2015-04-17,22858b76e3d7cd8b81f8ddc4bc605c12,2015-04-17,2015-04-17,
3425,103450715,H,2015-03-15,2015-04-18,91,Online,11,2220,1445686.2,1165411.2,280275,2015-03-15,2015-04-18,2015-04-18,9954004e42caa0736d41538b4e10de55,2015-04-18,2015-04-18,
3426,697638976,L,2015-03-16,2015-03-26,30,Offline,6,5731,882917.86,521119.83,361798.03,2015-03-16,2015-03-26,2015-03-26,066c5e0f5ab270032affd3db91571cb8,2015-03-26,2015-03-26,
3427,604124295,C,2015-03-16,2015-04-02,167,Online,9,2659,1121805.51,969710.71,152094.8,2015-03-16,2015-04-02,2015-04-02,46e7483d98fed98cf1456ca327c0393d,2015-04-02,2015-04-02,
3428,439725911,L,2015-03-17,2015-04-07,11,Offline,1,3524,32878.92,24386.08,8492.84,2015-03-17,2015-04-07,2015-04-07,e5ff1ee29273f945af9238d4e7dd2ed6,2015-04-07,2015-04-07,
3429,990462815,C,2015-03-17,2015-04-24,106,Online,11,8812,5738462.52,4625947.52,1112515,2015-03-17,2015-04-24,2015-04-24,de4f837761e4bdc25c86aab85abb1404,2015-04-24,2015-04-24,
3430,140290105,H,2015-03-18,2015-04-08,55,Offline,4,3814,416793.92,136693.76,280100.16,2015-03-18,2015-04-08,2015-04-08,630ec6b9a94a4776347ca32a9c6369a7,2015-04-08,2015-04-08,
3431,582949864,H,2015-03-18,2015-04-10,77,Online,8,6674,1703738.72,1063969.08,639769.64,2015-03-18,2015-04-10,2015-04-10,87016fcd94e996906d22c6815554df3c,2015-04-10,2015-04-10,
3432,946421372,M,2015-03-19,2015-03-21,155,Offline,2,5971,283323.95,189818.09,93505.86,2015-03-19,2015-03-21,2015-03-21,08b528cc7ffd8a1075f3e88dde9bf576,2015-03-21,2015-03-21,
3433,505808246,H,2015-03-19,2015-04-12,148,Online,1,8755,81684.15,60584.6,21099.55,2015-03-19,2015-04-12,2015-04-12,5c0e5bac56fe21cd31af9af22745121e,2015-04-12,2015-04-12,
3434,543237721,H,2015-03-19,2015-04-25,109,Online,11,4969,3235862.49,2608526.24,627336.25,2015-03-19,2015-04-25,2015-04-25,a70ffb8ef667db8fe35ca00721ec5f52,2015-04-25,2015-04-25,
3435,443347108,M,2015-03-20,2015-04-09,34,Offline,7,5116,1052361.2,599134.76,453226.44,2015-03-20,2015-04-09,2015-04-09,b8a57213b01cf7bd5d3a5d9ddd779755,2015-04-09,2015-04-09,
3436,568033349,C,2015-03-20,2015-04-17,104,Online,4,2546,278226.88,91248.64,186978.24,2015-03-20,2015-04-17,2015-04-17,1b8c6680781d8f5da3894b8795bf7e6e,2015-04-17,2015-04-17,
3437,731959664,L,2015-03-21,2015-04-13,68,Offline,9,1985,837451.65,723909.65,113542,2015-03-21,2015-04-13,2015-04-13,f68f75aeeb0c5f409cefc8c94a3f3bdb,2015-04-13,2015-04-13,
3438,276784074,C,2015-03-21,2015-04-15,88,Online,4,5413,591532.64,194001.92,397530.72,2015-03-21,2015-04-15,2015-04-15,8a1cd87cbc87d8fcd999b79390594c81,2015-04-15,2015-04-15,
3439,318306815,H,2015-03-21,2015-04-26,115,Offline,1,2915,27196.95,20171.8,7025.15,2015-03-21,2015-04-26,2015-04-26,f16a5a9c0d3f830eb08703eaa516b29f,2015-04-26,2015-04-26,
3440,511712110,C,2015-03-21,2015-05-07,94,Offline,11,5839,3802415.19,3065241.44,737173.75,2015-03-21,2015-05-07,2015-05-07,87a155f42d97341b3a7a86a72b62fda9,2015-05-07,2015-05-07,
3441,164259612,M,2015-03-22,2015-04-29,180,Offline,9,6924,2921166.36,2525113.56,396052.8,2015-03-22,2015-04-29,2015-04-29,a7117c4d1758c9f5a46cf4356f8cb73e,2015-04-29,2015-04-29,
3442,966415631,H,2015-03-23,2015-05-07,72,Offline,12,2716,1815021.32,1364898.64,450122.68,2015-03-23,2015-05-07,2015-05-07,f99db15a3d56bf2534b04eef19a178b0,2015-05-07,2015-05-07,
3443,190865838,M,2015-03-24,2015-03-27,136,Offline,12,298,199144.46,149756.92,49387.54,2015-03-24,2015-03-27,2015-03-27,e6507c142f05d7b3e71d9c4d608d393e,2015-03-27,2015-03-27,
3444,712595832,H,2015-03-24,2015-03-28,155,Online,2,1797,85267.65,57126.63,28141.02,2015-03-24,2015-03-28,2015-03-28,2740e8ee4f83840e55af11e9b5496d4d,2015-03-28,2015-03-28,
3445,901789844,H,2015-03-24,2015-05-05,66,Online,9,8509,3589862.01,3103147.21,486714.8,2015-03-24,2015-05-05,2015-05-05,c814caa6478497ea1a3ae45b3350b48c,2015-05-05,2015-05-05,
3446,793594682,H,2015-03-25,2015-03-27,157,Offline,10,1157,505840.4,304672.81,201167.59,2015-03-25,2015-03-27,2015-03-27,fef6b12db2e08aa6a153600ffcb735b7,2015-03-27,2015-03-27,
3447,816343677,H,2015-03-25,2015-04-13,92,Online,5,3090,471472.2,301089.6,170382.6,2015-03-25,2015-04-13,2015-04-13,b4c7362bd898dfeb07047c837a79cc03,2015-04-13,2015-04-13,
3448,248879659,H,2015-03-25,2015-04-28,135,Offline,9,7877,3323227.53,2872663.13,450564.4,2015-03-25,2015-04-28,2015-04-28,1f04f939ade48ca8a85b54a5ea36ff22,2015-04-28,2015-04-28,
3449,922020137,C,2015-03-27,2015-04-30,62,Offline,8,5103,1302693.84,813520.26,489173.58,2015-03-27,2015-04-30,2015-04-30,9b2281a341126de4ac5544496f9a5b95,2015-04-30,2015-04-30,
3450,826340806,C,2015-03-27,2015-05-07,112,Offline,1,1462,13640.46,10117.04,3523.42,2015-03-27,2015-05-07,2015-05-07,b0c1c4b48dd8bdf74743aaddc452faa2,2015-05-07,2015-05-07,
3451,670364987,M,2015-03-27,2015-05-09,27,Offline,1,4752,44336.16,32883.84,11452.32,2015-03-27,2015-05-09,2015-05-09,f4db3456f9f202e8775f5e93fc0755a2,2015-05-09,2015-05-09,
3452,210742080,M,2015-03-29,2015-04-19,50,Online,7,2119,435878.3,248156.09,187722.21,2015-03-29,2015-04-19,2015-04-19,fdc5b975c94ac2fffa8e5aacfb62b7d7,2015-04-19,2015-04-19,
3454,906749570,C,2015-03-30,2015-04-12,63,Offline,12,6203,4145278.81,3117255.62,1028023.19,2015-03-30,2015-04-12,2015-04-12,7e17e9d792d62a863f3daf134bb59d86,2015-04-12,2015-04-12,
3455,640295922,M,2015-04-01,2015-04-03,32,Online,8,6647,1696846.16,1059664.74,637181.42,2015-04-01,2015-04-03,2015-04-03,759ae37759d8dd4217b7dfd466887c73,2015-04-03,2015-04-03,
3456,925169265,M,2015-04-01,2015-05-03,67,Offline,6,7000,1078420,636510,441910,2015-04-01,2015-05-03,2015-05-03,9e0553bdda0866350d412fd5365c006d,2015-05-03,2015-05-03,
3457,687958562,L,2015-04-02,2015-05-08,142,Online,6,1081,166538.86,98295.33,68243.53,2015-04-02,2015-05-08,2015-05-08,b83e2a652eb90c9cea9b649dbf87455a,2015-05-08,2015-05-08,
3458,147454822,M,2015-04-02,2015-05-14,36,Offline,1,4013,37441.29,27769.96,9671.33,2015-04-02,2015-05-14,2015-05-14,abc9bf3e76038ebcca411912644fa43f,2015-05-14,2015-05-14,
3459,733574569,H,2015-04-02,2015-05-18,183,Offline,8,9871,2519868.88,1573634.82,946234.06,2015-04-02,2015-05-18,2015-05-18,4b8be7c427810a761c079aa5b6aeceed,2015-05-18,2015-05-18,
3460,324014985,L,2015-04-03,2015-04-10,72,Offline,8,2089,533279.92,333028.38,200251.54,2015-04-03,2015-04-10,2015-04-10,6b9fdd6253926a6cd0113c4e3c4a8d68,2015-04-10,2015-04-10,
3461,217984473,C,2015-04-03,2015-04-20,47,Offline,12,5305,3545172.35,2665974.7,879197.65,2015-04-03,2015-04-20,2015-04-20,d47eedbabe1a7ac6e9c07bc5ba25d7c0,2015-04-20,2015-04-20,
3462,575552117,C,2015-04-03,2015-04-26,94,Offline,11,7516,4894494.36,3945599.36,948895,2015-04-03,2015-04-26,2015-04-26,3c7c466f32299a454ca697edbb75bfd4,2015-04-26,2015-04-26,
3463,276116311,M,2015-04-03,2015-04-26,3,Online,2,7807,370442.15,248184.53,122257.62,2015-04-03,2015-04-26,2015-04-26,e227cad0432984b3992143d67b380d57,2015-04-26,2015-04-26,
3464,862236058,H,2015-04-03,2015-05-01,46,Offline,3,3665,299540.45,207695.55,91844.9,2015-04-03,2015-05-01,2015-05-01,79bef9388d0ad405b522eb09c8c1fc05,2015-05-01,2015-05-01,
3465,184412229,C,2015-04-04,2015-04-07,32,Online,8,531,135553.68,84652.02,50901.66,2015-04-04,2015-04-07,2015-04-07,b9f4ca0be4d2050adfa3bcb3022c53e1,2015-04-07,2015-04-07,
3466,458816373,L,2015-04-04,2015-04-16,127,Offline,11,2815,1833156.15,1477762.4,355393.75,2015-04-04,2015-04-16,2015-04-16,17380938a1bae95339060ccc1d351ccf,2015-04-16,2015-04-16,
3467,452558457,H,2015-04-04,2015-04-18,129,Offline,10,959,419274.8,252533.47,166741.33,2015-04-04,2015-04-18,2015-04-18,965705bc152325771f72dc72d8157a15,2015-04-18,2015-04-18,
3468,300911939,C,2015-04-04,2015-04-19,83,Online,10,5384,2353884.8,1417768.72,936116.08,2015-04-04,2015-04-19,2015-04-19,5e11b9eb9c431b00db1ae1724744603b,2015-04-19,2015-04-19,
3469,706260240,M,2015-04-04,2015-05-04,179,Online,3,6954,568350.42,394083.18,174267.24,2015-04-04,2015-05-04,2015-05-04,5afaadbd73014c39802bff378a0c44f7,2015-05-04,2015-05-04,
3471,541861855,H,2015-04-05,2015-05-09,3,Online,6,7819,1204595.14,710981.67,493613.47,2015-04-05,2015-05-09,2015-05-09,8a7623008854937d66910ed12a8ab01e,2015-05-09,2015-05-09,
3472,387696635,C,2015-04-06,2015-04-16,56,Online,1,6905,64423.65,47782.6,16641.05,2015-04-06,2015-04-16,2015-04-16,29e9948c8ec505621fd15deac3048623,2015-04-16,2015-04-16,
3473,462555587,C,2015-04-06,2015-05-12,1,Online,3,9332,762704.36,528844.44,233859.92,2015-04-06,2015-05-12,2015-05-12,4871d9fdbb1f099aa0d701919ce4c4bc,2015-05-12,2015-05-12,
3474,875972402,M,2015-04-07,2015-04-29,76,Offline,10,8555,3740246,2252788.15,1487457.85,2015-04-07,2015-04-29,2015-04-29,c311e033e9a990895d46e2c1d0efe368,2015-04-29,2015-04-29,
3475,861527955,M,2015-04-07,2015-05-04,97,Online,11,4122,2684287.62,2163885.12,520402.5,2015-04-07,2015-05-04,2015-05-04,5fe4d7808570938eb5bb05846b18f5f5,2015-05-04,2015-05-04,
3476,474717366,C,2015-04-08,2015-04-14,131,Offline,8,8273,2111931.44,1318881.66,793049.78,2015-04-08,2015-04-14,2015-04-14,5d07a11ada4ee2cf7380024bcf418082,2015-04-14,2015-04-14,
3477,826027095,M,2015-04-08,2015-04-22,67,Offline,9,8628,3640066.92,3146545.32,493521.6,2015-04-08,2015-04-22,2015-04-22,5d14b9c12cb8830c81d1afb777d073fb,2015-04-22,2015-04-22,
3478,497466361,C,2015-04-08,2015-05-01,180,Offline,12,206,137663.62,103523.24,34140.38,2015-04-08,2015-05-01,2015-05-01,885e6604430eb532477ff478beb09976,2015-05-01,2015-05-01,
3479,466412818,C,2015-04-08,2015-05-12,122,Offline,7,772,158800.4,90408.92,68391.48,2015-04-08,2015-05-12,2015-05-12,3adc408a39cb4bcc47e25a2b6d9c3f28,2015-05-12,2015-05-12,
3480,526355254,L,2015-04-09,2015-04-22,107,Offline,1,9071,84632.43,62771.32,21861.11,2015-04-09,2015-04-22,2015-04-22,0e130a35fb5bf2688d0cf54be837b6da,2015-04-22,2015-04-22,
3481,245811212,H,2015-04-09,2015-05-11,22,Offline,2,9855,467619.75,313290.45,154329.3,2015-04-09,2015-05-11,2015-05-11,19267cb85ddd68d06d1bf79d6fabb98e,2015-05-11,2015-05-11,
3482,191300570,L,2015-04-11,2015-05-06,12,Offline,11,8945,5825073.45,4695767.2,1129306.25,2015-04-11,2015-05-06,2015-05-06,ba05c6d4fce2587403a4d591a32e794e,2015-05-06,2015-05-06,
3483,392892396,C,2015-04-11,2015-05-14,133,Offline,10,4446,1943791.2,1170765.18,773026.02,2015-04-11,2015-05-14,2015-05-14,b4e186c861b7d2b1019943a030b157a1,2015-05-14,2015-05-14,
3484,650687444,M,2015-04-11,2015-05-28,25,Offline,5,1729,263810.82,168473.76,95337.06,2015-04-11,2015-05-28,2015-05-28,248d7dd88fe96bc4e264cba47a246c92,2015-05-28,2015-05-28,
3485,827247607,L,2015-04-12,2015-04-25,148,Offline,9,9805,4136631.45,3575785.45,560846,2015-04-12,2015-04-25,2015-04-25,467c9108a02a56028d518d59ef2c37f6,2015-04-25,2015-04-25,
3486,523836553,L,2015-04-12,2015-05-22,143,Online,7,3732,767672.4,437054.52,330617.88,2015-04-12,2015-05-22,2015-05-22,d142eae3ce26a6b4e3f636f70a0fc5a8,2015-05-22,2015-05-22,
3487,192993152,M,2015-04-13,2015-05-07,148,Online,8,9817,2506083.76,1565026.14,941057.62,2015-04-13,2015-05-07,2015-05-07,468b1b32192e86a4f3df6b3fed241ebd,2015-05-07,2015-05-07,
3488,903681123,C,2015-04-14,2015-04-26,81,Online,8,8181,2088445.68,1304215.02,784230.66,2015-04-14,2015-04-26,2015-04-26,036ec5e5654c2fa0fad3017931847284,2015-04-26,2015-04-26,
3489,687290799,H,2015-04-15,2015-05-19,146,Offline,11,3475,2262954.75,1824236,438718.75,2015-04-15,2015-05-19,2015-05-19,29cf326e0a7c20e1939c9d6247064b42,2015-05-19,2015-05-19,
3490,834844052,H,2015-04-15,2015-05-20,149,Offline,10,7762,3393546.4,2043967.46,1349578.94,2015-04-15,2015-05-20,2015-05-20,f5d0d5775cac9902a7a5b48391a51949,2015-05-20,2015-05-20,
3491,811977040,M,2015-04-15,2015-05-28,58,Online,10,905,395666,238313.65,157352.35,2015-04-15,2015-05-28,2015-05-28,76bcd2052d183e119e5e2c2801125c3a,2015-05-28,2015-05-28,
3492,757820451,L,2015-04-16,2015-04-26,49,Offline,5,4767,727348.86,464496.48,262852.38,2015-04-16,2015-04-26,2015-04-26,f5a7674cb713e1b9b0bf36a98330003a,2015-04-26,2015-04-26,
3493,277377164,C,2015-04-17,2015-05-07,83,Offline,1,922,8602.26,6380.24,2222.02,2015-04-17,2015-05-07,2015-05-07,dedf8abd90e2e7bc16f0e147883582e0,2015-05-07,2015-05-07,
3494,346096217,H,2015-04-17,2015-05-10,157,Online,4,6417,701249.76,229985.28,471264.48,2015-04-17,2015-05-10,2015-05-10,94a139419e877b4516d844081f1b2c54,2015-05-10,2015-05-10,
3495,497506701,H,2015-04-18,2015-05-10,138,Online,8,2144,547320.32,341796.48,205523.84,2015-04-18,2015-05-10,2015-05-10,93f8f8fd9f9cf966c037956134cfee88,2015-05-10,2015-05-10,
3496,798989140,H,2015-04-18,2015-06-04,121,Online,10,7497,3277688.4,1974185.01,1303503.39,2015-04-18,2015-06-04,2015-06-04,65f71a0f6f8d6a70e96ae62995d3f012,2015-06-04,2015-06-04,
3497,993732964,C,2015-04-21,2015-05-22,103,Online,4,6522,712724.16,233748.48,478975.68,2015-04-21,2015-05-22,2015-05-22,30062c52f7011fee1b9c7df9c7915c91,2015-05-22,2015-05-22,
3498,309651219,H,2015-04-22,2015-05-01,22,Offline,5,1532,233752.56,149278.08,84474.48,2015-04-22,2015-05-01,2015-05-01,6682132958c5db0d1ec1d016bf3896d4,2015-05-01,2015-05-01,
3499,658796298,M,2015-04-22,2015-05-09,77,Online,6,1319,203205.14,119936.67,83268.47,2015-04-22,2015-05-09,2015-05-09,d9a48127e3e698dbf8bb5c54df6ee17d,2015-05-09,2015-05-09,
3500,989403665,M,2015-04-22,2015-05-25,167,Online,4,5386,588582.08,193034.24,395547.84,2015-04-22,2015-05-25,2015-05-25,8cbe2835f736c4ea0a953ec964c7de3f,2015-05-25,2015-05-25,
3501,602357041,L,2015-04-24,2015-05-05,153,Online,3,9689,791881.97,549075.63,242806.34,2015-04-24,2015-05-05,2015-05-05,28dd4654de65b4599c45351bf12b5be0,2015-05-05,2015-05-05,
3502,980509030,M,2015-04-24,2015-05-29,123,Offline,8,3266,833744.48,520665.72,313078.76,2015-04-24,2015-05-29,2015-05-29,73c826da95a709389026460b770f52ca,2015-05-29,2015-05-29,
3504,497901093,H,2015-04-26,2015-06-11,166,Offline,11,8853,5765162.13,4647470.88,1117691.25,2015-04-26,2015-06-11,2015-06-11,7f68e1d258f48608bc28c63dd1d3c759,2015-06-11,2015-06-11,
3505,296073234,C,2015-04-27,2015-06-04,66,Offline,8,3504,894501.12,558607.68,335893.44,2015-04-27,2015-06-04,2015-06-04,2a915d965bff08c85bfe2b8c6c5ca6f9,2015-06-04,2015-06-04,
3506,586850440,M,2015-04-28,2015-06-08,135,Offline,9,941,396998.49,343173.29,53825.2,2015-04-28,2015-06-08,2015-06-08,79e8fbc24d8be14c04fe2ad548645ffa,2015-06-08,2015-06-08,
3507,765575253,C,2015-04-29,2015-05-04,175,Offline,10,9585,4190562,2524018.05,1666543.95,2015-04-29,2015-05-04,2015-05-04,03b2bdb367fc43e498a4b1c31214c2b0,2015-05-04,2015-05-04,
3508,617785966,L,2015-04-30,2015-05-05,131,Online,12,5451,3642739.77,2739345.54,903394.23,2015-04-30,2015-05-05,2015-05-05,09e5f4fb30ac8df32b757eb6d281dbf9,2015-05-05,2015-05-05,
3509,447365701,H,2015-04-30,2015-05-12,107,Online,2,4307,204367.15,136919.53,67447.62,2015-04-30,2015-05-12,2015-05-12,9e4caf515222713cd38458ead39979e6,2015-05-12,2015-05-12,
3510,212319648,L,2015-04-30,2015-05-15,167,Offline,2,8957,425009.65,284743.03,140266.62,2015-04-30,2015-05-15,2015-05-15,f4c02f51808efd9a5638132f9e444315,2015-05-15,2015-05-15,
3511,176700770,C,2015-05-02,2015-05-29,40,Online,3,8539,697892.47,483905.13,213987.34,2015-05-02,2015-05-29,2015-05-29,33acd7b55f9207ef30b893a017cbef2d,2015-05-29,2015-05-29,
3512,750304687,C,2015-05-02,2015-06-07,82,Online,5,685,104517.3,66746.4,37770.9,2015-05-02,2015-06-07,2015-06-07,829e4ac1a57ee647da4b5c428b4a28a1,2015-06-07,2015-06-07,
3513,691818797,L,2015-05-03,2015-05-07,115,Offline,9,3411,1439066.79,1243957.59,195109.2,2015-05-03,2015-05-07,2015-05-07,028c00c115c157f7b78033060e2b9f1e,2015-05-07,2015-05-07,
3514,668951785,H,2015-05-03,2015-05-15,165,Online,11,6554,4268030.34,3440587.84,827442.5,2015-05-03,2015-05-15,2015-05-15,72caa915ccfc1935adf5b53c6598fe06,2015-05-15,2015-05-15,
3515,891482007,L,2015-05-03,2015-05-16,107,Online,2,8191,388662.95,260391.89,128271.06,2015-05-03,2015-05-16,2015-05-16,b366c7ba0a67b0f09828b21f10921f5e,2015-05-16,2015-05-16,
3516,502860820,C,2015-05-03,2015-05-21,31,Offline,12,6546,4374495.42,3289626.84,1084868.58,2015-05-03,2015-05-21,2015-05-21,3c135a3c2d2682f0310eb7b2db72b201,2015-05-21,2015-05-21,
3517,993301236,L,2015-05-03,2015-06-01,19,Online,3,8764,716281.72,496655.88,219625.84,2015-05-03,2015-06-01,2015-06-01,b0175fb499565a0c0a9b939db723e6f8,2015-06-01,2015-06-01,
3518,122190129,M,2015-05-04,2015-05-23,151,Online,10,7629,3335398.8,2008944.57,1326454.23,2015-05-04,2015-05-23,2015-05-23,2710a6fd6ae872bea4f407926cb188f4,2015-05-23,2015-05-23,
3519,982714021,L,2015-05-04,2015-06-06,74,Online,6,5772,889234.32,524847.96,364386.36,2015-05-04,2015-06-06,2015-06-06,ceba525626f74a25c4bee38d01a8b1ba,2015-06-06,2015-06-06,
3520,419343268,C,2015-05-04,2015-06-19,122,Offline,1,1847,17232.51,12781.24,4451.27,2015-05-04,2015-06-19,2015-06-19,b96cbebd6438a63423a1701501b81244,2015-06-19,2015-06-19,
3521,230149257,H,2015-05-05,2015-05-13,106,Online,12,5134,3430898.18,2580040.36,850857.82,2015-05-05,2015-05-13,2015-05-13,60a9575eea780b9ec00f9f4eaaa864c7,2015-05-13,2015-05-13,
3522,901361119,C,2015-05-05,2015-05-14,157,Online,2,1640,77818,52135.6,25682.4,2015-05-05,2015-05-14,2015-05-14,ba7ffb341579eb603dbd095fe3a66207,2015-05-14,2015-05-14,
3523,587598884,H,2015-05-05,2015-06-13,24,Online,7,2422,498205.4,283640.42,214564.98,2015-05-05,2015-06-13,2015-06-13,32bf7f244afeb1b9983b9e9bd70ad1be,2015-06-13,2015-06-13,
3524,978030669,M,2015-05-06,2015-05-14,110,Offline,1,9864,92031.12,68258.88,23772.24,2015-05-06,2015-05-14,2015-05-14,08c511a18519ab7811b3acf1891158a0,2015-05-14,2015-05-14,
3525,801352488,M,2015-05-06,2015-05-23,169,Offline,10,6864,3000940.8,1807497.12,1193443.68,2015-05-06,2015-05-23,2015-05-23,d712882a3b914e15265e6b377660dda3,2015-05-23,2015-05-23,
3526,400215470,C,2015-05-06,2015-06-01,61,Offline,11,1506,980722.26,790589.76,190132.5,2015-05-06,2015-06-01,2015-06-01,674f10986f54b4af3ead157a13e2b10f,2015-06-01,2015-06-01,
3527,231369769,M,2015-05-09,2015-05-16,91,Online,4,6311,689666.08,226186.24,463479.84,2015-05-09,2015-05-16,2015-05-16,2429dd4c8509587a68cfabd1582e412d,2015-05-16,2015-05-16,
3528,969136035,M,2015-05-09,2015-05-20,85,Online,9,7744,3267116.16,2824159.36,442956.8,2015-05-09,2015-05-20,2015-05-20,b3c6c89ef8a6c3bcfd2e60868489b4d3,2015-05-20,2015-05-20,
3529,366407191,M,2015-05-09,2015-05-21,123,Online,8,6885,1757602.8,1097606.7,659996.1,2015-05-09,2015-05-21,2015-05-21,054e1818e3cc07bd924f3d9df739beb2,2015-05-21,2015-05-21,
3530,441266143,L,2015-05-09,2015-06-16,156,Online,6,9312,1434606.72,846740.16,587866.56,2015-05-09,2015-06-16,2015-06-16,1eb8a216010dff7ed51878e713bba6fc,2015-06-16,2015-06-16,
3531,790411221,L,2015-05-09,2015-06-24,96,Online,5,9100,1388478,886704,501774,2015-05-09,2015-06-24,2015-06-24,d73bf183b846f86e95bb26958ea7805c,2015-06-24,2015-06-24,
3532,413951814,C,2015-05-10,2015-05-31,94,Offline,2,6395,303442.75,203297.05,100145.7,2015-05-10,2015-05-31,2015-05-31,094ba31ad15e49ddddce2d46f5005129,2015-05-31,2015-05-31,
3533,998142945,L,2015-05-10,2015-06-06,122,Offline,11,1533,998304.93,804763.68,193541.25,2015-05-10,2015-06-06,2015-06-06,ad4796ee58c44950b127f5c3f3b6bc47,2015-06-06,2015-06-06,
3534,919072711,C,2015-05-10,2015-06-07,131,Offline,11,2894,1884601.74,1519234.24,365367.5,2015-05-10,2015-06-07,2015-06-07,ece3e025d5a0bc1a5952f781451e76fb,2015-06-07,2015-06-07,
3535,910886180,M,2015-05-10,2015-06-10,26,Online,2,317,15041.65,10077.43,4964.22,2015-05-10,2015-06-10,2015-06-10,be433e0cc0804f9acddf93cc47e9300d,2015-06-10,2015-06-10,
3536,422256362,H,2015-05-10,2015-06-23,65,Online,5,3896,594451.68,379626.24,214825.44,2015-05-10,2015-06-23,2015-06-23,e43fce2adced83059066e33123ea49a6,2015-06-23,2015-06-23,
3538,120419871,H,2015-05-13,2015-06-26,90,Online,3,3771,308203.83,213702.57,94501.26,2015-05-13,2015-06-26,2015-06-26,3e344932087a68185fa866da620d7ee9,2015-06-26,2015-06-26,
3539,477633464,H,2015-05-14,2015-06-07,108,Online,10,1211,529449.2,318892.63,210556.57,2015-05-14,2015-06-07,2015-06-07,96b8b2ad4edf8604d449323311e0ff47,2015-06-07,2015-06-07,
3540,263643825,L,2015-05-14,2015-06-29,42,Online,6,6921,1066249.26,629326.53,436922.73,2015-05-14,2015-06-29,2015-06-29,95460131042e20b9737afa5a0d650613,2015-06-29,2015-06-29,
3541,512662255,L,2015-05-15,2015-06-22,84,Offline,12,7009,4683904.43,3522302.86,1161601.57,2015-05-15,2015-06-22,2015-06-22,6f72371f2cc8e72ad432a115cb8f419c,2015-06-22,2015-06-22,
3542,745189607,M,2015-05-17,2015-05-26,61,Offline,9,7019,2961245.91,2559759.11,401486.8,2015-05-17,2015-05-26,2015-05-26,9931a065d01f79678a7b5a6a55ea2e16,2015-05-26,2015-05-26,
3543,192170035,H,2015-05-17,2015-06-05,176,Online,8,6239,1592691.92,994621.38,598070.54,2015-05-17,2015-06-05,2015-06-05,83823360d660b9359f4f617a5d4745cd,2015-06-05,2015-06-05,
3544,264746320,M,2015-05-18,2015-06-06,122,Offline,8,3174,810258.72,505999.08,304259.64,2015-05-18,2015-06-06,2015-06-06,9a87d3364ec14001e1e10b36a0ec0182,2015-06-06,2015-06-06,
3545,158479773,L,2015-05-19,2015-06-18,153,Offline,8,6542,1670041.76,1042925.64,627116.12,2015-05-19,2015-06-18,2015-06-18,a9fd3ed0fae7e4954c3af891f737bd5b,2015-06-18,2015-06-18,
3546,150293242,H,2015-05-19,2015-06-21,33,Offline,11,3965,2582047.65,2081466.4,500581.25,2015-05-19,2015-06-21,2015-06-21,5812d13bc7972ba2538adea9154f26b3,2015-06-21,2015-06-21,
3548,291470563,C,2015-05-20,2015-05-30,162,Offline,3,1472,120306.56,83418.24,36888.32,2015-05-20,2015-05-30,2015-05-30,96567d3daa427db27f04c4ec0b97d5f7,2015-05-30,2015-05-30,
3549,534467113,C,2015-05-21,2015-05-25,103,Offline,6,9550,1471273,868381.5,602891.5,2015-05-21,2015-05-25,2015-05-25,f7ef0997377fd711b513d38cfa49c05d,2015-05-25,2015-05-25,
3550,860745179,M,2015-05-21,2015-06-10,87,Offline,4,2481,271123.68,88919.04,182204.64,2015-05-21,2015-06-10,2015-06-10,ebd7952151b38ddc2db01658bddbb0fe,2015-06-10,2015-06-10,
3551,815011155,M,2015-05-21,2015-06-26,14,Online,12,8767,5858723.09,4405768.18,1452954.91,2015-05-21,2015-06-26,2015-06-26,4195931e2642c5a1a10e98e48cc39738,2015-06-26,2015-06-26,
3552,754596650,H,2015-05-22,2015-05-27,27,Offline,7,772,158800.4,90408.92,68391.48,2015-05-22,2015-05-27,2015-05-27,f856659581fc0cfc63bbe0c929a7d582,2015-05-27,2015-05-27,
3553,357434880,C,2015-05-22,2015-06-29,140,Online,10,1779,777778.8,468464.07,309314.73,2015-05-22,2015-06-29,2015-06-29,b0d6b9dd5471795126c1694d7600ccae,2015-06-29,2015-06-29,
3554,247311103,H,2015-05-22,2015-07-11,60,Offline,12,3706,2476608.62,1862413.24,614195.38,2015-05-22,2015-07-11,2015-07-11,eb2000f921d78c96060eb0a726d6016f,2015-07-11,2015-07-11,
3555,157653653,H,2015-05-23,2015-05-27,154,Offline,6,2074,319520.44,188588.82,130931.62,2015-05-23,2015-05-27,2015-05-27,312cd28452eddc52b4af2695242c0b7b,2015-05-27,2015-05-27,
3556,121916759,C,2015-05-25,2015-07-05,29,Online,12,6733,4499461.91,3383601.82,1115860.09,2015-05-25,2015-07-05,2015-07-05,2e30ee4e544e97168517ec4b0af0f7f9,2015-07-05,2015-07-05,
3557,248767650,L,2015-05-25,2015-07-13,80,Offline,11,4731,3080874.51,2483585.76,597288.75,2015-05-25,2015-07-13,2015-07-13,05df2de3e05cf97ba14dda738d2565e5,2015-07-13,2015-07-13,
3558,599841344,L,2015-05-26,2015-06-01,49,Offline,10,5238,2290053.6,1379322.54,910731.06,2015-05-26,2015-06-01,2015-06-01,b1f815571ddad9f92c9823758ccfaa17,2015-06-01,2015-06-01,
3559,354680144,L,2015-05-26,2015-06-08,96,Offline,6,6591,1015409.46,599319.63,416089.83,2015-05-26,2015-06-08,2015-06-08,f96f9c40ed225fbb5836f867209262f7,2015-06-08,2015-06-08,
3560,339999663,L,2015-05-26,2015-06-13,66,Online,5,2311,352612.38,225183.84,127428.54,2015-05-26,2015-06-13,2015-06-13,46268112e2ee3b1e875a828962625fd1,2015-06-13,2015-06-13,
3561,433278310,H,2015-05-27,2015-06-08,53,Online,5,5535,844530.3,539330.4,305199.9,2015-05-27,2015-06-08,2015-06-08,a1b4bb3e5b05ab62c78767f114eeba21,2015-06-08,2015-06-08,
3562,283678424,L,2015-05-27,2015-07-03,12,Online,9,5604,2364271.56,2043722.76,320548.8,2015-05-27,2015-07-03,2015-07-03,1ddb05a307424ad5525963f00b7d77d9,2015-07-03,2015-07-03,
3563,584924829,M,2015-05-28,2015-06-08,157,Offline,5,1110,169363.8,108158.4,61205.4,2015-05-28,2015-06-08,2015-06-08,13c40e6de37d877acb130aa95e253830,2015-06-08,2015-06-08,
3564,624400937,H,2015-05-28,2015-07-16,85,Offline,12,2968,1983425.36,1491538.72,491886.64,2015-05-28,2015-07-16,2015-07-16,a29a09b83358a6df083a0bcb91b76c9a,2015-07-16,2015-07-16,
3565,695048606,M,2015-05-28,2015-07-17,132,Offline,11,9183,5980061.43,4820707.68,1159353.75,2015-05-28,2015-07-17,2015-07-17,8efc99f938c2aa89866227f16525e158,2015-07-17,2015-07-17,
3566,811194264,M,2015-05-29,2015-07-04,40,Online,9,9264,3908388.96,3378488.16,529900.8,2015-05-29,2015-07-04,2015-07-04,546c1b839390d4d528b147875a41cbab,2015-07-04,2015-07-04,
3567,861021554,C,2015-05-30,2015-06-18,106,Offline,5,4266,650906.28,415679.04,235227.24,2015-05-30,2015-06-18,2015-06-18,68890e194df03d0a7bf3f2e200319dfc,2015-06-18,2015-06-18,
3568,549187934,H,2015-05-30,2015-07-17,91,Online,10,5769,2522206.8,1519150.77,1003056.03,2015-05-30,2015-07-17,2015-07-17,47c016c787bd7bee419d3c5c1242a513,2015-07-17,2015-07-17,
3569,659193694,M,2015-05-31,2015-06-11,30,Online,11,8918,5807490.78,4681593.28,1125897.5,2015-05-31,2015-06-11,2015-06-11,4dc8313eceaa101f3e9e709ce18917a4,2015-06-11,2015-06-11,
3570,644631230,C,2015-05-31,2015-07-11,124,Offline,1,9561,89204.13,66162.12,23042.01,2015-05-31,2015-07-11,2015-07-11,8e82558d81b67562b5946aecc1a14002,2015-07-11,2015-07-11,
3571,399115979,H,2015-06-01,2015-06-24,160,Online,6,6142,946236.52,558492.06,387744.46,2015-06-01,2015-06-24,2015-06-24,ba7a052f59e4b71fff655ba876f7466f,2015-06-24,2015-06-24,
3572,661004292,C,2015-06-01,2015-07-07,86,Offline,1,4714,43981.62,32620.88,11360.74,2015-06-01,2015-07-07,2015-07-07,3d8558761e881ff435c55d9e1b539d67,2015-07-07,2015-07-07,
3573,577840793,L,2015-06-01,2015-07-09,110,Online,8,4786,1221770.08,762984.12,458785.96,2015-06-01,2015-07-09,2015-07-09,11bcbe8933fa3ee9839eedb7aff60cbf,2015-07-09,2015-07-09,
3574,627786099,L,2015-06-01,2015-07-18,173,Offline,4,4712,514927.36,168878.08,346049.28,2015-06-01,2015-07-18,2015-07-18,28b150edba6d2b58deb8925d90130345,2015-07-18,2015-07-18,
3575,627432048,C,2015-06-02,2015-06-23,43,Online,3,9941,812477.93,563356.47,249121.46,2015-06-02,2015-06-23,2015-06-23,6b929a0fdb42ba9326a5099242386c06,2015-06-23,2015-06-23,
3576,251208674,M,2015-06-02,2015-07-19,11,Offline,9,7084,2988668.76,2583463.96,405204.8,2015-06-02,2015-07-19,2015-07-19,29895567b0d4bb45a9f1117c376cdc6c,2015-07-19,2015-07-19,
3577,462797629,H,2015-06-04,2015-06-30,117,Online,3,958,78297.34,54289.86,24007.48,2015-06-04,2015-06-30,2015-06-30,2d5b183b202b5aa34164d64c013c0b75,2015-06-30,2015-06-30,
3578,307057845,C,2015-06-04,2015-07-02,77,Offline,6,4095,630875.7,372358.35,258517.35,2015-06-04,2015-07-02,2015-07-02,f979917b38856082ad6474edae530e52,2015-07-02,2015-07-02,
3579,583390605,M,2015-06-04,2015-07-10,35,Online,7,7099,1460264.3,831363.89,628900.41,2015-06-04,2015-07-10,2015-07-10,6a65f16966310c218a612f0e1e6d696c,2015-07-10,2015-07-10,
3580,973940408,H,2015-06-05,2015-07-05,178,Online,3,9465,773574.45,536381.55,237192.9,2015-06-05,2015-07-05,2015-07-05,94d32740743162c98485336d2967d790,2015-07-05,2015-07-05,
3581,445952498,C,2015-06-06,2015-07-07,108,Offline,7,6109,1256621.3,715424.99,541196.31,2015-06-06,2015-07-07,2015-07-07,15bdf17aac95f5069a42735f9fc0720f,2015-07-07,2015-07-07,
3582,416473519,H,2015-06-07,2015-06-23,151,Online,12,2624,1753540.48,1318664.96,434875.52,2015-06-07,2015-06-23,2015-06-23,e7b4f6728c4d1cf8fd80c5705f74d349,2015-06-23,2015-06-23,
3583,994406735,M,2015-06-07,2015-06-30,66,Online,2,5906,280239.7,187751.74,92487.96,2015-06-07,2015-06-30,2015-06-30,1454125d35d24a9d0097340c6c6de27f,2015-06-30,2015-06-30,
3584,568238055,C,2015-06-07,2015-07-17,48,Offline,7,3123,642401.1,365734.53,276666.57,2015-06-07,2015-07-17,2015-07-17,4e3ee7d859e2ca4fadb3b56a601dc982,2015-07-17,2015-07-17,
3585,682337081,M,2015-06-08,2015-06-10,7,Online,9,7560,3189488.4,2757056.4,432432,2015-06-08,2015-06-10,2015-06-10,ea3fee2c862456835731b9a9327dc0ee,2015-06-10,2015-06-10,
3586,173122918,M,2015-06-08,2015-07-25,18,Offline,4,9773,1067993.44,350264.32,717729.12,2015-06-08,2015-07-25,2015-07-25,42764b9be619d7e725054462c325d276,2015-07-25,2015-07-25,
3587,403721654,C,2015-06-09,2015-06-29,125,Online,11,9064,5902567.44,4758237.44,1144330,2015-06-09,2015-06-29,2015-06-29,7192a13b8890271ed4dfa30fed77b075,2015-06-29,2015-06-29,
3588,230546653,H,2015-06-12,2015-06-14,71,Online,4,2733,298662.24,97950.72,200711.52,2015-06-12,2015-06-14,2015-06-14,f2037dd96f76f89276f64dc72fece372,2015-06-14,2015-06-14,
3589,473661220,L,2015-06-12,2015-07-03,77,Online,2,5736,272173.2,182347.44,89825.76,2015-06-12,2015-07-03,2015-07-03,9e85baaddc6536a6e2a1fd6cc7397dc7,2015-07-03,2015-07-03,
3590,454533421,M,2015-06-14,2015-06-15,176,Online,7,5395,1109751.5,631808.45,477943.05,2015-06-14,2015-06-15,2015-06-15,4951b054d2c5f8fd3c2708255ba70074,2015-06-15,2015-06-15,
3591,446346890,C,2015-06-14,2015-06-18,124,Offline,9,2819,1189307.91,1028061.11,161246.8,2015-06-14,2015-06-18,2015-06-18,771e5c771a74115066723cc68db477bc,2015-06-18,2015-06-18,
3592,516994559,H,2015-06-14,2015-06-20,24,Offline,1,9034,84287.22,62515.28,21771.94,2015-06-14,2015-06-20,2015-06-20,e2f26f8783c0a5d87522d32c9aae814a,2015-06-20,2015-06-20,
3593,311191451,M,2015-06-14,2015-07-09,123,Online,2,7321,347381.45,232734.59,114646.86,2015-06-14,2015-07-09,2015-07-09,d8da35ef96a087e383f2e8f37a473c24,2015-07-09,2015-07-09,
3594,959772336,C,2015-06-14,2015-07-18,17,Offline,2,6817,323466.65,216712.43,106754.22,2015-06-14,2015-07-18,2015-07-18,7755ad980082037f57db0c8ea5ef526a,2015-07-18,2015-07-18,
3595,512665259,C,2015-06-15,2015-06-22,133,Offline,1,7898,73688.34,54654.16,19034.18,2015-06-15,2015-06-22,2015-06-22,392e24084cc3b1be381c206747539e46,2015-06-22,2015-06-22,
3596,485468947,C,2015-06-15,2015-07-01,27,Online,1,9905,92413.65,68542.6,23871.05,2015-06-15,2015-07-01,2015-07-01,2d02a5a2ce3eca1755850128141f0d15,2015-07-01,2015-07-01,
3597,244401013,C,2015-06-15,2015-07-07,162,Offline,12,2546,1701415.42,1279466.84,421948.58,2015-06-15,2015-07-07,2015-07-07,111a77604f6d7889c05f154614cdf535,2015-07-07,2015-07-07,
3598,196384322,H,2015-06-16,2015-06-28,36,Online,1,3340,31162.2,23112.8,8049.4,2015-06-16,2015-06-28,2015-06-28,7de2ee797583a22f469ffc58bf78ace2,2015-06-28,2015-06-28,
3599,243810927,C,2015-06-18,2015-08-04,109,Online,5,7926,1209349.08,772309.44,437039.64,2015-06-18,2015-08-04,2015-08-04,448be8850fe8029a3ee6f15dae458f27,2015-08-04,2015-08-04,
3600,898295676,H,2015-06-19,2015-07-17,129,Offline,2,4508,213904.6,143309.32,70595.28,2015-06-19,2015-07-17,2015-07-17,09c98717720a334127c2f27fc2c5f9a7,2015-07-17,2015-07-17,
3601,964614045,C,2015-06-20,2015-07-21,13,Offline,12,9587,6406704.49,4817850.98,1588853.51,2015-06-20,2015-07-21,2015-07-21,48e05fd7f6a3c319be3c137af1875448,2015-07-21,2015-07-21,
3602,274628436,L,2015-06-20,2015-07-26,52,Online,12,7512,5020044.24,3775080.48,1244963.76,2015-06-20,2015-07-26,2015-07-26,d819470042aaf0a776de4cc65b14f8b6,2015-07-26,2015-07-26,
3603,951980197,M,2015-06-21,2015-07-01,31,Offline,5,950,144951,92568,52383,2015-06-21,2015-07-01,2015-07-01,e43620eef39e26ab247f504b370aa2bb,2015-07-01,2015-07-01,
3604,436272084,L,2015-06-22,2015-06-28,131,Online,7,1460,300322,170980.6,129341.4,2015-06-22,2015-06-28,2015-06-28,0ee5d1688776f0f26cd3a0f654ff4975,2015-06-28,2015-06-28,
3605,261640536,M,2015-06-22,2015-08-01,32,Offline,12,4104,2742580.08,2062424.16,680155.92,2015-06-22,2015-08-01,2015-08-01,b063df4bbc13434e94435d870a84fb1f,2015-08-01,2015-08-01,
3606,937063682,H,2015-06-23,2015-07-08,57,Offline,3,6822,557562.06,386602.74,170959.32,2015-06-23,2015-07-08,2015-07-08,12587f6907a987d3db3e33e74534c98c,2015-07-08,2015-07-08,
3607,693831098,H,2015-06-23,2015-07-14,26,Offline,8,8895,2270715.6,1418040.9,852674.7,2015-06-23,2015-07-14,2015-07-14,2c470c0ee549e3f855b06fc6fd8ac954,2015-07-14,2015-07-14,
3608,242512738,H,2015-06-24,2015-07-15,70,Offline,4,3763,411220.64,134865.92,276354.72,2015-06-24,2015-07-15,2015-07-15,3b1647425a293cd6a8443fecd41ab8f8,2015-07-15,2015-07-15,
3609,203036630,L,2015-06-24,2015-07-28,75,Online,8,1905,486308.4,303695.1,182613.3,2015-06-24,2015-07-28,2015-07-28,e24906703b1d89654eabfa77b4b5fcab,2015-07-28,2015-07-28,
3610,918171918,H,2015-06-24,2015-08-09,179,Online,11,6329,4121508.09,3322471.84,799036.25,2015-06-24,2015-08-09,2015-08-09,1c5a6b3d3899c6e2ce2fc0fbe8a94105,2015-08-09,2015-08-09,
3611,136482226,L,2015-06-25,2015-07-26,73,Offline,9,6979,2944370.31,2545171.51,399198.8,2015-06-25,2015-07-26,2015-07-26,caa3ec1cf8736580ef0caadf05d24490,2015-07-26,2015-07-26,
3612,882671058,H,2015-06-25,2015-07-28,158,Online,9,836,352700.04,304880.84,47819.2,2015-06-25,2015-07-28,2015-07-28,26a6ec2c483c8091371a32ada5fa003c,2015-07-28,2015-07-28,
3613,551827657,C,2015-06-26,2015-07-13,68,Offline,6,6921,1066249.26,629326.53,436922.73,2015-06-26,2015-07-13,2015-07-13,b80675bf6a032f5faf0ce0d231bae74e,2015-07-13,2015-07-13,
3614,483226621,H,2015-06-26,2015-08-06,112,Offline,10,6350,2776220,1672145.5,1104074.5,2015-06-26,2015-08-06,2015-08-06,b30586f115a90aa948ed7f9d6cbb1f61,2015-08-06,2015-08-06,
3615,761724030,H,2015-06-26,2015-08-13,127,Online,2,9923,470846.35,315452.17,155394.18,2015-06-26,2015-08-13,2015-08-13,2e73a468767cd7d5c11a319240c0672e,2015-08-13,2015-08-13,
3616,674231231,M,2015-06-27,2015-06-28,9,Online,12,8859,5920203.93,4452001.86,1468202.07,2015-06-27,2015-06-28,2015-06-28,b148a2f08b4bf2d849f1f094737691dc,2015-06-28,2015-06-28,
3617,666044700,C,2015-06-27,2015-07-01,98,Offline,10,6282,2746490.4,1654239.06,1092251.34,2015-06-27,2015-07-01,2015-07-01,46a1d62f27e71305035f81dea51bcbd0,2015-07-01,2015-07-01,
3618,726223170,C,2015-06-27,2015-07-31,58,Offline,8,4429,1130635.12,706071.18,424563.94,2015-06-27,2015-07-31,2015-07-31,2aa4e8caf9c6af120dbbf78f874e6203,2015-07-31,2015-07-31,
3619,856931293,L,2015-06-28,2015-08-08,181,Offline,1,3867,36079.11,26759.64,9319.47,2015-06-28,2015-08-08,2015-08-08,55f14c147082a4629076354b1a5fa86a,2015-08-08,2015-08-08,
3620,262270963,L,2015-06-29,2015-07-12,31,Online,5,661,100855.38,64407.84,36447.54,2015-06-29,2015-07-12,2015-07-12,25b9ff44a5da2be5a6b9a59e6cd902be,2015-07-12,2015-07-12,
3621,653174817,M,2015-06-29,2015-08-02,117,Offline,9,7798,3289898.22,2843852.62,446045.6,2015-06-29,2015-08-02,2015-08-02,f472ede53d6e8652540a6ee8575bf34d,2015-08-02,2015-08-02,
3622,773767793,M,2015-06-29,2015-08-12,38,Online,2,3940,186953,125252.6,61700.4,2015-06-29,2015-08-12,2015-08-12,f29be3ddee3e4e859116db6376ec55fb,2015-08-12,2015-08-12,
3623,632118403,H,2015-06-30,2015-07-15,83,Offline,6,6737,1037902.22,612595.41,425306.81,2015-06-30,2015-07-15,2015-07-15,41c85acf1b3c10656feb0f819d68c43d,2015-07-15,2015-07-15,
3624,854412591,L,2015-07-01,2015-07-17,69,Online,7,8527,1754003.9,998596.97,755406.93,2015-07-01,2015-07-17,2015-07-17,01c82ab17f4469f0d9feb0efd844f570,2015-07-17,2015-07-17,
3625,783646905,L,2015-07-01,2015-08-10,96,Online,8,7388,1886008.64,1177794.96,708213.68,2015-07-01,2015-08-10,2015-08-10,796f797bf74be7c6e0ad1f658ca4b82d,2015-08-10,2015-08-10,
3626,346891009,M,2015-07-02,2015-07-12,173,Online,2,1613,76536.85,51277.27,25259.58,2015-07-02,2015-07-12,2015-07-12,a8db0396fdd5a64e62a7b5da799c0201,2015-07-12,2015-07-12,
3627,625388419,H,2015-07-02,2015-07-19,42,Online,3,5186,423851.78,293890.62,129961.16,2015-07-02,2015-07-19,2015-07-19,6e3de2684550ef122a140b87896c4973,2015-07-19,2015-07-19,
3628,521404540,H,2015-07-03,2015-07-04,182,Online,2,4045,191935.25,128590.55,63344.7,2015-07-03,2015-07-04,2015-07-04,f34bbc840f24a152da084808803d6142,2015-07-04,2015-07-04,
3629,806159865,M,2015-07-03,2015-07-09,81,Online,2,9474,449541.3,301178.46,148362.84,2015-07-03,2015-07-09,2015-07-09,06bd98f01e4b8d7a3bf6aa0d2196a7d5,2015-07-09,2015-07-09,
3630,560762631,H,2015-07-03,2015-07-16,169,Online,11,979,637534.59,513935.84,123598.75,2015-07-03,2015-07-16,2015-07-16,0452887e61f1ac434a39c8938beff48c,2015-07-16,2015-07-16,
3632,433793723,C,2015-07-04,2015-08-04,21,Online,6,8057,1241261.42,732623.01,508638.41,2015-07-04,2015-08-04,2015-08-04,c11ec5ccc9c3fd42e8322f0b310bf9f7,2015-08-04,2015-08-04,
3633,550293433,C,2015-07-04,2015-08-15,176,Online,9,2910,1227699.9,1061247.9,166452,2015-07-04,2015-08-15,2015-08-15,0c4da5265ffb0cafaf696f533520dfa7,2015-08-15,2015-08-15,
3634,926280772,H,2015-07-05,2015-07-21,90,Offline,2,5919,280856.55,188165.01,92691.54,2015-07-05,2015-07-21,2015-07-21,15742262cd3d6a9df10cab7d4e697c65,2015-07-21,2015-07-21,
3635,795100581,H,2015-07-06,2015-07-16,77,Offline,10,6786,2966839.2,1786957.38,1179881.82,2015-07-06,2015-07-16,2015-07-16,450201811f20ae451d76c20ef36f8236,2015-07-16,2015-07-16,
3636,215120732,H,2015-07-06,2015-08-03,35,Offline,6,7860,1210911.6,714709.8,496201.8,2015-07-06,2015-08-03,2015-08-03,3c958ecc12b2cc3ba29f632c0996d402,2015-08-03,2015-08-03,
3637,663920390,C,2015-07-07,2015-07-10,49,Online,9,7652,3228302.28,2790607.88,437694.4,2015-07-07,2015-07-10,2015-07-10,0c78fdb9cbb377243c109e7df0318677,2015-07-10,2015-07-10,
3638,614093101,L,2015-07-07,2015-07-27,121,Offline,10,2650,1158580,697824.5,460755.5,2015-07-07,2015-07-27,2015-07-27,7d3975661873aab4d71e344d493e6995,2015-07-27,2015-07-27,
3639,990316474,H,2015-07-07,2015-08-21,174,Online,1,5507,51380.31,38108.44,13271.87,2015-07-07,2015-08-21,2015-08-21,86f399969d753cb1c1c4753a9737cd26,2015-08-21,2015-08-21,
3640,310682046,L,2015-07-07,2015-08-23,39,Online,4,6576,718625.28,235683.84,482941.44,2015-07-07,2015-08-23,2015-08-23,56b4ca2a56f83c521b915a43f053a6fe,2015-08-23,2015-08-23,
3641,913174855,H,2015-07-08,2015-08-23,61,Online,9,7587,3200879.43,2766903.03,433976.4,2015-07-08,2015-08-23,2015-08-23,1d3876db037e5f7cfd3952e7438d6bd9,2015-08-23,2015-08-23,
3642,578356206,M,2015-07-09,2015-07-15,145,Online,9,7309,3083594.01,2665519.21,418074.8,2015-07-09,2015-07-15,2015-07-15,00448ce6bb0d18ce1549ecbb8e090337,2015-07-15,2015-07-15,
3643,669470202,C,2015-07-10,2015-07-11,65,Online,9,9965,4204133.85,3634135.85,569998,2015-07-10,2015-07-11,2015-07-11,3067d01358e40243b02655181246c2d3,2015-07-11,2015-07-11,
3644,322253739,L,2015-07-11,2015-08-22,72,Offline,6,898,138345.88,81655.14,56690.74,2015-07-11,2015-08-22,2015-08-22,3eeb24154e338be21b2c1f94641b4cbf,2015-08-22,2015-08-22,
3645,615195596,M,2015-07-11,2015-08-24,148,Offline,5,8903,1358419.74,867508.32,490911.42,2015-07-11,2015-08-24,2015-08-24,bd68cdb1731c58ceb395ef69ce642e67,2015-08-24,2015-08-24,
3646,457291162,L,2015-07-11,2015-08-27,61,Online,9,1472,621022.08,536823.68,84198.4,2015-07-11,2015-08-27,2015-08-27,7b75f1507147bbf34480b6ec7fa0e835,2015-08-27,2015-08-27,
3647,201542747,C,2015-07-12,2015-07-18,20,Online,9,9832,4148022.48,3585632.08,562390.4,2015-07-12,2015-07-18,2015-07-18,535064996d8f8f24c70d7421729a291d,2015-07-18,2015-07-18,
3648,945566928,H,2015-07-12,2015-07-20,175,Online,9,3121,1316718.69,1138197.49,178521.2,2015-07-12,2015-07-20,2015-07-20,5dfbc7cd43a77dd517125b2ecf08ea18,2015-07-20,2015-07-20,
3649,768888747,H,2015-07-12,2015-07-29,40,Online,11,122,79447.62,64045.12,15402.5,2015-07-12,2015-07-29,2015-07-29,f4b20db1b8e21fb61454d02d4bac8a19,2015-07-29,2015-07-29,
3650,450797212,H,2015-07-12,2015-08-30,129,Offline,9,9767,4120599.63,3561927.23,558672.4,2015-07-12,2015-08-30,2015-08-30,e159f79ea4a1281ab845f448f87bce94,2015-08-30,2015-08-30,
3651,600515115,M,2015-07-12,2015-08-30,43,Offline,1,4622,43123.26,31984.24,11139.02,2015-07-12,2015-08-30,2015-08-30,7bf0dafdf4e9cfc3ccf20b1fd67d8238,2015-08-30,2015-08-30,
3652,246922719,H,2015-07-13,2015-07-29,163,Online,11,8775,5714367.75,4606524,1107843.75,2015-07-13,2015-07-29,2015-07-29,7ddfa199d2b709ac34d70f072d36ff8e,2015-07-29,2015-07-29,
3653,490273320,L,2015-07-13,2015-08-18,6,Offline,6,1625,250347.5,147761.25,102586.25,2015-07-13,2015-08-18,2015-08-18,26895a3e9556ec1c3a2478523a039cec,2015-08-18,2015-08-18,
3654,367279660,H,2015-07-14,2015-08-09,156,Offline,10,5068,2215729.6,1334556.44,881173.16,2015-07-14,2015-08-09,2015-08-09,127828c047152df4ff4522d919ee9e4d,2015-08-09,2015-08-09,
3655,173992383,C,2015-07-14,2015-08-24,14,Online,6,7067,1088742.02,642602.31,446139.71,2015-07-14,2015-08-24,2015-08-24,19adde5848de0226fef160f3a8f4c44b,2015-08-24,2015-08-24,
3656,674783980,M,2015-07-15,2015-09-02,3,Online,5,2430,370769.4,236779.2,133990.2,2015-07-15,2015-09-02,2015-09-02,2b707d63033b29838422a1c7fd291a7b,2015-09-02,2015-09-02,
3658,150653302,C,2015-07-16,2015-09-02,59,Online,5,515,78578.7,50181.6,28397.1,2015-07-16,2015-09-02,2015-09-02,d016e0471a2b3c8adddee7bdbc9c5c32,2015-09-02,2015-09-02,
3659,850872075,H,2015-07-18,2015-08-01,84,Offline,8,810,206776.8,129130.2,77646.6,2015-07-18,2015-08-01,2015-08-01,f9451744293de1cb4ee81e45ce4b5824,2015-08-01,2015-08-01,
3660,135500752,M,2015-07-19,2015-07-21,184,Online,5,6539,997720.62,637160.16,360560.46,2015-07-19,2015-07-21,2015-07-21,2936e145bcd0fec94c0af37b4cea4825,2015-07-21,2015-07-21,
3661,869291770,L,2015-07-19,2015-08-21,58,Offline,12,1607,1073909.89,807581.78,266328.11,2015-07-19,2015-08-21,2015-08-21,ea712264b3a6cf887a949ae467833641,2015-08-21,2015-08-21,
3662,534709155,H,2015-07-19,2015-09-02,172,Online,6,1176,181174.56,106933.68,74240.88,2015-07-19,2015-09-02,2015-09-02,eeba8703f37c562b155832ec765d5f86,2015-09-02,2015-09-02,
3663,719455850,C,2015-07-20,2015-07-27,141,Offline,9,1829,771636.81,667018.01,104618.8,2015-07-20,2015-07-27,2015-07-27,679cab211bb33cc08617b800661f2f0f,2015-07-27,2015-07-27,
3664,571902596,C,2015-07-20,2015-07-27,107,Offline,5,7542,1150758.36,734892.48,415865.88,2015-07-20,2015-07-27,2015-07-27,623cd1f050bdd671a9db005bba68e1df,2015-07-27,2015-07-27,
3665,507040774,L,2015-07-22,2015-07-25,164,Online,5,3488,532199.04,339870.72,192328.32,2015-07-22,2015-07-25,2015-07-25,39e7e632bb05b7445765cd562653d6a6,2015-07-25,2015-07-25,
3666,991341292,L,2015-07-22,2015-09-02,89,Offline,2,8773,416278.85,278893.67,137385.18,2015-07-22,2015-09-02,2015-09-02,ef8b8e081fac92ff90d1cf0e6d4ef382,2015-09-02,2015-09-02,
3667,309542214,C,2015-07-22,2015-09-05,142,Offline,11,9275,6039972.75,4869004,1170968.75,2015-07-22,2015-09-05,2015-09-05,c0c4d5ab5a02363acb483d576edc8c3e,2015-09-05,2015-09-05,
3668,908059775,L,2015-07-23,2015-08-11,154,Offline,1,3921,36582.93,27133.32,9449.61,2015-07-23,2015-08-11,2015-08-11,0c9e86d54dd408033c6dae4388b7d57c,2015-08-11,2015-08-11,
3669,643770778,L,2015-07-24,2015-07-31,75,Offline,3,4934,403255.82,279609.78,123646.04,2015-07-24,2015-07-31,2015-07-31,9a77900c25bca768b2b26399db875522,2015-07-31,2015-07-31,
3670,560607278,M,2015-07-24,2015-08-03,93,Online,6,5006,771224.36,455195.58,316028.78,2015-07-24,2015-08-03,2015-08-03,36821da7f6faa90b4b8392534356e45f,2015-08-03,2015-08-03,
3671,309188163,C,2015-07-24,2015-08-12,180,Online,1,4503,42012.99,31160.76,10852.23,2015-07-24,2015-08-12,2015-08-12,8815048bfd69668b6ca852b97711a034,2015-08-12,2015-08-12,
3672,899401175,C,2015-07-24,2015-08-15,12,Offline,1,1649,15385.17,11411.08,3974.09,2015-07-24,2015-08-15,2015-08-15,9728ec7de80498db696bbbc5cb35fdef,2015-08-15,2015-08-15,
3673,639559495,L,2015-07-24,2015-08-27,70,Offline,2,8722,413858.9,277272.38,136586.52,2015-07-24,2015-08-27,2015-08-27,6cc6ca73866fdb6baed2ef58c0c44f4e,2015-08-27,2015-08-27,
3674,637040793,L,2015-07-26,2015-08-04,91,Online,5,3382,516025.56,329542.08,186483.48,2015-07-26,2015-08-04,2015-08-04,c059d2280903f9bb27530b6d4b2aff38,2015-08-04,2015-08-04,
3675,678799569,H,2015-07-26,2015-08-15,181,Offline,8,732,186864.96,116695.44,70169.52,2015-07-26,2015-08-15,2015-08-15,3cd5f46fec8978ec3bb5ca58fc2e61b6,2015-08-15,2015-08-15,
3676,842725884,H,2015-07-27,2015-08-11,43,Offline,5,171,26091.18,16662.24,9428.94,2015-07-27,2015-08-11,2015-08-11,cd2c59a763d63942a13d027501832def,2015-08-11,2015-08-11,
3677,589142119,M,2015-07-27,2015-08-21,132,Offline,4,9100,994448,326144,668304,2015-07-27,2015-08-21,2015-08-21,7cac4cce50018be05d95ad789b0260fc,2015-08-21,2015-08-21,
3678,659671771,C,2015-07-28,2015-07-29,153,Offline,10,391,170945.2,102962.03,67983.17,2015-07-28,2015-07-29,2015-07-29,87bf984e21ee26ff28be800a077318c2,2015-07-29,2015-07-29,
3679,796755826,L,2015-07-28,2015-08-28,42,Offline,8,6609,1687145.52,1053606.78,633538.74,2015-07-28,2015-08-28,2015-08-28,c9570e026937f210835d156aefb69218,2015-08-28,2015-08-28,
3680,455915296,L,2015-07-28,2015-09-11,80,Online,11,4322,2814529.62,2268877.12,545652.5,2015-07-28,2015-09-11,2015-09-11,333cd8ee7c21589ee98d90472b2dae86,2015-09-11,2015-09-11,
3681,118931996,L,2015-07-29,2015-08-04,20,Online,6,3475,535358.5,315981.75,219376.75,2015-07-29,2015-08-04,2015-08-04,c1c6b9b88e1d4c71c8573fc533efe177,2015-08-04,2015-08-04,
3682,289234244,M,2015-07-30,2015-08-24,113,Online,4,9695,1059469.6,347468.8,712000.8,2015-07-30,2015-08-24,2015-08-24,a821ea80f69f13f23bfd300de315b788,2015-08-24,2015-08-24,
3683,501177251,M,2015-07-30,2015-08-28,63,Online,8,8341,2129290.48,1329722.22,799568.26,2015-07-30,2015-08-28,2015-08-28,25ad6da0c22bba2db3c87257e04c8455,2015-08-28,2015-08-28,
3684,669550883,H,2015-07-30,2015-09-16,18,Offline,10,3840,1678848,1011187.2,667660.8,2015-07-30,2015-09-16,2015-09-16,b1ebb8af5d53c6d019045cc51ef79303,2015-09-16,2015-09-16,
3687,691827809,L,2015-08-02,2015-08-17,52,Online,6,6078,936376.68,552672.54,383704.14,2015-08-02,2015-08-17,2015-08-17,ce11d8aa4d1d76ff5a3d79269065e7e9,2015-08-17,2015-08-17,
3688,404789817,L,2015-08-03,2015-09-08,28,Online,8,5157,1316478.96,822128.94,494350.02,2015-08-03,2015-09-08,2015-09-08,7b543fbede599ca40ce660b56a41a0a0,2015-09-08,2015-09-08,
3689,668842780,L,2015-08-03,2015-09-20,27,Offline,2,4297,203892.65,136601.63,67291.02,2015-08-03,2015-09-20,2015-09-20,70ad5c3f4a5840d2622704715729ef9f,2015-09-20,2015-09-20,
3690,936634957,C,2015-08-04,2015-09-06,148,Online,8,9953,2540801.84,1586707.26,954094.58,2015-08-04,2015-09-06,2015-09-06,c814cb3e89fce4a20d9279956d77df8d,2015-09-06,2015-09-06,
3691,585089194,M,2015-08-05,2015-08-30,100,Offline,5,9749,1487502.42,949942.56,537559.86,2015-08-05,2015-08-30,2015-08-30,178cd6d94b02c1607a210eae9b2ace1f,2015-08-30,2015-08-30,
3692,662112796,L,2015-08-05,2015-09-24,174,Offline,10,2745,1200114,722840.85,477273.15,2015-08-05,2015-09-24,2015-09-24,dcaf1a72edfa8e19023e5fe249bb3103,2015-09-24,2015-09-24,
3693,636845099,L,2015-08-06,2015-08-13,141,Offline,11,5472,3563421.12,2872581.12,690840,2015-08-06,2015-08-13,2015-08-13,7da3d97e7b2b2a140ee315003665fe92,2015-08-13,2015-08-13,
3694,298169219,C,2015-08-06,2015-08-26,152,Online,5,3753,572632.74,365692.32,206940.42,2015-08-06,2015-08-26,2015-08-26,793105f782881f599d781427e95376bf,2015-08-26,2015-08-26,
3695,963359200,M,2015-08-06,2015-08-30,42,Online,3,8250,674272.5,467527.5,206745,2015-08-06,2015-08-30,2015-08-30,b57df0032f69a821c06bcda6d586391d,2015-08-30,2015-08-30,
3696,204418504,C,2015-08-07,2015-09-03,88,Offline,6,833,128331.98,75744.69,52587.29,2015-08-07,2015-09-03,2015-09-03,8a9b084ff05d740f27a97074b31f0e60,2015-09-03,2015-09-03,
3697,611577403,L,2015-08-08,2015-08-23,181,Online,12,8199,5479145.73,4120325.46,1358820.27,2015-08-08,2015-08-23,2015-08-23,8bad03dea74d6991dd7f93d210363308,2015-08-23,2015-08-23,
3698,116925704,H,2015-08-08,2015-09-08,13,Online,7,9769,2009483.3,1144047.59,865435.71,2015-08-08,2015-09-08,2015-09-08,1deaf1e26ebeb157e57d5d90c039297d,2015-09-08,2015-09-08,
3699,254127776,M,2015-08-08,2015-09-12,125,Online,6,911,140348.66,82837.23,57511.43,2015-08-08,2015-09-12,2015-09-12,6227a52f30b757d017aca0b62f512dee,2015-09-12,2015-09-12,
3700,324775445,C,2015-08-08,2015-09-14,178,Online,7,7126,1465818.2,834525.86,631292.34,2015-08-08,2015-09-14,2015-09-14,0524a98f6da7e8d6410243a65fddbf54,2015-09-14,2015-09-14,
3701,158330428,C,2015-08-09,2015-08-25,67,Offline,10,2347,1026108.4,618035.51,408072.89,2015-08-09,2015-08-25,2015-08-25,015fbc28d47740c34c6fb99afc06feac,2015-08-25,2015-08-25,
3702,744450175,L,2015-08-09,2015-08-30,27,Online,2,8205,389327.25,260836.95,128490.3,2015-08-09,2015-08-30,2015-08-30,8b3ef491a379ae2e2c593d38fa38d50c,2015-08-30,2015-08-30,
3703,509522140,L,2015-08-09,2015-09-28,106,Offline,1,7779,72578.07,53830.68,18747.39,2015-08-09,2015-09-28,2015-09-28,d6c981e64f6986b6eea5d1f91820ad5e,2015-09-28,2015-09-28,
3704,937501418,M,2015-08-10,2015-08-16,93,Offline,8,6358,1623070.24,1013592.36,609477.88,2015-08-10,2015-08-16,2015-08-16,7dc40c663fa68f58f64db754cb92a08f,2015-08-16,2015-08-16,
3705,615316617,H,2015-08-10,2015-09-18,103,Offline,5,4716,719567.28,459527.04,260040.24,2015-08-10,2015-09-18,2015-09-18,1f2aa1209357b32fd8ede97005a42e0c,2015-09-18,2015-09-18,
3706,615080583,C,2015-08-11,2015-09-19,28,Online,7,4868,1001347.6,570091.48,431256.12,2015-08-11,2015-09-19,2015-09-19,322facf396489464a39fb5260dac1c9e,2015-09-19,2015-09-19,
3707,105630385,L,2015-08-12,2015-09-15,83,Online,3,7233,591153.09,409894.11,181258.98,2015-08-12,2015-09-15,2015-09-15,c8924fd2562b55ed6f7657b412d01947,2015-09-15,2015-09-15,
3708,897317206,H,2015-08-13,2015-09-01,23,Online,2,4957,235209.65,157583.03,77626.62,2015-08-13,2015-09-01,2015-09-01,b06bbdcfc7fcae77c9f54a2759bf4899,2015-09-01,2015-09-01,
3709,361142766,M,2015-08-13,2015-09-05,20,Online,2,9025,428236.25,286904.75,141331.5,2015-08-13,2015-09-05,2015-09-05,7ceb1c886ab0627ae2b34c7a3f83341a,2015-09-05,2015-09-05,
3710,980598723,C,2015-08-13,2015-09-24,147,Offline,3,9808,801607.84,555819.36,245788.48,2015-08-13,2015-09-24,2015-09-24,fac0351b9b3b38e89a4e5e912b4b31ff,2015-09-24,2015-09-24,
3711,801637876,H,2015-08-14,2015-09-09,46,Offline,10,1316,575355.2,346542.28,228812.92,2015-08-14,2015-09-09,2015-09-09,0cc1aac08117108d2b8feb3a58728638,2015-09-09,2015-09-09,
3712,709815776,C,2015-08-15,2015-09-16,113,Offline,2,9117,432601.65,289829.43,142772.22,2015-08-15,2015-09-16,2015-09-16,dd3f13d033bfb18c639a3de4cdb7546b,2015-09-16,2015-09-16,
3713,358624064,H,2015-08-15,2015-10-03,153,Offline,4,3685,402696.8,132070.4,270626.4,2015-08-15,2015-10-03,2015-10-03,05482b658dd3951a8a50cee21d3746ff,2015-10-03,2015-10-03,
3714,582492816,C,2015-08-18,2015-09-11,50,Offline,12,1423,950948.21,715114.42,235833.79,2015-08-18,2015-09-11,2015-09-11,1c5d38638ebdf4215da90821b68586d1,2015-09-11,2015-09-11,
3715,334812915,C,2015-08-20,2015-08-26,63,Online,4,7437,812715.36,266542.08,546173.28,2015-08-20,2015-08-26,2015-08-26,60a134b22704ea486979bda826cf5e71,2015-08-26,2015-08-26,
3716,985086381,H,2015-08-21,2015-09-04,120,Offline,1,7806,72829.98,54017.52,18812.46,2015-08-21,2015-09-04,2015-09-04,370ca2fa81be8ca0ae5dde19afcd641d,2015-09-04,2015-09-04,
3717,879055869,M,2015-08-21,2015-09-14,141,Offline,2,1021,48446.45,32457.59,15988.86,2015-08-21,2015-09-14,2015-09-14,ef1ad5d02b0b951d4bb30e9c33187025,2015-09-14,2015-09-14,
3718,558917701,L,2015-08-21,2015-09-21,176,Offline,11,5023,3271027.83,2636874.08,634153.75,2015-08-21,2015-09-21,2015-09-21,a3d1c7da5e2c2025949ce3b0c1839adb,2015-09-21,2015-09-21,
3719,184976994,C,2015-08-21,2015-09-21,4,Online,12,7658,5117611.66,3848451.32,1269160.34,2015-08-21,2015-09-21,2015-09-21,e5ca05e205441a3a9524191072cffc04,2015-09-21,2015-09-21,
3720,764484775,M,2015-08-22,2015-09-03,53,Offline,8,6888,1758368.64,1098084.96,660283.68,2015-08-22,2015-09-03,2015-09-03,54701ea410953036fdd42349922950f1,2015-09-03,2015-09-03,
3721,168131864,L,2015-08-22,2015-09-28,31,Online,10,2810,1228532,739957.3,488574.7,2015-08-22,2015-09-28,2015-09-28,5b90e36302841e9d717bdca6661d3100,2015-09-28,2015-09-28,
3722,972452533,L,2015-08-22,2015-10-04,118,Online,6,9169,1412576.14,833737.17,578838.97,2015-08-22,2015-10-04,2015-10-04,d305f3011a527418f50824ee55055605,2015-10-04,2015-10-04,
3723,743900430,L,2015-08-22,2015-10-06,52,Online,6,5523,850873.38,502206.39,348666.99,2015-08-22,2015-10-06,2015-10-06,e1008867ac71c21c836c8848c3108771,2015-10-06,2015-10-06,
3724,514758241,L,2015-08-24,2015-09-13,183,Online,9,7257,3061655.73,2646555.33,415100.4,2015-08-24,2015-09-13,2015-09-13,7712b15848468323d56291634bb0a2f9,2015-09-13,2015-09-13,
3725,356853806,H,2015-08-24,2015-09-16,67,Offline,1,9826,91676.58,67995.92,23680.66,2015-08-24,2015-09-16,2015-09-16,eb36b75e775a320f2347b374ddf77b14,2015-09-16,2015-09-16,
3726,335915410,L,2015-08-24,2015-09-23,133,Online,11,3689,2402313.69,1936577.44,465736.25,2015-08-24,2015-09-23,2015-09-23,f1dfce512a858a36d4e77a8661c35c59,2015-09-23,2015-09-23,
3727,186079490,L,2015-08-25,2015-08-29,134,Online,6,3911,602528.66,355627.23,246901.43,2015-08-25,2015-08-29,2015-08-29,a152878c83ac3cb031d3892eea8855fe,2015-08-29,2015-08-29,
3728,946830785,C,2015-08-25,2015-09-20,25,Offline,9,7125,3005966.25,2598416.25,407550,2015-08-25,2015-09-20,2015-09-20,0bebfdb2914051ceb448991d498c4d81,2015-09-20,2015-09-20,
3729,113385188,C,2015-08-25,2015-09-23,168,Online,8,2052,523834.56,327129.84,196704.72,2015-08-25,2015-09-23,2015-09-23,a2330aa80891d5b42cdc2ddc4f4c9982,2015-09-23,2015-09-23,
3730,849222838,L,2015-08-25,2015-09-28,154,Offline,11,2764,1799944.44,1450989.44,348955,2015-08-25,2015-09-28,2015-09-28,53b616cdc05cb3c3d059f47c174a1849,2015-09-28,2015-09-28,
3731,938290202,L,2015-08-26,2015-08-29,76,Offline,5,9777,1491774.66,952670.88,539103.78,2015-08-26,2015-08-29,2015-08-29,e3592bef9a393c9780bc5808075c40b8,2015-08-29,2015-08-29,
3732,121571719,M,2015-08-26,2015-09-21,73,Offline,9,4628,1952506.92,1687785.32,264721.6,2015-08-26,2015-09-21,2015-09-21,2c37511f80fa6b4892c38b9e257a02c7,2015-09-21,2015-09-21,
3733,431240689,L,2015-08-26,2015-10-13,24,Online,7,2558,526180.6,299567.38,226613.22,2015-08-26,2015-10-13,2015-10-13,841da25c1c111b65bd48707c0b1fd19f,2015-10-13,2015-10-13,
3734,803252780,M,2015-08-26,2015-10-14,13,Offline,3,9202,752079.46,521477.34,230602.12,2015-08-26,2015-10-14,2015-10-14,d09ece40508ab77ca24c1e3f3f5446c4,2015-10-14,2015-10-14,
3735,327020776,M,2015-08-27,2015-09-29,93,Offline,4,1570,171569.6,56268.8,115300.8,2015-08-27,2015-09-29,2015-09-29,b0ffb4568b5d09ddc107d310d99669c8,2015-09-29,2015-09-29,
3736,803016746,H,2015-08-27,2015-10-15,10,Offline,2,9355,443894.75,297395.45,146499.3,2015-08-27,2015-10-15,2015-10-15,c0310103cbbecb2912c4a43efec8d25b,2015-10-15,2015-10-15,
3737,231341445,M,2015-08-28,2015-10-07,32,Online,2,7929,376231.05,252062.91,124168.14,2015-08-28,2015-10-07,2015-10-07,e83bc71a245718032779b851cc966a70,2015-10-07,2015-10-07,
3738,208238399,L,2015-08-29,2015-10-15,163,Offline,10,1224,535132.8,322315.92,212816.88,2015-08-29,2015-10-15,2015-10-15,3fb03f207d37de30db7b7be951013f13,2015-10-15,2015-10-15,
3739,103782451,H,2015-08-31,2015-10-01,20,Offline,8,388,99048.64,61854.96,37193.68,2015-08-31,2015-10-01,2015-10-01,f25e465a72ee9052928bdec7346cc612,2015-10-01,2015-10-01,
3740,960213077,H,2015-08-31,2015-10-16,180,Online,2,7242,343632.9,230223.18,113409.72,2015-08-31,2015-10-16,2015-10-16,6a3464c09dae6bc7c63e0466f7e99f55,2015-10-16,2015-10-16,
3741,228350675,C,2015-09-01,2015-09-15,87,Online,6,2894,445849.64,263151.42,182698.22,2015-09-01,2015-09-15,2015-09-15,0cd79cda0b05e042c91fc66265435a45,2015-09-15,2015-09-15,
3742,228114640,L,2015-09-02,2015-09-16,72,Online,3,3046,248949.58,172616.82,76332.76,2015-09-02,2015-09-16,2015-09-16,6225233cdd1daa54a72ef645c419776f,2015-09-16,2015-09-16,
3743,431753098,M,2015-09-02,2015-10-19,91,Online,2,4191,198862.95,133231.89,65631.06,2015-09-02,2015-10-19,2015-10-19,48d5d38cd7212ce4718f70dc5a395bb4,2015-10-19,2015-10-19,
3744,641413438,M,2015-09-04,2015-09-30,173,Online,5,7345,1120700.1,715696.8,405003.3,2015-09-04,2015-09-30,2015-09-30,5bce843a03619cd73274743ac091d83e,2015-09-30,2015-09-30,
3745,849263179,C,2015-09-04,2015-10-06,113,Online,4,4702,513834.56,168519.68,345314.88,2015-09-04,2015-10-06,2015-10-06,e09989807c4a88b625283305cd964eb5,2015-10-06,2015-10-06,
3746,977806651,M,2015-09-05,2015-10-14,93,Offline,8,3572,911860.16,569448.24,342411.92,2015-09-05,2015-10-14,2015-10-14,21affe998713206e036f3f5153932f9a,2015-10-14,2015-10-14,
3747,177225196,C,2015-09-07,2015-09-12,168,Online,2,3729,176941.05,118544.91,58396.14,2015-09-07,2015-09-12,2015-09-12,46b9406aa9173fea4503a32bad80b5fa,2015-09-12,2015-09-12,
3748,206350123,C,2015-09-07,2015-10-23,146,Offline,1,2442,22783.86,16898.64,5885.22,2015-09-07,2015-10-23,2015-10-23,a7a052ae1da037f2fff4addf9bacfcff,2015-10-23,2015-10-23,
3749,686203324,L,2015-09-08,2015-09-18,119,Offline,2,1667,79099.15,52993.93,26105.22,2015-09-08,2015-09-18,2015-09-18,8f2df6cfc2893d909bd9ac59bf385acb,2015-09-18,2015-09-18,
3750,131373155,H,2015-09-08,2015-10-24,97,Offline,9,5091,2147841.99,1856636.79,291205.2,2015-09-08,2015-10-24,2015-10-24,f96d28bca70a6ff6a2517d071594b44f,2015-10-24,2015-10-24,
3751,781646621,M,2015-09-09,2015-09-12,174,Online,2,5460,259077,173573.4,85503.6,2015-09-09,2015-09-12,2015-09-12,f754e40e97ef9af4e2ab1c0047c061e8,2015-09-12,2015-09-12,
3752,621577537,L,2015-09-09,2015-09-16,11,Offline,12,7461,4985962.47,3749450.94,1236511.53,2015-09-09,2015-09-16,2015-09-16,791eb6cbf6519b472b06542c9e2f5078,2015-09-16,2015-09-16,
3753,779599988,C,2015-09-09,2015-10-09,56,Online,6,9816,1512252.96,892568.88,619684.08,2015-09-09,2015-10-09,2015-10-09,72a94834177045f18b9b512b04e607b9,2015-10-09,2015-10-09,
3754,186868274,C,2015-09-11,2015-09-12,67,Online,1,7330,68388.9,50723.6,17665.3,2015-09-11,2015-09-12,2015-09-12,921524918e4a8c1c57e9fdefc7d9ea62,2015-09-12,2015-09-12,
3755,338514792,H,2015-09-11,2015-09-12,149,Offline,1,2904,27094.32,20095.68,6998.64,2015-09-11,2015-09-12,2015-09-12,504ac7189d6c59b48947efcf03730823,2015-09-12,2015-09-12,
3756,978673112,C,2015-09-11,2015-09-24,48,Online,2,9977,473408.65,317168.83,156239.82,2015-09-11,2015-09-24,2015-09-24,13c283ecf79de17f518a8cd55721533b,2015-09-24,2015-09-24,
3757,824979960,H,2015-09-11,2015-10-20,115,Offline,1,8758,81712.14,60605.36,21106.78,2015-09-11,2015-10-20,2015-10-20,60420b66b93c3e7a96105508216c8fa1,2015-10-20,2015-10-20,
3758,263537824,M,2015-09-12,2015-09-13,17,Offline,9,5553,2342755.17,2025123.57,317631.6,2015-09-12,2015-09-13,2015-09-13,57fff000c7fe09b55d07d549851f4782,2015-09-13,2015-09-13,
3759,487996661,C,2015-09-12,2015-09-13,178,Offline,1,7911,73809.63,54744.12,19065.51,2015-09-12,2015-09-13,2015-09-13,d0b97c3d5949a17326daed6cf58cd6f9,2015-09-13,2015-09-13,
3760,818486011,M,2015-09-12,2015-10-23,181,Online,1,7054,65813.82,48813.68,17000.14,2015-09-12,2015-10-23,2015-10-23,d4c5f78f2f9091141cf5f0e543f990af,2015-10-23,2015-10-23,
3761,568995511,C,2015-09-12,2015-11-01,74,Online,9,7271,3067562.19,2651660.99,415901.2,2015-09-12,2015-11-01,2015-11-01,88a9cfbd13d837b47612b98c55cbebab,2015-11-01,2015-11-01,
3762,383894765,M,2015-09-13,2015-09-23,82,Online,10,1847,807508.4,486370.51,321137.89,2015-09-13,2015-09-23,2015-09-23,3af5e9cbe59b8f3bf3ade957386ffd3c,2015-09-23,2015-09-23,
3763,616658151,H,2015-09-13,2015-10-16,17,Offline,5,1705,260148.9,166135.2,94013.7,2015-09-13,2015-10-16,2015-10-16,f01d3b42f5ca10fe23043f84071636e8,2015-10-16,2015-10-16,
3764,822107207,H,2015-09-14,2015-10-24,44,Offline,7,8647,1778687.9,1012650.17,766037.73,2015-09-14,2015-10-24,2015-10-24,889d0fb5397c08c882c3e0b154a6f390,2015-10-24,2015-10-24,
3765,745083606,C,2015-09-15,2015-09-30,182,Offline,12,5651,3776393.77,2839853.54,936540.23,2015-09-15,2015-09-30,2015-09-30,4624600dc8a5e64fdbb29951c8cbcc00,2015-09-30,2015-09-30,
3766,495593106,M,2015-09-15,2015-10-08,91,Offline,2,5868,278436.6,186543.72,91892.88,2015-09-15,2015-10-08,2015-10-08,28462ee9caf14e37be816c2419869d46,2015-10-08,2015-10-08,
3767,562147510,M,2015-09-15,2015-10-11,175,Offline,11,795,517711.95,417343.2,100368.75,2015-09-15,2015-10-11,2015-10-11,40e5ea90b85f352adf3b31ee484de14f,2015-10-11,2015-10-11,
3768,385233294,H,2015-09-16,2015-10-21,178,Online,3,7947,649508.31,450356.49,199151.82,2015-09-16,2015-10-21,2015-10-21,44a8493ed8874ff491efcfadb0612847,2015-10-21,2015-10-21,
3769,310492360,L,2015-09-16,2015-10-21,64,Offline,3,444,36288.12,25161.48,11126.64,2015-09-16,2015-10-21,2015-10-21,30a0debb0967dbabe89384eb4da9e7e3,2015-10-21,2015-10-21,
3770,919361102,M,2015-09-17,2015-09-23,143,Offline,8,8235,2102230.8,1312823.7,789407.1,2015-09-17,2015-09-23,2015-09-23,23998cbd0a7da36b7d15ef8fa093da8c,2015-09-23,2015-09-23,
3771,123108947,M,2015-09-17,2015-10-09,178,Online,2,9528,452103.6,302895.12,149208.48,2015-09-17,2015-10-09,2015-10-09,f71aad1fc746e708df194069162702d1,2015-10-09,2015-10-09,
3772,467924726,C,2015-09-18,2015-10-20,5,Offline,11,8179,5326246.59,4293647.84,1032598.75,2015-09-18,2015-10-20,2015-10-20,dba0ad5de07e04c9f0091a12c6c6d9cc,2015-10-20,2015-10-20,
3773,299669110,L,2015-09-18,2015-10-26,116,Online,3,7604,621474.92,430918.68,190556.24,2015-09-18,2015-10-26,2015-10-26,a869676060a73a99676bfd683f93419a,2015-10-26,2015-10-26,
3774,403298938,C,2015-09-19,2015-10-17,39,Online,10,3973,1736995.6,1046210.09,690785.51,2015-09-19,2015-10-17,2015-10-17,35158d4026cb756be3b84d65124a5c21,2015-10-17,2015-10-17,
3775,748350751,C,2015-09-19,2015-10-27,106,Offline,6,2472,380836.32,224778.96,156057.36,2015-09-19,2015-10-27,2015-10-27,0fbe21881e8c1076278c8f46bd25a719,2015-10-27,2015-10-27,
3776,594539582,M,2015-09-19,2015-10-29,143,Offline,6,6329,975045.74,575495.97,399549.77,2015-09-19,2015-10-29,2015-10-29,577acd1041e6d83fec733838a1dfe86c,2015-10-29,2015-10-29,
3777,178604066,C,2015-09-20,2015-10-18,94,Online,12,1767,1180833.09,887988.18,292844.91,2015-09-20,2015-10-18,2015-10-18,8c7b3e65dfdf2146767bca3df871aa96,2015-10-18,2015-10-18,
3778,619335210,C,2015-09-20,2015-10-21,121,Online,12,3906,2610262.62,1962921.24,647341.38,2015-09-20,2015-10-21,2015-10-21,1388461c74490d12b51b70b27b9a189a,2015-10-21,2015-10-21,
3779,251180350,H,2015-09-21,2015-10-20,89,Offline,12,8702,5815285.54,4373103.08,1442182.46,2015-09-21,2015-10-20,2015-10-20,ea0388051f211c583df8b03c73554430,2015-10-20,2015-10-20,
3780,926721513,L,2015-09-21,2015-10-20,106,Online,2,6344,301022.8,201675.76,99347.04,2015-09-21,2015-10-20,2015-10-20,01f829be590b610a474dbadfab7d8153,2015-10-20,2015-10-20,
3781,760158479,H,2015-09-22,2015-10-26,76,Offline,12,6641,4437981.07,3337368.14,1100612.93,2015-09-22,2015-10-26,2015-10-26,645112799645cbe2fb8c93b0f6f2539c,2015-10-26,2015-10-26,
3782,965725553,C,2015-09-23,2015-10-08,170,Offline,1,8506,79360.98,58861.52,20499.46,2015-09-23,2015-10-08,2015-10-08,e9f0f0d22652ad1c7fa25bbdca9071d5,2015-10-08,2015-10-08,
3783,512714612,H,2015-09-23,2015-10-09,180,Online,9,2502,1055568.78,912454.38,143114.4,2015-09-23,2015-10-09,2015-10-09,c57b805e731d0da4b78401b4aec02c58,2015-10-09,2015-10-09,
3784,157075583,M,2015-09-24,2015-10-03,181,Offline,8,1011,258088.08,161173.62,96914.46,2015-09-24,2015-10-03,2015-10-03,cb70385ff74a6544134984b473d079bf,2015-10-03,2015-10-03,
3785,547625386,H,2015-09-25,2015-09-29,79,Offline,3,3376,275920.48,191317.92,84602.56,2015-09-25,2015-09-29,2015-09-29,9f578a24ceebf897283b6667798d1bd2,2015-09-29,2015-09-29,
3786,894841849,M,2015-09-25,2015-10-08,63,Online,4,2443,266971.04,87557.12,179413.92,2015-09-25,2015-10-08,2015-10-08,e637327c03feced307d441018749d3f8,2015-10-08,2015-10-08,
3787,990403163,L,2015-09-25,2015-10-27,47,Offline,10,1160,507152,305462.8,201689.2,2015-09-25,2015-10-27,2015-10-27,39fdc96340b3a5a783ac0feff5957e94,2015-10-27,2015-10-27,
3788,269127976,M,2015-09-25,2015-11-11,57,Offline,5,9804,1495894.32,955301.76,540592.56,2015-09-25,2015-11-11,2015-11-11,c57546f46f761dd32432111459e15da2,2015-11-11,2015-11-11,
3789,774012839,C,2015-09-26,2015-09-29,97,Online,3,6454,527485.42,365748.18,161737.24,2015-09-26,2015-09-29,2015-09-29,4d0da9e3565dc2b6621f1a5fdc0980bd,2015-09-29,2015-09-29,
3790,665817677,C,2015-09-26,2015-10-10,30,Online,1,9102,84921.66,62985.84,21935.82,2015-09-26,2015-10-10,2015-10-10,6cc95e30e7f59f4bcc86dd6ef9c27375,2015-10-10,2015-10-10,
3791,464107835,H,2015-09-27,2015-10-29,109,Offline,10,8677,3793584.4,2284914.41,1508669.99,2015-09-27,2015-10-29,2015-10-29,b891ef3617d089d5fcf95255f206d9e1,2015-10-29,2015-10-29,
3792,160578763,L,2015-09-27,2015-10-30,26,Online,11,7679,5000641.59,4031167.84,969473.75,2015-09-27,2015-10-30,2015-10-30,80124f465e002a63891dc492167dd0cd,2015-10-30,2015-10-30,
3793,235319697,H,2015-09-28,2015-10-31,95,Offline,11,5183,3375221.43,2720867.68,654353.75,2015-09-28,2015-10-31,2015-10-31,f27ab7f5c7835aaa1efedc2c1569e653,2015-10-31,2015-10-31,
3794,625751483,H,2015-09-29,2015-10-01,137,Offline,3,2624,214459.52,148702.08,65757.44,2015-09-29,2015-10-01,2015-10-01,6518d15158aacfa66a6fdd0355f273c3,2015-10-01,2015-10-01,
3795,226661098,H,2015-09-29,2015-11-04,157,Offline,11,2911,1895672.31,1528158.56,367513.75,2015-09-29,2015-11-04,2015-11-04,fa6e270b7f3b04defb6debfe4775270f,2015-11-04,2015-11-04,
3796,147826898,M,2015-09-29,2015-11-05,180,Online,10,4119,1800826.8,1084656.27,716170.53,2015-09-29,2015-11-05,2015-11-05,f941c9eec04d0a6318e782fdf3a9e29c,2015-11-05,2015-11-05,
3797,806404912,C,2015-09-30,2015-10-17,149,Offline,3,1988,162479.24,112659.96,49819.28,2015-09-30,2015-10-17,2015-10-17,5ff163a25d3bbe8d8df06498340ced9c,2015-10-17,2015-10-17,
3798,450883901,L,2015-09-30,2015-11-05,135,Online,9,5421,2287065.69,1976984.49,310081.2,2015-09-30,2015-11-05,2015-11-05,e79b3df9c5c297e376d57c2b1ff1de67,2015-11-05,2015-11-05,
3799,477490127,L,2015-10-02,2015-10-03,86,Online,12,8794,5876766.38,4419336.76,1457429.62,2015-10-02,2015-10-03,2015-10-03,2811bc53939aaf97e876d7030342351f,2015-10-03,2015-10-03,
3801,543808495,M,2015-10-03,2015-10-07,50,Online,11,3873,2522136.33,2033170.08,488966.25,2015-10-03,2015-10-07,2015-10-07,c1ec6a35b374d11e4c64e323d56d4524,2015-10-07,2015-10-07,
3802,165538489,M,2015-10-03,2015-10-08,161,Offline,12,5372,3589946.44,2699644.88,890301.56,2015-10-03,2015-10-08,2015-10-08,136974aa396d5ddb982cb7c0eb87c66b,2015-10-08,2015-10-08,
3803,810026109,L,2015-10-03,2015-10-18,19,Offline,6,3581,551688.86,325620.33,226068.53,2015-10-03,2015-10-18,2015-10-18,d7b9449e48696a6e12cfdf135f78916d,2015-10-18,2015-10-18,
3804,585449254,M,2015-10-03,2015-11-13,61,Offline,10,6299,2753922.8,1658715.67,1095207.13,2015-10-03,2015-11-13,2015-11-13,1f290eeadfb02e5945197a0fc05bf8c5,2015-11-13,2015-11-13,
3805,123897731,M,2015-10-04,2015-10-23,99,Offline,5,2947,449653.26,287155.68,162497.58,2015-10-04,2015-10-23,2015-10-23,5be8e44c12455d25442b7451d0b5c5c6,2015-10-23,2015-10-23,
3806,932075631,M,2015-10-05,2015-10-29,129,Offline,3,747,61052.31,42332.49,18719.82,2015-10-05,2015-10-29,2015-10-29,ffb60a04fc9e58e275fd175b922a4965,2015-10-29,2015-10-29,
3807,915348517,L,2015-10-06,2015-10-10,150,Online,11,822,535294.62,431517.12,103777.5,2015-10-06,2015-10-10,2015-10-10,e65dc0590a16ec09752861f2de11a081,2015-10-10,2015-10-10,
3808,680420482,L,2015-10-06,2015-11-08,181,Offline,4,396,43274.88,14192.64,29082.24,2015-10-06,2015-11-08,2015-11-08,f3ccc8c3d82c53d56e06838e7cd187f5,2015-11-08,2015-11-08,
3809,931957614,L,2015-10-06,2015-11-25,183,Offline,10,5823,2545815.6,1533370.59,1012445.01,2015-10-06,2015-11-25,2015-11-25,e3cc1a83b18186efc17bfdba05922a69,2015-11-25,2015-11-25,
3810,318523538,M,2015-10-07,2015-11-05,164,Online,7,7048,1449773.6,825391.28,624382.32,2015-10-07,2015-11-05,2015-11-05,a392988474ceecc8da9594ad186e7440,2015-11-05,2015-11-05,
3811,530702579,M,2015-10-07,2015-11-09,169,Offline,8,5541,1414506.48,883346.22,531160.26,2015-10-07,2015-11-09,2015-11-09,ba0a387e1c2191bc92956f2edf49757c,2015-11-09,2015-11-09,
3812,308054339,H,2015-10-08,2015-10-15,116,Offline,10,8980,3926056,2364703.4,1561352.6,2015-10-08,2015-10-15,2015-10-15,8be6b8b50d5eb41d01ef3344beb8e6f3,2015-10-15,2015-10-15,
3813,285187327,L,2015-10-08,2015-10-22,2,Online,7,2123,436701.1,248624.53,188076.57,2015-10-08,2015-10-22,2015-10-22,3d43130247cc9db07117fb34ed31ddc8,2015-10-22,2015-10-22,
3814,592573630,H,2015-10-09,2015-10-21,102,Online,11,4560,2969517.6,2393817.6,575700,2015-10-09,2015-10-21,2015-10-21,ead3a9985b27465bb74388538a1b8cdb,2015-10-21,2015-10-21,
3815,270270812,H,2015-10-09,2015-10-28,126,Online,5,7994,1219724.52,778935.36,440789.16,2015-10-09,2015-10-28,2015-10-28,30e724ade9ddb132e8c74bd299d5a721,2015-10-28,2015-10-28,
3816,561284053,C,2015-10-09,2015-10-31,165,Online,7,5279,1085890.3,618223.69,467666.61,2015-10-09,2015-10-31,2015-10-31,46370e3b0633095253b1fa39487034a3,2015-10-31,2015-10-31,
3817,540463674,H,2015-10-10,2015-10-14,115,Offline,12,4066,2717185.82,2043327.64,673858.18,2015-10-10,2015-10-14,2015-10-14,568e2533179cfe30fbaa892b0280d6ac,2015-10-14,2015-10-14,
3818,184942662,C,2015-10-10,2015-11-02,51,Online,3,7498,612811.54,424911.66,187899.88,2015-10-10,2015-11-02,2015-11-02,915db702b3d8d81aafe1673b7e88b220,2015-11-02,2015-11-02,
3819,885397469,M,2015-10-10,2015-11-18,45,Online,9,7642,3224083.38,2786960.98,437122.4,2015-10-10,2015-11-18,2015-11-18,398471d5259fc170ec9fcef07bed4e6d,2015-11-18,2015-11-18,
3820,336707198,L,2015-10-10,2015-11-27,175,Online,8,7997,2041474.16,1274881.74,766592.42,2015-10-10,2015-11-27,2015-11-27,7fd27635b96f15c83d5c3a41a81af73e,2015-11-27,2015-11-27,
3821,631813704,L,2015-10-10,2015-11-28,174,Online,9,6570,2771817.3,2396013.3,375804,2015-10-10,2015-11-28,2015-11-28,48a27000b711cf99a67697225f8af97d,2015-11-28,2015-11-28,
3822,309510886,L,2015-10-11,2015-10-17,109,Offline,2,4,189.8,127.16,62.64,2015-10-11,2015-10-17,2015-10-17,0274d5216639f5481fc14b19382ea171,2015-10-17,2015-10-17,
3823,373782622,C,2015-10-11,2015-11-15,176,Offline,7,9439,1941602.3,1105401.29,836201.01,2015-10-11,2015-11-15,2015-11-15,cebae98f5b699453022f03a1d8fbf39d,2015-11-15,2015-11-15,
3824,698014056,C,2015-10-12,2015-11-07,182,Offline,5,6726,1026253.08,655381.44,370871.64,2015-10-12,2015-11-07,2015-11-07,9941b7e53f7f50687a8e5c291219ec30,2015-11-07,2015-11-07,
3825,629413020,H,2015-10-12,2015-12-01,70,Offline,4,6154,672509.12,220559.36,451949.76,2015-10-12,2015-12-01,2015-12-01,0952adc70f0f9c47c7c57d00827856a8,2015-12-01,2015-12-01,
3826,905509746,L,2015-10-13,2015-10-20,167,Offline,12,9311,6222261.97,4679149.94,1543112.03,2015-10-13,2015-10-20,2015-10-20,296d48aea9fe20ec1d661e9079a71740,2015-10-20,2015-10-20,
3827,737018096,H,2015-10-14,2015-10-27,57,Online,10,8888,3885833.6,2340477.04,1545356.56,2015-10-14,2015-10-27,2015-10-27,3be84cb1e05f61d2075db83ce6594063,2015-10-27,2015-10-27,
3828,152826964,M,2015-10-15,2015-10-22,159,Online,12,3750,2506012.5,1884525,621487.5,2015-10-15,2015-10-22,2015-10-22,85ed665eb5378f81ce273f4caab1726c,2015-10-22,2015-10-22,
3829,435417640,M,2015-10-15,2015-10-28,35,Online,12,8610,5753804.7,4326869.4,1426935.3,2015-10-15,2015-10-28,2015-10-28,eae0d47f8f45f90f584d6033a71894ac,2015-10-28,2015-10-28,
3830,252481544,H,2015-10-15,2015-11-08,170,Online,11,3754,2444642.34,1970699.84,473942.5,2015-10-15,2015-11-08,2015-11-08,e5dc9ee35fb7517d889bfecd9b36d769,2015-11-08,2015-11-08,
3831,569864976,M,2015-10-18,2015-11-30,58,Offline,7,4565,939020.5,534607.15,404413.35,2015-10-18,2015-11-30,2015-11-30,3b60499965c3c11d8ca8893618676981,2015-11-30,2015-11-30,
3832,640394628,H,2015-10-19,2015-11-07,32,Offline,11,5856,3813485.76,3074165.76,739320,2015-10-19,2015-11-07,2015-11-07,5df1d1e99ddd8ccc74f14035ccbfe2a1,2015-11-07,2015-11-07,
3833,843797051,L,2015-10-20,2015-10-21,13,Offline,8,7153,1826017.84,1140331.26,685686.58,2015-10-20,2015-10-21,2015-10-21,95c95b7b032f56411c21a0f757b585af,2015-10-21,2015-10-21,
3834,825141322,C,2015-10-20,2015-11-22,111,Online,3,6509,531980.57,368865.03,163115.54,2015-10-20,2015-11-22,2015-11-22,bbc7efeb1c86ebfa034373121d8182cc,2015-11-22,2015-11-22,
3835,438448750,H,2015-10-20,2015-11-26,44,Offline,3,5583,456298.59,316388.61,139909.98,2015-10-20,2015-11-26,2015-11-26,29cc223552ca128e67aff6d8e25d10ad,2015-11-26,2015-11-26,
3836,461197745,H,2015-10-21,2015-10-24,97,Online,1,7517,70133.61,52017.64,18115.97,2015-10-21,2015-10-24,2015-10-24,f7eadb6468ff22096536fd9dd5a48522,2015-10-24,2015-10-24,
3837,997490203,M,2015-10-21,2015-11-15,98,Online,12,8372,5594756.44,4207264.88,1387491.56,2015-10-21,2015-11-15,2015-11-15,f2aba652ac6298b07e1ec536d33f074b,2015-11-15,2015-11-15,
3838,980881106,M,2015-10-21,2015-11-21,80,Offline,2,3372,160001.4,107195.88,52805.52,2015-10-21,2015-11-21,2015-11-21,6b6ea01599107594e9a5da3897ae668b,2015-11-21,2015-11-21,
3839,577579438,M,2015-10-21,2015-11-30,131,Offline,7,7446,1531642.2,872001.06,659641.14,2015-10-21,2015-11-30,2015-11-30,b78ba945936b99a8f5631d01947c5045,2015-11-30,2015-11-30,
3840,386220777,M,2015-10-22,2015-10-25,174,Online,9,165,69611.85,60173.85,9438,2015-10-22,2015-10-25,2015-10-25,da48bdc2484ac2b7027982157491cd88,2015-10-25,2015-10-25,
3841,672904717,L,2015-10-22,2015-10-30,107,Online,4,6314,689993.92,226293.76,463700.16,2015-10-22,2015-10-30,2015-10-30,024f60e36e7f8aa9fca516845715a679,2015-10-30,2015-10-30,
3842,600210416,C,2015-10-22,2015-11-23,20,Online,11,4455,2901140.55,2338696.8,562443.75,2015-10-22,2015-11-23,2015-11-23,ebd65c56cf8463754baccc431bf18c8b,2015-11-23,2015-11-23,
3843,367329013,M,2015-10-23,2015-11-27,74,Online,11,9673,6299154.33,5077938.08,1221216.25,2015-10-23,2015-11-27,2015-11-27,877051bd5fe7ae5d3ba25dad327a286f,2015-11-27,2015-11-27,
3844,271649682,M,2015-10-23,2015-12-04,110,Online,3,6032,492995.36,341833.44,151161.92,2015-10-23,2015-12-04,2015-12-04,bfe8bd4dbb1494badceef2c5b27a67cc,2015-12-04,2015-12-04,
3845,446045196,L,2015-10-24,2015-11-01,160,Offline,1,3540,33028.2,24496.8,8531.4,2015-10-24,2015-11-01,2015-11-01,e2855a3e373741d4b66ad384a4d222b2,2015-11-01,2015-11-01,
3846,128071677,H,2015-10-24,2015-11-07,85,Offline,4,8110,886260.8,290662.4,595598.4,2015-10-24,2015-11-07,2015-11-07,00471d0f6cf177fb2f84edb2d40c76e2,2015-11-07,2015-11-07,
3847,323405587,L,2015-10-24,2015-11-17,62,Online,10,1755,767286,462144.15,305141.85,2015-10-24,2015-11-17,2015-11-17,dca709f6d35ddafa51472709390b1ad2,2015-11-17,2015-11-17,
3848,678808581,M,2015-10-24,2015-11-24,177,Online,2,3399,161282.55,108054.21,53228.34,2015-10-24,2015-11-24,2015-11-24,689ea91bf2ef7239e28ebd174b02e131,2015-11-24,2015-11-24,
3849,745008933,L,2015-10-26,2015-11-03,76,Online,1,3554,33158.82,24593.68,8565.14,2015-10-26,2015-11-03,2015-11-03,c18aa884b79d79dd01b15e210abcd226,2015-11-03,2015-11-03,
3850,601430928,H,2015-10-26,2015-11-26,181,Online,11,5632,3667614.72,2956574.72,711040,2015-10-26,2015-11-26,2015-11-26,c7c385523cadcb3981d162f799e131ad,2015-11-26,2015-11-26,
3851,131810891,M,2015-10-26,2015-12-03,111,Online,2,4627,219551.15,147092.33,72458.82,2015-10-26,2015-12-03,2015-12-03,503f7ec73fda38620f20cce134bb2561,2015-12-03,2015-12-03,
3852,688569676,C,2015-10-27,2015-10-29,122,Online,3,1924,157248.52,109033.08,48215.44,2015-10-27,2015-10-29,2015-10-29,c17b6cbd599cbfd400e6d7bdb1a5a54f,2015-10-29,2015-10-29,
3853,642953670,M,2015-10-27,2015-12-09,101,Offline,2,3134,148708.3,99629.86,49078.44,2015-10-27,2015-12-09,2015-12-09,a1ff2b2f0b6a39e1d410d3e79f6b54b1,2015-12-09,2015-12-09,
3854,177190864,L,2015-10-27,2015-12-14,74,Offline,5,3569,544558.02,347763.36,196794.66,2015-10-27,2015-12-14,2015-12-14,9e054e134f4cf64e8dda9c47fd74d7f8,2015-12-14,2015-12-14,
3855,605170142,L,2015-10-28,2015-11-01,103,Offline,3,2148,175556.04,121727.16,53828.88,2015-10-28,2015-11-01,2015-11-01,34830307b46b2b40f2feaf9c870b96c0,2015-11-01,2015-11-01,
3856,228592717,H,2015-10-30,2015-11-03,9,Offline,6,4520,696351.2,411003.6,285347.6,2015-10-30,2015-11-03,2015-11-03,a15dd00c8f56c99faa01a2deb039922a,2015-11-03,2015-11-03,
3857,488316380,L,2015-10-31,2015-11-18,24,Online,1,2523,23539.59,17459.16,6080.43,2015-10-31,2015-11-18,2015-11-18,d125e602be46bf854b8f416393a45b32,2015-11-18,2015-11-18,
3858,635751616,H,2015-10-31,2015-12-14,119,Offline,12,1886,1260357.22,947790.44,312566.78,2015-10-31,2015-12-14,2015-12-14,060d41022f5e94ffd3868165931ea1f1,2015-12-14,2015-12-14,
3859,772953689,M,2015-10-31,2015-12-19,13,Online,2,3028,143678.6,96260.12,47418.48,2015-10-31,2015-12-19,2015-12-19,3e457ed3a96cf20e11cf635d8b2e6a8a,2015-12-19,2015-12-19,
3860,234496581,C,2015-11-01,2015-11-29,41,Online,9,1604,676711.56,584962.76,91748.8,2015-11-01,2015-11-29,2015-11-29,f5d0b856ef4c528776fd9a348fe9c3de,2015-11-29,2015-11-29,
3861,751897275,H,2015-11-01,2015-12-01,98,Online,4,1967,214953.76,70497.28,144456.48,2015-11-01,2015-12-01,2015-12-01,0e3d9cef69d50ef0311a5fd26e073c75,2015-12-01,2015-12-01,
3862,221980750,C,2015-11-01,2015-12-03,21,Online,8,7892,2014669.76,1258142.64,756527.12,2015-11-01,2015-12-03,2015-12-03,5667f6fd5943349e3cb0131b2fd13455,2015-12-03,2015-12-03,
3863,186597907,M,2015-11-01,2015-12-15,4,Online,11,7322,4768159.62,3843757.12,924402.5,2015-11-01,2015-12-15,2015-12-15,a8856256e096c0aa2f497991e596e1e8,2015-12-15,2015-12-15,
3864,257245576,L,2015-11-01,2015-12-16,61,Online,10,3537,1546376.4,931398.21,614978.19,2015-11-01,2015-12-16,2015-12-16,86114f218d874b4a84d20cd2800197ff,2015-12-16,2015-12-16,
3865,918342292,H,2015-11-01,2015-12-21,166,Online,12,6747,4508817.69,3390637.38,1118180.31,2015-11-01,2015-12-21,2015-12-21,5ed737b721a693b831b37e34da587a12,2015-12-21,2015-12-21,
3866,140745866,C,2015-11-02,2015-12-06,59,Online,8,8684,2216851.52,1384403.28,832448.24,2015-11-02,2015-12-06,2015-12-06,1639c114838ecc04b7c04bf4995d9150,2015-12-06,2015-12-06,
3867,641537463,H,2015-11-02,2015-12-14,54,Online,11,4047,2635446.87,2124513.12,510933.75,2015-11-02,2015-12-14,2015-12-14,f2a17f85de52553f0cd501bd96cdafc0,2015-12-14,2015-12-14,
3868,333915126,H,2015-11-02,2015-12-17,6,Offline,11,1761,1146780.81,924454.56,222326.25,2015-11-02,2015-12-17,2015-12-17,7f8649c13d04f2840faf31bb4da6ea4f,2015-12-17,2015-12-17,
3869,481114327,M,2015-11-04,2015-11-24,108,Online,7,1276,262473.2,149432.36,113040.84,2015-11-04,2015-11-24,2015-11-24,4b8f9ed76fc4c7b7871349eafea1c2e7,2015-11-24,2015-11-24,
3870,146413695,H,2015-11-05,2015-11-11,71,Offline,11,5921,3855814.41,3108288.16,747526.25,2015-11-05,2015-11-11,2015-11-11,856dba529954b4bfd6175fb88149a23a,2015-11-11,2015-11-11,
3871,264842021,H,2015-11-05,2015-11-22,181,Online,5,1494,227954.52,145575.36,82379.16,2015-11-05,2015-11-22,2015-11-22,fcc5d0520eee0da58a5df94154db1167,2015-11-22,2015-11-22,
3872,260630738,M,2015-11-05,2015-12-19,127,Online,10,5282,2309290.4,1390909.06,918381.34,2015-11-05,2015-12-19,2015-12-19,6af50e25075e3da13ac02033598daf0e,2015-12-19,2015-12-19,
3873,385080945,M,2015-11-06,2015-11-07,43,Offline,10,2864,1252140.8,754177.12,497963.68,2015-11-06,2015-11-07,2015-11-07,35c785edc998a6e5b5c6bb629089e550,2015-11-07,2015-11-07,
3874,110794818,M,2015-11-06,2015-11-24,61,Online,7,5504,1132172.8,644573.44,487599.36,2015-11-06,2015-11-24,2015-11-24,abba4de071858a178f906313b2ccf4fd,2015-11-24,2015-11-24,
3875,202262866,L,2015-11-06,2015-12-14,52,Offline,1,2932,27355.56,20289.44,7066.12,2015-11-06,2015-12-14,2015-12-14,06bdecb11e4cbed508490af38752d58b,2015-12-14,2015-12-14,
3876,517953717,M,2015-11-07,2015-11-14,159,Offline,11,2870,1868972.7,1506635.2,362337.5,2015-11-07,2015-11-14,2015-11-14,8a069db598590a0d7755b2c0b89cc318,2015-11-14,2015-11-14,
3877,736272656,H,2015-11-07,2015-12-12,165,Offline,1,8296,77401.68,57408.32,19993.36,2015-11-07,2015-12-12,2015-12-12,c4d6b048e0b6b31d36492dc9bab97cb5,2015-12-12,2015-12-12,
3878,538538062,H,2015-11-08,2015-12-03,68,Offline,7,4235,871139.5,495960.85,375178.65,2015-11-08,2015-12-03,2015-12-03,00f7441db2eaca168316d9192013f1ae,2015-12-03,2015-12-03,
3879,600763165,L,2015-11-09,2015-12-08,40,Online,3,8026,655964.98,454833.42,201131.56,2015-11-09,2015-12-08,2015-12-08,cf85d383727a5eeb04b6881d02f3e798,2015-12-08,2015-12-08,
3880,933299148,L,2015-11-09,2015-12-23,42,Offline,1,2813,26245.29,19465.96,6779.33,2015-11-09,2015-12-23,2015-12-23,09c4738338514956a96824ceffecbe84,2015-12-23,2015-12-23,
3881,781416594,M,2015-11-09,2015-12-23,11,Offline,9,7390,3117767.1,2695059.1,422708,2015-11-09,2015-12-23,2015-12-23,7c48793e82507117d5e30c800679bf2f,2015-12-23,2015-12-23,
3882,861943376,C,2015-11-12,2015-12-24,177,Offline,1,7054,65813.82,48813.68,17000.14,2015-11-12,2015-12-24,2015-12-24,87cd5087c5411d566072dddc1fba7712,2015-12-24,2015-12-24,
3883,841241014,M,2015-11-12,2015-12-31,109,Offline,1,765,7137.45,5293.8,1843.65,2015-11-12,2015-12-31,2015-12-31,3f9d569bd1cc26312cf1e56a85dc15b1,2015-12-31,2015-12-31,
3884,728716552,H,2015-11-13,2015-11-24,3,Online,2,2276,107996.2,72354.04,35642.16,2015-11-13,2015-11-24,2015-11-24,5f2196fcb7507bf9b269993fc65ea617,2015-11-24,2015-11-24,
3885,751465547,H,2015-11-14,2015-12-12,59,Offline,3,4209,344001.57,238524.03,105477.54,2015-11-14,2015-12-12,2015-12-12,07fa4cad9bcc304557a2619c72fb8197,2015-12-12,2015-12-12,
3886,499810397,M,2015-11-14,2015-12-21,57,Online,5,3858,588653.64,375923.52,212730.12,2015-11-14,2015-12-21,2015-12-21,22e74ceba3cfd34ae748b6e9b0363686,2015-12-21,2015-12-21,
3887,408460366,L,2015-11-14,2015-12-27,47,Online,8,1354,345649.12,215854.68,129794.44,2015-11-14,2015-12-27,2015-12-27,5546013996595864317ee090d9354d32,2015-12-27,2015-12-27,
3888,986039531,H,2015-11-15,2015-12-10,51,Offline,7,9864,2029024.8,1155173.04,873851.76,2015-11-15,2015-12-10,2015-12-10,8aa70b2e2d7a211acf56bb0f99d32394,2015-12-10,2015-12-10,
3889,780236423,H,2015-11-15,2015-12-29,9,Offline,4,8151,890741.28,292131.84,598609.44,2015-11-15,2015-12-29,2015-12-29,b4e232cfefc23acc863aa40ff96fee41,2015-12-29,2015-12-29,
3890,478872001,C,2015-11-15,2015-12-29,103,Offline,8,7721,1971016.88,1230881.82,740135.06,2015-11-15,2015-12-29,2015-12-29,7331cbbf3c3bfbdef079762ee62d4e7f,2015-12-29,2015-12-29,
3891,522323358,H,2015-11-16,2015-11-20,26,Online,4,5944,649560.32,213032.96,436527.36,2015-11-16,2015-11-20,2015-11-20,8ad2eaffa9e7d297105c37582aeded2c,2015-11-20,2015-11-20,
3892,306169068,M,2015-11-16,2015-12-12,179,Online,5,1086,165701.88,105819.84,59882.04,2015-11-16,2015-12-12,2015-12-12,3d2bfa2b2d8c49e9283de8bd6c0abcae,2015-12-12,2015-12-12,
3893,586477077,L,2015-11-17,2015-11-24,72,Online,9,455,191959.95,165933.95,26026,2015-11-17,2015-11-24,2015-11-24,f51286cbc9c6abcc52caf7dcec675534,2015-11-24,2015-11-24,
3894,449275004,M,2015-11-18,2015-11-21,129,Online,1,9313,86890.29,64445.96,22444.33,2015-11-18,2015-11-21,2015-11-21,aa35a0de842db52a118148b5824a0768,2015-11-21,2015-11-21,
3895,214346969,M,2015-11-18,2015-12-20,92,Offline,3,8886,726252.78,503569.62,222683.16,2015-11-18,2015-12-20,2015-12-20,f3b8d131cebebc31b248c38d07f56248,2015-12-20,2015-12-20,
3896,765083873,L,2015-11-18,2016-01-05,87,Online,4,4175,456244,149632,306612,2015-11-18,2016-01-05,2016-01-05,b1b939e1c811f59a641bccb814af528a,2016-01-05,2016-01-05,
3897,309908282,C,2015-11-18,2016-01-07,82,Offline,8,7602,1940638.56,1211910.84,728727.72,2015-11-18,2016-01-07,2016-01-07,a34d48a12d0109abf0388f7baedb8c05,2016-01-07,2016-01-07,
3898,455178868,C,2015-11-19,2015-12-15,184,Offline,11,6397,4165790.37,3358169.12,807621.25,2015-11-19,2015-12-15,2015-12-15,0c061d6593abb1b6d35a4e4c9ea8e749,2015-12-15,2015-12-15,
3899,590098273,M,2015-11-20,2015-11-26,9,Offline,1,2047,19098.51,14165.24,4933.27,2015-11-20,2015-11-26,2015-11-26,a87680d257dd39577ffe26fe8f55da87,2015-11-26,2015-11-26,
3900,957899081,M,2015-11-20,2015-12-23,89,Online,7,2480,510136,290432.8,219703.2,2015-11-20,2015-12-23,2015-12-23,c012351e879af03cfc5595b820d852da,2015-12-23,2015-12-23,
3901,953805816,H,2015-11-20,2015-12-25,67,Offline,5,1191,181722.78,116051.04,65671.74,2015-11-20,2015-12-25,2015-12-25,60f9c55c547e8b8cb79433415bc7038f,2015-12-25,2015-12-25,
3902,234695279,C,2015-11-20,2016-01-09,128,Offline,9,403,170021.67,146970.07,23051.6,2015-11-20,2016-01-09,2016-01-09,16c67c242194f823108be26831036c35,2016-01-09,2016-01-09,
3903,525472486,M,2015-11-21,2015-11-23,167,Online,8,7840,2001395.2,1249852.8,751542.4,2015-11-21,2015-11-23,2015-11-23,da7edd37b1b6dd5a5acdd079bfdf7b1e,2015-11-23,2015-11-23,
3904,600095403,H,2015-11-22,2015-12-19,126,Offline,12,420,280673.4,211066.8,69606.6,2015-11-22,2015-12-19,2015-12-19,bc487ee7049cb660c193d4716535705f,2015-12-19,2015-12-19,
3905,794957244,M,2015-11-24,2015-12-31,14,Offline,12,4369,2919671.63,2195597.26,724074.37,2015-11-24,2015-12-31,2015-12-31,0c6785f3a8cdf1d4d3f3a1351b5ad69f,2015-12-31,2015-12-31,
3906,757527768,M,2015-11-25,2015-12-19,52,Offline,11,8155,5310617.55,4281048.8,1029568.75,2015-11-25,2015-12-19,2015-12-19,832cb37ae18f86d882d584095f8b48cf,2015-12-19,2015-12-19,
3907,676292884,M,2015-11-25,2015-12-21,67,Online,11,8948,5827027.08,4697342.08,1129685,2015-11-25,2015-12-21,2015-12-21,598e5d7099e457aa30bf9b8db1b33998,2015-12-21,2015-12-21,
3908,287671697,L,2015-11-25,2015-12-26,65,Offline,10,7303,3192871.6,1923098.99,1269772.61,2015-11-25,2015-12-26,2015-12-26,f47775c86a680b517345bf5fd31ba6e2,2015-12-26,2015-12-26,
3909,792792594,M,2015-11-25,2016-01-02,33,Offline,12,3801,2540094.27,1910154.54,629939.73,2015-11-25,2016-01-02,2016-01-02,a5bf9eecb3d6cc40e06faabd61e554e9,2016-01-02,2016-01-02,
3910,682314765,L,2015-11-26,2015-12-20,88,Offline,2,956,45362.2,30391.24,14970.96,2015-11-26,2015-12-20,2015-12-20,5139c63dc6d8f147d5e2996e298a2f7f,2015-12-20,2015-12-20,
3911,819516837,C,2015-11-26,2015-12-25,66,Offline,10,2098,917245.6,552466.34,364779.26,2015-11-26,2015-12-25,2015-12-25,1d748a5364d9bf5cff2b594070fba0a7,2015-12-25,2015-12-25,
3912,208365428,M,2015-11-27,2015-12-29,172,Offline,11,8815,5740416.15,4627522.4,1112893.75,2015-11-27,2015-12-29,2015-12-29,40f168a905f9147b49f500c053208e40,2015-12-29,2015-12-29,
3913,245440852,L,2015-11-28,2015-12-17,147,Online,9,257,108425.73,93725.33,14700.4,2015-11-28,2015-12-17,2015-12-17,e77ab1e3fdd09c3622240a92b3a0aab9,2015-12-17,2015-12-17,
3914,818926751,C,2015-11-29,2015-12-02,16,Online,6,7479,1152214.74,680065.47,472149.27,2015-11-29,2015-12-02,2015-12-02,13b54c538cb7100c57e029ad4119b9e0,2015-12-02,2015-12-02,
3915,214033257,L,2015-11-29,2015-12-03,153,Offline,5,6052,923414.16,589706.88,333707.28,2015-11-29,2015-12-03,2015-12-03,f9ddb101ddf2fe5ed6560f9806b64100,2015-12-03,2015-12-03,
3916,721318805,L,2015-11-29,2015-12-09,58,Offline,1,3118,29090.94,21576.56,7514.38,2015-11-29,2015-12-09,2015-12-09,6e630c9003983093120ea07d58b1f536,2015-12-09,2015-12-09,
3917,488437402,M,2015-11-29,2015-12-12,173,Online,1,8336,77774.88,57685.12,20089.76,2015-11-29,2015-12-12,2015-12-12,66b65be0ba5fd1992dab3829c2d8e75f,2015-12-12,2015-12-12,
3918,288656175,L,2015-11-30,2015-12-30,32,Offline,11,8632,5621244.72,4531454.72,1089790,2015-11-30,2015-12-30,2015-12-30,a7cb6f9c4f33b85943a08147138572d6,2015-12-30,2015-12-30,
3919,905947482,C,2015-11-30,2016-01-18,134,Online,7,8847,1819827.9,1036072.17,783755.73,2015-11-30,2016-01-18,2016-01-18,d05a756a833ffe09f450e7d5d5c9c6d1,2016-01-18,2016-01-18,
3920,423575580,H,2015-12-01,2015-12-10,151,Offline,6,4282,659684.92,389362.26,270322.66,2015-12-01,2015-12-10,2015-12-10,8b7cb963456898c6fbcb9366ef5b1118,2015-12-10,2015-12-10,
3921,463169705,M,2015-12-01,2015-12-22,8,Offline,9,1063,448469.07,387665.47,60803.6,2015-12-01,2015-12-22,2015-12-22,b16a9991d5b85e83e45a19fd8549f9d9,2015-12-22,2015-12-22,
3922,934718358,H,2015-12-02,2015-12-16,138,Online,6,2789,429673.34,253603.77,176069.57,2015-12-02,2015-12-16,2015-12-16,1dcd53e1623d7ab6ea08b342219c7b7c,2015-12-16,2015-12-16,
3923,631189286,M,2015-12-02,2015-12-17,22,Offline,3,1791,146378.43,101495.97,44882.46,2015-12-02,2015-12-17,2015-12-17,b6dbe897dac27e9f36e45478cafc1d33,2015-12-17,2015-12-17,
3924,969983184,C,2015-12-02,2015-12-29,110,Online,9,8434,3558220.26,3075795.46,482424.8,2015-12-02,2015-12-29,2015-12-29,1d465a74acae6d92388a79af624c2559,2015-12-29,2015-12-29,
3925,427432811,H,2015-12-03,2015-12-11,118,Online,5,5722,873062.76,557551.68,315511.08,2015-12-03,2015-12-11,2015-12-11,a439958ed60edb5445f75bdf20c2ef3e,2015-12-11,2015-12-11,
3926,447899138,H,2015-12-04,2015-12-05,70,Online,10,2163,945663.6,569582.79,376080.81,2015-12-04,2015-12-05,2015-12-05,cfd1a84c8d9120bedb62599cf80f980e,2015-12-05,2015-12-05,
3927,115363156,H,2015-12-04,2016-01-10,155,Offline,11,7376,4803324.96,3872104.96,931220,2015-12-04,2016-01-10,2016-01-10,afade739fa9901eb5aecc88f2072f215,2016-01-10,2016-01-10,
3928,863480603,C,2015-12-05,2016-01-12,149,Offline,12,1954,1305799.58,981963.16,323836.42,2015-12-05,2016-01-12,2016-01-12,914266dec6f6e3ccb6b76fc04339b0d6,2016-01-12,2016-01-12,
3929,559951531,H,2015-12-05,2016-01-13,21,Offline,2,956,45362.2,30391.24,14970.96,2015-12-05,2016-01-13,2016-01-13,089e7c7c1eccaf8cde55b4f4d6d1cbf4,2016-01-13,2016-01-13,
3931,498946940,C,2015-12-09,2016-01-11,32,Offline,9,8342,3519406.38,3042243.98,477162.4,2015-12-09,2016-01-11,2016-01-11,d7c8cff130b1082a9f93b60c2b0c1464,2016-01-11,2016-01-11,
3932,108161103,C,2015-12-09,2016-01-17,173,Offline,1,6129,57183.57,42412.68,14770.89,2015-12-09,2016-01-17,2016-01-17,bb73c65ca71ea61d5a87cc65184ec6f5,2016-01-17,2016-01-17,
3933,627490413,M,2015-12-10,2016-01-19,57,Offline,4,7212,788127.36,258478.08,529649.28,2015-12-10,2016-01-19,2016-01-19,30250440ae37c8ea66613a2178f5bacc,2016-01-19,2016-01-19,
3934,425780570,L,2015-12-11,2015-12-18,60,Online,12,6787,4535548.49,3410738.98,1124809.51,2015-12-11,2015-12-18,2015-12-18,666634666ae5d03c34ca57630a84873f,2015-12-18,2015-12-18,
3935,163892257,C,2015-12-11,2016-01-25,2,Offline,4,8216,897844.48,294461.44,603383.04,2015-12-11,2016-01-25,2016-01-25,9dde5dd52560ca0a02f7bbd3df66c821,2016-01-25,2016-01-25,
3936,151376426,C,2015-12-11,2016-01-29,21,Offline,10,4503,1968711.6,1185774.99,782936.61,2015-12-11,2016-01-29,2016-01-29,51ae03f97cb07034c6c90176c63be9a4,2016-01-29,2016-01-29,
3937,750012004,L,2015-12-11,2016-01-30,76,Online,11,4074,2653029.54,2138687.04,514342.5,2015-12-11,2016-01-30,2016-01-30,95fc88bcbaca55e99fa05fa152b0f5ee,2016-01-30,2016-01-30,
3938,402677524,C,2015-12-12,2015-12-27,117,Offline,5,82,12511.56,7990.08,4521.48,2015-12-12,2015-12-27,2015-12-27,b7c2207d12008accd7ccb00c69672d86,2015-12-27,2015-12-27,
3939,968094909,H,2015-12-12,2016-01-07,13,Online,3,9652,788857.96,546978.84,241879.12,2015-12-12,2016-01-07,2016-01-07,8742e3346ef01db679a8c0607a3ac23a,2016-01-07,2016-01-07,
3940,225763309,L,2015-12-13,2016-01-06,3,Online,7,7235,1488239.5,847290.85,640948.65,2015-12-13,2016-01-06,2016-01-06,473a42095287ee1ff9967a2f43acf749,2016-01-06,2016-01-06,
3941,315066707,L,2015-12-13,2016-01-26,85,Offline,1,4095,38206.35,28337.4,9868.95,2015-12-13,2016-01-26,2016-01-26,cd4f1253b436c0d04bc6fd0ad609cf36,2016-01-26,2016-01-26,
3942,828610169,C,2015-12-13,2016-01-30,130,Offline,8,3018,770435.04,481129.56,289305.48,2015-12-13,2016-01-30,2016-01-30,da344b5413db12a9171fd912649ee8f4,2016-01-30,2016-01-30,
3943,504024684,H,2015-12-14,2016-01-14,155,Online,7,959,197266.3,112308.49,84957.81,2015-12-14,2016-01-14,2016-01-14,65dc920324d085154faefe42961e6059,2016-01-14,2016-01-14,
3944,645083987,L,2015-12-16,2016-01-19,89,Online,5,3542,540438.36,345132.48,195305.88,2015-12-16,2016-01-19,2016-01-19,9b2ad2dbd85fd516f189374bb80adf6e,2016-01-19,2016-01-19,
3945,653152501,M,2015-12-17,2015-12-22,167,Offline,2,1194,56655.3,37957.26,18698.04,2015-12-17,2015-12-22,2015-12-22,455447a1c0bcd9d60de588b9a1eb3144,2015-12-22,2015-12-22,
3946,696839892,C,2015-12-17,2016-01-02,167,Offline,11,9264,6032809.44,4863229.44,1169580,2015-12-17,2016-01-02,2016-01-02,7cc7a00e4332a4f9b9284fb8e86c1b36,2016-01-02,2016-01-02,
3947,611629760,H,2015-12-17,2016-01-31,2,Offline,9,3693,1558039.77,1346800.17,211239.6,2015-12-17,2016-01-31,2016-01-31,d08980a69461fd63768b8728e8b7b74f,2016-01-31,2016-01-31,
3949,769180142,C,2015-12-19,2016-01-04,116,Online,12,6352,4244851.04,3192134.08,1052716.96,2015-12-19,2016-01-04,2016-01-04,330e576dbcb09aad502fc8bdf1f538db,2016-01-04,2016-01-04,
3950,725374734,C,2015-12-19,2016-01-19,170,Online,5,3358,512363.64,327203.52,185160.12,2015-12-19,2016-01-19,2016-01-19,fb96dab3df321181c6fb4fd1c7493da8,2016-01-19,2016-01-19,
3952,820936048,H,2015-12-20,2016-02-08,38,Online,1,2074,19350.42,14352.08,4998.34,2015-12-20,2016-02-08,2016-02-08,8afb7eec441aad6653f70d33f3acf14b,2016-02-08,2016-02-08,
3953,737418496,H,2015-12-21,2016-01-17,131,Online,2,7375,349943.75,234451.25,115492.5,2015-12-21,2016-01-17,2016-01-17,d35ea301c9818a302f0dcb32a3c3b5ec,2016-01-17,2016-01-17,
3954,870173251,M,2015-12-23,2015-12-30,94,Online,4,2457,268500.96,88058.88,180442.08,2015-12-23,2015-12-30,2015-12-30,c4840fed96daf4c7bb2f73ec623d36c3,2015-12-30,2015-12-30,
3955,510558974,H,2015-12-23,2016-01-19,99,Online,11,4601,2996217.21,2415340.96,580876.25,2015-12-23,2016-01-19,2016-01-19,617d2e8543d8d0e9d6bdfb86158f33b6,2016-01-19,2016-01-19,
3956,323293578,H,2015-12-24,2016-02-02,94,Online,7,8609,1770871.3,1008199.99,762671.31,2015-12-24,2016-02-02,2016-02-02,9b7832f4e4121389bf49732950ea6d8d,2016-02-02,2016-02-02,
3957,497689092,M,2015-12-25,2015-12-31,179,Online,4,6117,668465.76,219233.28,449232.48,2015-12-25,2015-12-31,2015-12-31,787b5c7e0efe8462cdf23b1acc00a4d4,2015-12-31,2015-12-31,
3958,460141599,L,2015-12-25,2016-01-12,10,Online,10,4979,2176818.8,1311120.07,865698.73,2015-12-25,2016-01-12,2016-01-12,d38f08118b09a1e849bea0cc34af6662,2016-01-12,2016-01-12,
3959,501900374,H,2015-12-25,2016-01-24,124,Online,11,2329,1516668.09,1222631.84,294036.25,2015-12-25,2016-01-24,2016-01-24,4848a7fa6b3168932bbb39ccf5fcdbec,2016-01-24,2016-01-24,
3960,628515231,L,2015-12-25,2016-02-01,91,Online,6,479,73794.74,43555.47,30239.27,2015-12-25,2016-02-01,2016-02-01,e92d0c1e480d7060529082d56b43dcc8,2016-02-01,2016-02-01,
3961,555702912,H,2015-12-26,2016-02-01,93,Online,3,3696,302074.08,209452.32,92621.76,2015-12-26,2016-02-01,2016-02-01,2a0898c81a3f7516acae13060d5b65a8,2016-02-01,2016-02-01,
3962,736356341,L,2015-12-27,2015-12-28,29,Online,3,3060,250093.8,173410.2,76683.6,2015-12-27,2015-12-28,2015-12-28,22a2cd0b21d37621bb300828ddd11d79,2015-12-28,2015-12-28,
3963,370484149,C,2015-12-27,2016-01-19,185,Online,2,3348,158862.6,106432.92,52429.68,2015-12-27,2016-01-19,2016-01-19,6390695c37f1dab54b6f592657e6098a,2016-01-19,2016-01-19,
3964,648745524,L,2015-12-28,2016-01-27,14,Online,2,7072,335566.4,224818.88,110747.52,2015-12-28,2016-01-27,2016-01-27,9279a7150ae25df9b84493b6a201f130,2016-01-27,2016-01-27,
3965,162280356,M,2015-12-29,2016-02-10,64,Offline,5,1219,185995.02,118779.36,67215.66,2015-12-29,2016-02-10,2016-02-10,a95055ddb56846ae98c2b11c364fc2d3,2016-02-10,2016-02-10,
3966,469548642,M,2015-12-30,2016-01-13,183,Offline,4,8732,954232.96,312954.88,641278.08,2015-12-30,2016-01-13,2016-01-13,14245e4510905d62dcc79089f2842d57,2016-01-13,2016-01-13,
3967,359424865,L,2015-12-30,2016-01-25,146,Offline,10,660,288552,173797.8,114754.2,2015-12-30,2016-01-25,2016-01-25,daea82b03e7afcca328e23104e361ce3,2016-01-25,2016-01-25,
3968,167712152,L,2016-01-01,2016-01-16,128,Offline,9,8607,3631207.23,3138886.83,492320.4,2016-01-01,2016-01-16,2016-01-16,0895e63536b3354fac26d8501bb05e0b,2016-01-16,2016-01-16,
3969,182274615,H,2016-01-01,2016-02-05,8,Online,12,7964,5322102.28,4002228.56,1319873.72,2016-01-01,2016-02-05,2016-02-05,8c23c98862af5e954a577bb0a7a9c070,2016-02-05,2016-02-05,
3970,410590684,C,2016-01-03,2016-02-06,129,Online,2,1762,83606.9,56013.98,27592.92,2016-01-03,2016-02-06,2016-02-06,cf41096a0d255d80d4a0ba4d525d1237,2016-02-06,2016-02-06,
3971,152559602,H,2016-01-04,2016-01-23,77,Online,9,4631,1953772.59,1688879.39,264893.2,2016-01-04,2016-01-23,2016-01-23,2df64a81fe8b24eb3d46fe0aa9cdb907,2016-01-23,2016-01-23,
3972,894655168,M,2016-01-04,2016-01-26,96,Offline,1,7200,67176,49824,17352,2016-01-04,2016-01-26,2016-01-26,da232ff8a0b1d7ddbb8b88f2bf178a40,2016-01-26,2016-01-26,
3973,743008649,H,2016-01-04,2016-01-27,49,Online,1,1625,15161.25,11245,3916.25,2016-01-04,2016-01-27,2016-01-27,6848c023ac857eb48f712b4787fc0306,2016-01-27,2016-01-27,
3974,264966046,C,2016-01-04,2016-02-05,99,Online,11,8196,5337317.16,4302572.16,1034745,2016-01-04,2016-02-05,2016-02-05,213ea49e4b78299b9aad6cd4e6b0cef9,2016-02-05,2016-02-05,
3975,750959146,M,2016-01-05,2016-01-25,140,Online,8,4354,1111489.12,694114.68,417374.44,2016-01-05,2016-01-25,2016-01-25,d5dbe0fbc9eefedde41fc25c12c0236d,2016-01-25,2016-01-25,
3976,233440434,M,2016-01-05,2016-02-17,180,Offline,11,9067,5904521.07,4759812.32,1144708.75,2016-01-05,2016-02-17,2016-02-17,b26f72d75112dd2eb4baad1b049f86e1,2016-02-17,2016-02-17,
3977,684050691,L,2016-01-07,2016-02-18,77,Offline,11,4655,3031382.55,2443688.8,587693.75,2016-01-07,2016-02-18,2016-02-18,32ae9772a0777f719b40e342aa3327d0,2016-02-18,2016-02-18,
3978,976874530,L,2016-01-08,2016-01-27,47,Online,3,7737,632345.01,438455.79,193889.22,2016-01-08,2016-01-27,2016-01-27,990f98088ffc72f2a5435c136ce7175e,2016-01-27,2016-01-27,
3979,918860709,C,2016-01-08,2016-02-16,121,Online,12,158,105586.66,79401.32,26185.34,2016-01-08,2016-02-16,2016-02-16,3257d9cc960f12aa5db486df3bac856c,2016-02-16,2016-02-16,
3980,425901591,H,2016-01-09,2016-01-11,22,Offline,12,2600,1737502,1306604,430898,2016-01-09,2016-01-11,2016-01-11,588d964d081bb8536fdd753eda5069c0,2016-01-11,2016-01-11,
3981,348996007,M,2016-01-09,2016-01-12,131,Offline,12,4529,3026594.83,2276003.66,750591.17,2016-01-09,2016-01-12,2016-01-12,bc96c04d6412907c5b355bdcb6749e5a,2016-01-12,2016-01-12,
3982,118397271,C,2016-01-09,2016-02-08,102,Online,8,5238,1337156.64,835041.96,502114.68,2016-01-09,2016-02-08,2016-02-08,33c172bfb1abfd44da31db1c2d871b7c,2016-02-08,2016-02-08,
3983,980849778,M,2016-01-09,2016-02-21,57,Online,11,4101,2670612.21,2152860.96,517751.25,2016-01-09,2016-02-21,2016-02-21,80a1799a57fcf591dbd320e492382054,2016-02-21,2016-02-21,
3984,429994857,M,2016-01-10,2016-01-11,53,Online,2,3888,184485.6,123599.52,60886.08,2016-01-10,2016-01-11,2016-01-11,2d3ca28d0748041621c892fc0260eca1,2016-01-11,2016-01-11,
3985,122372519,L,2016-01-10,2016-01-13,28,Offline,2,1603,76062.35,50959.37,25102.98,2016-01-10,2016-01-13,2016-01-13,9c8f1b7c3817dc9ce40353004e1c6642,2016-01-13,2016-01-13,
3986,700069701,L,2016-01-10,2016-01-21,185,Offline,6,5037,776000.22,458014.41,317985.81,2016-01-10,2016-01-21,2016-01-21,5df015303d8bb7749af9a56306d5c3f2,2016-01-21,2016-01-21,
3987,583451974,H,2016-01-11,2016-02-05,127,Offline,5,5260,802570.8,512534.4,290036.4,2016-01-11,2016-02-05,2016-02-05,790d06246f199eb534cd09b4d5f614a9,2016-02-05,2016-02-05,
3988,273901021,H,2016-01-11,2016-02-08,9,Online,9,2254,950940.06,822011.26,128928.8,2016-01-11,2016-02-08,2016-02-08,1db364e87350f2059c99319ea449ab70,2016-02-08,2016-02-08,
3989,593921172,M,2016-01-11,2016-02-27,67,Online,12,3328,2224002.56,1672453.12,551549.44,2016-01-11,2016-02-27,2016-02-27,e9f9763924bffa14a35852bf4356ebdd,2016-02-27,2016-02-27,
3990,182078921,H,2016-01-12,2016-02-14,118,Offline,1,54,503.82,373.68,130.14,2016-01-12,2016-02-14,2016-02-14,8864c8c56f25e4daf2c07dfca2203c54,2016-02-14,2016-02-14,
3991,589237821,H,2016-01-13,2016-02-04,41,Online,3,7420,606436.6,420491.4,185945.2,2016-01-13,2016-02-04,2016-02-04,c4b82fbd60bab63f4b0a72d78269a695,2016-02-04,2016-02-04,
3992,394021928,C,2016-01-13,2016-02-20,175,Offline,9,8699,3670021.11,3172438.31,497582.8,2016-01-13,2016-02-20,2016-02-20,d65a440e64ebb00963d22e04a05c31d6,2016-02-20,2016-02-20,
3993,753282153,M,2016-01-14,2016-02-26,95,Online,4,1784,194955.52,63938.56,131016.96,2016-01-14,2016-02-26,2016-02-26,320c932d8dfeb316f703860c2cc522a0,2016-02-26,2016-02-26,
3994,206520497,C,2016-01-15,2016-03-05,151,Online,11,2859,1861809.39,1500860.64,360948.75,2016-01-15,2016-03-05,2016-03-05,a613d34b113a590e09ddbb7b65005094,2016-03-05,2016-03-05,
3995,983644855,C,2016-01-16,2016-01-31,17,Online,12,1226,819299.02,616114.04,203184.98,2016-01-16,2016-01-31,2016-01-31,a6794b576ebad0d3b3cee9337bf1f022,2016-01-31,2016-01-31,
3996,127332246,M,2016-01-16,2016-02-11,17,Online,7,9296,1912187.2,1088654.56,823532.64,2016-01-16,2016-02-11,2016-02-11,4225b708665d31c839b7354f2a42c7b2,2016-02-11,2016-02-11,
3997,403665006,C,2016-01-16,2016-02-19,18,Offline,5,2300,350934,224112,126822,2016-01-16,2016-02-19,2016-02-19,9bf40272ddaa90a11e92893544bb520e,2016-02-19,2016-02-19,
3998,767490565,H,2016-01-16,2016-02-23,101,Online,4,6368,695895.04,228229.12,467665.92,2016-01-16,2016-02-23,2016-02-23,e5e4fe813d46f5b9ff07ad53f1eca827,2016-02-23,2016-02-23,
3999,682162415,C,2016-01-16,2016-02-26,26,Offline,9,5873,2477759.97,2141824.37,335935.6,2016-01-16,2016-02-26,2016-02-26,9fbc5665bc60b90c3cd76588bc58f8db,2016-02-26,2016-02-26,
4000,357930982,C,2016-01-16,2016-03-05,163,Offline,4,8586,938278.08,307722.24,630555.84,2016-01-16,2016-03-05,2016-03-05,4f26fac1ee6c13e984210b1dbd648e4e,2016-03-05,2016-03-05,
4001,584436452,H,2016-01-17,2016-02-09,173,Online,7,6588,1355151.6,771520.68,583630.92,2016-01-17,2016-02-09,2016-02-09,17e03e0851548fe7167a080f8bbd93f9,2016-02-09,2016-02-09,
4002,839712798,L,2016-01-18,2016-01-31,97,Offline,12,8532,5701679.64,4287671.28,1414008.36,2016-01-18,2016-01-31,2016-01-31,82e04087b242a8d07c6d84b545a3254f,2016-01-31,2016-01-31,
4003,434246480,M,2016-01-19,2016-02-11,183,Offline,5,2038,310958.04,198582.72,112375.32,2016-01-19,2016-02-11,2016-02-11,986667833da911d13a348acb1e485bc9,2016-02-11,2016-02-11,
4004,149609172,C,2016-01-19,2016-03-02,16,Online,1,1533,14302.89,10608.36,3694.53,2016-01-19,2016-03-02,2016-03-02,770403add5e607d7a70e82d2b368c005,2016-03-02,2016-03-02,
4005,554721438,H,2016-01-20,2016-01-28,28,Offline,2,3256,154497.2,103508.24,50988.96,2016-01-20,2016-01-28,2016-01-28,c94801a9e7b975cca6df74fa0e07f780,2016-01-28,2016-01-28,
4006,537994325,M,2016-01-20,2016-02-28,12,Offline,5,3331,508243.98,324572.64,183671.34,2016-01-20,2016-02-28,2016-02-28,1e2ea8e16a3cc46e8bcd9aab5eae0735,2016-02-28,2016-02-28,
4007,396462953,L,2016-01-21,2016-02-26,138,Offline,3,1053,86061.69,59673.51,26388.18,2016-01-21,2016-02-26,2016-02-26,8e6de827621eb56cbc5731f3fb2d086b,2016-02-26,2016-02-26,
4008,149137103,M,2016-01-21,2016-03-04,136,Offline,4,1838,200856.64,65873.92,134982.72,2016-01-21,2016-03-04,2016-03-04,3a1c3d7e44a11833eab596bd986480c4,2016-03-04,2016-03-04,
4009,560389268,M,2016-01-22,2016-02-22,137,Offline,6,492,75797.52,44737.56,31059.96,2016-01-22,2016-02-22,2016-02-22,df3c7a23497d1c1bcd5cb700a49dadaa,2016-02-22,2016-02-22,
4010,447982823,L,2016-01-23,2016-02-10,102,Offline,11,6927,4510931.67,3636397.92,874533.75,2016-01-23,2016-02-10,2016-02-10,ce29695008335babe1fd88be12027acf,2016-02-10,2016-02-10,
4011,264928710,L,2016-01-24,2016-01-27,164,Offline,4,7147,781024.16,256148.48,524875.68,2016-01-24,2016-01-27,2016-01-27,64dba9dc58e1bac17c83656d28ed849d,2016-01-27,2016-01-27,
4012,242061698,H,2016-01-24,2016-02-04,159,Online,4,290,31691.2,10393.6,21297.6,2016-01-24,2016-02-04,2016-02-04,3f1ccb9cadb5a695a57bdc88c39e7de9,2016-02-04,2016-02-04,
4013,510207927,M,2016-01-24,2016-02-15,85,Offline,2,718,34069.1,22825.22,11243.88,2016-01-24,2016-02-15,2016-02-15,cc1116283f5f231cf576283adcc76fdf,2016-02-15,2016-02-15,
4014,295982253,L,2016-01-24,2016-03-08,109,Offline,6,6581,1013868.86,598410.33,415458.53,2016-01-24,2016-03-08,2016-03-08,6db33df56d679f168c988d518127e84a,2016-03-08,2016-03-08,
4015,611791121,C,2016-01-25,2016-03-03,155,Offline,5,1443,220172.94,140605.92,79567.02,2016-01-25,2016-03-03,2016-03-03,f87ab325b3b87bd5f2affee3ccd9e2f9,2016-03-03,2016-03-03,
4016,761509025,H,2016-01-25,2016-03-03,44,Offline,3,6298,514735.54,356907.66,157827.88,2016-01-25,2016-03-03,2016-03-03,ff16de429546688b5a12e3c1b2228d35,2016-03-03,2016-03-03,
4017,667758309,H,2016-01-26,2016-03-11,83,Offline,7,3378,694854.6,395597.58,299257.02,2016-01-26,2016-03-11,2016-03-11,55fa7497b40dead3e8c9cf7f18de29b7,2016-03-11,2016-03-11,
4018,603014504,M,2016-01-27,2016-02-11,64,Online,9,4247,1791766.83,1548838.43,242928.4,2016-01-27,2016-02-11,2016-02-11,03fe4d378d0ebe5c7e6a941f387bfdf4,2016-02-11,2016-02-11,
4019,133276450,H,2016-01-27,2016-03-15,185,Online,3,8318,679830.14,471381.06,208449.08,2016-01-27,2016-03-15,2016-03-15,9426a596cc9ff9920885f711521c3723,2016-03-15,2016-03-15,
4020,966604030,M,2016-01-28,2016-02-16,126,Online,4,8467,925273.76,303457.28,621816.48,2016-01-28,2016-02-16,2016-02-16,7515c6e25ca788a53253d231daacbee1,2016-02-16,2016-02-16,
4021,228365695,H,2016-01-30,2016-02-14,48,Online,9,7339,3096250.71,2676459.91,419790.8,2016-01-30,2016-02-14,2016-02-14,b50aead32ce16c05a04d4e76ded2cf4a,2016-02-14,2016-02-14,
4022,704361665,C,2016-01-30,2016-03-01,91,Online,12,5124,3424215.48,2575014.96,849200.52,2016-01-30,2016-03-01,2016-03-01,fd082b0155e378d0102ac4b48a7ccdf9,2016-03-01,2016-03-01,
4023,976601159,M,2016-01-30,2016-03-11,56,Online,7,6840,1406988,801032.4,605955.6,2016-01-30,2016-03-11,2016-03-11,9662c233277a9b5fb056347ad2b0ffa0,2016-03-11,2016-03-11,
4024,394456660,H,2016-01-31,2016-02-09,140,Online,1,7346,68538.18,50834.32,17703.86,2016-01-31,2016-02-09,2016-02-09,1896e742a5c53afac604d0b8d098223f,2016-02-09,2016-02-09,
4025,425628221,C,2016-01-31,2016-02-24,106,Offline,10,1704,744988.8,448714.32,296274.48,2016-01-31,2016-02-24,2016-02-24,c244004e641cb3ab194390a1c461e298,2016-02-24,2016-02-24,
4026,995138871,M,2016-01-31,2016-03-05,110,Offline,10,2561,1119669.2,674388.13,445281.07,2016-01-31,2016-03-05,2016-03-05,5433fc02a7694ad985922c64dffb844a,2016-03-05,2016-03-05,
4027,624937379,H,2016-02-01,2016-02-08,143,Offline,3,1713,140003.49,97075.71,42927.78,2016-02-01,2016-02-08,2016-02-08,ad276a8e80f5921ad95923d24741a5b8,2016-02-08,2016-02-08,
4028,980340373,L,2016-02-01,2016-02-15,7,Offline,1,3357,31320.81,23230.44,8090.37,2016-02-01,2016-02-15,2016-02-15,22ff05db9565123661c77fdaf0eb52cc,2016-02-15,2016-02-15,
4029,872145211,C,2016-02-01,2016-02-26,89,Offline,8,6004,1532701.12,957157.68,575543.44,2016-02-01,2016-02-26,2016-02-26,1ed6a6bc9309fd25d7c4eef88444bac0,2016-02-26,2016-02-26,
4030,157127940,C,2016-02-01,2016-03-11,41,Offline,2,6504,308614.8,206762.16,101852.64,2016-02-01,2016-03-11,2016-03-11,46ac4b0ecf8e07a8ce6d594776c47ed9,2016-03-11,2016-03-11,
4031,560311591,H,2016-02-02,2016-02-05,68,Online,6,7506,1156374.36,682520.58,473853.78,2016-02-02,2016-02-05,2016-02-05,6523d2619789ce42212d3b1dad90428f,2016-02-05,2016-02-05,
4032,836644351,L,2016-02-02,2016-02-13,102,Offline,8,510,130192.8,81304.2,48888.6,2016-02-02,2016-02-13,2016-02-13,5796aebeaf60d1830f85e929909a1486,2016-02-13,2016-02-13,
4033,478840672,L,2016-02-04,2016-02-09,134,Online,3,8451,690700.23,478918.17,211782.06,2016-02-04,2016-02-09,2016-02-09,95a04d20cf8829829d6ea4b267c60de1,2016-02-09,2016-02-09,
4034,788509643,H,2016-02-04,2016-03-03,174,Online,1,6381,59534.73,44156.52,15378.21,2016-02-04,2016-03-03,2016-03-03,cfa0bf8111d443c58cb3c1ea09e38a41,2016-03-03,2016-03-03,
4035,476794040,H,2016-02-04,2016-03-07,54,Online,2,2807,133192.15,89234.53,43957.62,2016-02-04,2016-03-07,2016-03-07,82042d501d66b0ea31d680f2ab23be07,2016-03-07,2016-03-07,
4036,888164222,C,2016-02-04,2016-03-20,86,Offline,2,6385,302968.25,202979.15,99989.1,2016-02-04,2016-03-20,2016-03-20,a0c07dec32db106cfc7533c6675b8af2,2016-03-20,2016-03-20,
4037,846405446,M,2016-02-05,2016-03-09,57,Offline,12,9035,6037819.45,4540448.9,1497370.55,2016-02-05,2016-03-09,2016-03-09,f8ff02c282e3ebe596f539c69d6d6e95,2016-03-09,2016-03-09,
4038,914770448,L,2016-02-06,2016-02-16,126,Online,7,9759,2007426.3,1142876.49,864549.81,2016-02-06,2016-02-16,2016-02-16,1ef2b412ec670df9c7fa3e333fde2a2e,2016-02-16,2016-02-16,
4039,546969640,C,2016-02-06,2016-03-10,121,Offline,1,9326,87011.58,64535.92,22475.66,2016-02-06,2016-03-10,2016-03-10,19d0fdefb8b9cd0ae610372373671961,2016-03-10,2016-03-10,
4040,650599467,H,2016-02-07,2016-03-01,44,Offline,4,5695,622349.6,204108.8,418240.8,2016-02-07,2016-03-01,2016-03-01,805d7a7d1d8d274260292671a298e701,2016-03-01,2016-03-01,
4041,993368613,H,2016-02-08,2016-02-16,88,Offline,3,8702,711214.46,493142.34,218072.12,2016-02-08,2016-02-16,2016-02-16,107a5400dbc18672dc7f178c3ff6b6f6,2016-02-16,2016-02-16,
4042,571057164,C,2016-02-10,2016-03-05,19,Online,1,7360,68668.8,50931.2,17737.6,2016-02-10,2016-03-05,2016-03-05,11d70559ac202b8084b7fc943512547a,2016-03-05,2016-03-05,
4043,335657060,M,2016-02-13,2016-02-15,143,Online,10,7238,3164453.6,1905982.54,1258471.06,2016-02-13,2016-02-15,2016-02-15,ab7cc0b8a33732921fa285fe77030332,2016-02-15,2016-02-15,
4044,287758386,H,2016-02-13,2016-03-02,57,Online,7,2956,608049.2,346177.16,261872.04,2016-02-13,2016-03-02,2016-03-02,d726d0811509de59f5df61dd9d12a384,2016-03-02,2016-03-02,
4045,208806169,L,2016-02-13,2016-03-29,183,Online,11,9240,6017180.4,4850630.4,1166550,2016-02-13,2016-03-29,2016-03-29,7c7200cf9777deb0954fa9cd8f47fd2d,2016-03-29,2016-03-29,
4047,268866622,H,2016-02-14,2016-04-04,12,Offline,2,2463,116869.35,78298.77,38570.58,2016-02-14,2016-04-04,2016-04-04,8d011d637cfd92db19983b1230f5a1d0,2016-04-04,2016-04-04,
4048,684330070,H,2016-02-15,2016-02-25,100,Offline,10,7330,3204676,1930208.9,1274467.1,2016-02-15,2016-02-25,2016-02-25,7da886f9626d4b75b41cedc0471e6ccb,2016-02-25,2016-02-25,
4049,148155629,M,2016-02-15,2016-02-29,63,Offline,7,1398,287568.6,163719.78,123848.82,2016-02-15,2016-02-29,2016-02-29,5450fae722a4ab8fc1186682379ec8d8,2016-02-29,2016-02-29,
4050,461917865,C,2016-02-15,2016-03-21,140,Offline,8,616,157252.48,98202.72,59049.76,2016-02-15,2016-03-21,2016-03-21,a91d720fa4c2c20911b59496079e811c,2016-03-21,2016-03-21,
4051,461445796,L,2016-02-17,2016-03-22,33,Online,3,920,75191.6,52136.4,23055.2,2016-02-17,2016-03-22,2016-03-22,72510429810cdba61f458df9eee9f59a,2016-03-22,2016-03-22,
4052,791817128,M,2016-02-18,2016-04-08,77,Online,1,5139,47946.87,35561.88,12384.99,2016-02-18,2016-04-08,2016-04-08,26f75d219632b7575c42c52da719eef8,2016-04-08,2016-04-08,
4054,217859160,L,2016-02-19,2016-03-05,164,Offline,2,8222,390133.9,261377.38,128756.52,2016-02-19,2016-03-05,2016-03-05,a369cc104ef507495c60bacda343a43b,2016-03-05,2016-03-05,
4055,118086564,M,2016-02-19,2016-03-13,108,Online,5,3293,502445.94,320869.92,181576.02,2016-02-19,2016-03-13,2016-03-13,c7de182ec5ef3a1bbae98e4526507c30,2016-03-13,2016-03-13,
4056,777018630,L,2016-02-19,2016-03-19,172,Online,6,5935,914346.1,539669.55,374676.55,2016-02-19,2016-03-19,2016-03-19,43fe76db7069931310d7dd41c8790795,2016-03-19,2016-03-19,
4057,612856280,L,2016-02-19,2016-03-24,73,Offline,5,6647,1014199.26,647683.68,366515.58,2016-02-19,2016-03-24,2016-03-24,03a1a350faaae0353789aaf7ee54f39c,2016-03-24,2016-03-24,
4058,136624276,L,2016-02-20,2016-03-08,139,Offline,2,9014,427714.3,286555.06,141159.24,2016-02-20,2016-03-08,2016-03-08,fdb34b6e9e900b03679917949e77baf1,2016-03-08,2016-03-08,
4059,645956456,H,2016-02-20,2016-04-08,172,Offline,8,1725,440358,274999.5,165358.5,2016-02-20,2016-04-08,2016-04-08,117c08ad42af70cda578ff814fbdcf87,2016-04-08,2016-04-08,
4060,290317428,M,2016-02-21,2016-04-02,23,Online,9,233,98300.37,84972.77,13327.6,2016-02-21,2016-04-02,2016-04-02,587085a53f140ed0bb24bdf656f7f121,2016-04-02,2016-04-02,
4061,175510299,H,2016-02-23,2016-03-23,8,Online,5,6252,953930.16,609194.88,344735.28,2016-02-23,2016-03-23,2016-03-23,e54ce35c7ee58757aad86768f8559c8b,2016-03-23,2016-03-23,
4062,591209781,M,2016-02-23,2016-04-03,19,Online,5,967,147544.86,94224.48,53320.38,2016-02-23,2016-04-03,2016-04-03,29ace283f833c0131a36162ba69d9cbd,2016-04-03,2016-04-03,
4063,193811976,C,2016-02-25,2016-03-18,178,Online,10,2126,929487.2,559839.58,369647.62,2016-02-25,2016-03-18,2016-03-18,c598baf8269d2f085e80ad07860c4773,2016-03-18,2016-03-18,
4064,935907542,M,2016-02-25,2016-03-21,167,Offline,2,4695,222777.75,149254.05,73523.7,2016-02-25,2016-03-21,2016-03-21,3c128ffeed6d705e21a87d3a4a5cb493,2016-03-21,2016-03-21,
4065,686417043,C,2016-02-25,2016-03-29,121,Online,7,4912,1010398.4,575244.32,435154.08,2016-02-25,2016-03-29,2016-03-29,d78fd4928141031a8a66794e7aef9dfd,2016-03-29,2016-03-29,
4066,727821767,L,2016-02-26,2016-03-16,34,Online,10,7489,3274190.8,1972078.37,1302112.43,2016-02-26,2016-03-16,2016-03-16,dbf0b6fb51227f985ca1195581982bf2,2016-03-16,2016-03-16,
4067,243521249,L,2016-02-26,2016-03-28,58,Online,10,2204,963588.8,580379.32,383209.48,2016-02-26,2016-03-28,2016-03-28,7bcee90bc157672d22eb008a23fe9f10,2016-03-28,2016-03-28,
4068,467980086,M,2016-02-26,2016-03-28,121,Online,2,4562,216466.9,145025.98,71440.92,2016-02-26,2016-03-28,2016-03-28,b2c9cf402b85131accded55c8ef62226,2016-03-28,2016-03-28,
4069,449206340,H,2016-02-26,2016-04-03,147,Offline,7,8993,1849860.1,1053170.23,796689.87,2016-02-26,2016-04-03,2016-04-03,63c2c273836d1ad61ce4a0122c996885,2016-04-03,2016-04-03,
4070,498915612,C,2016-02-27,2016-04-13,177,Online,7,9072,1866110.4,1062421.92,803688.48,2016-02-27,2016-04-13,2016-04-13,b4aae80ee5294d1accfa4f65c066bc8a,2016-04-13,2016-04-13,
4071,650208079,H,2016-02-29,2016-03-19,164,Online,2,9875,468568.75,313926.25,154642.5,2016-02-29,2016-03-19,2016-03-19,3167706925c48bd0e9f0e5467b60c187,2016-03-19,2016-03-19,
4072,718927133,M,2016-02-29,2016-03-22,74,Offline,11,5370,3496997.7,2819035.2,677962.5,2016-02-29,2016-03-22,2016-03-22,495ee9c469f827687ecc49c6a785cc87,2016-03-22,2016-03-22,
4073,876949584,L,2016-02-29,2016-04-13,102,Online,7,7725,1589032.5,904674.75,684357.75,2016-02-29,2016-04-13,2016-04-13,9c8d9f11ab603df6f886887ff84c292f,2016-04-13,2016-04-13,
4074,398552930,M,2016-03-01,2016-03-29,61,Online,10,9524,4163892.8,2507954.92,1655937.88,2016-03-01,2016-03-29,2016-03-29,a6406436dc3974d7822ba8dbd62bdbb7,2016-03-29,2016-03-29,
4075,920164906,L,2016-03-02,2016-03-06,65,Offline,7,6099,1254564.3,714253.89,540310.41,2016-03-02,2016-03-06,2016-03-06,870171271e3483fc0d3ac225f603aeae,2016-03-06,2016-03-06,
4076,878524148,C,2016-03-02,2016-03-20,150,Offline,1,3673,34269.09,25417.16,8851.93,2016-03-02,2016-03-20,2016-03-20,d92990429140f4315c3f9df3add8b830,2016-03-20,2016-03-20,
4077,498089492,L,2016-03-02,2016-03-22,43,Online,9,4604,1942381.56,1679032.76,263348.8,2016-03-02,2016-03-22,2016-03-22,686f64f9d3423b63d707402aace1610b,2016-03-22,2016-03-22,
4078,624940383,H,2016-03-02,2016-03-30,169,Offline,10,2602,1137594.4,685184.66,452409.74,2016-03-02,2016-03-30,2016-03-30,c7bf611013c19598281f19d8f6abdc1b,2016-03-30,2016-03-30,
4079,839048039,H,2016-03-02,2016-04-02,47,Offline,11,1815,1181946.15,952802.4,229143.75,2016-03-02,2016-04-02,2016-04-02,a539631be86d6cc82614b02da54e36d4,2016-04-02,2016-04-02,
4080,772375619,L,2016-03-03,2016-03-06,60,Online,3,1964,160517.72,111299.88,49217.84,2016-03-03,2016-03-06,2016-03-06,a6a0132030d4cf5f9ff04056ed037475,2016-03-06,2016-03-06,
4081,150873029,M,2016-03-03,2016-03-13,174,Offline,1,5537,51660.21,38316.04,13344.17,2016-03-03,2016-03-13,2016-03-13,e4dd09bd4cfa39774f108e11621cb3f8,2016-03-13,2016-03-13,
4082,337902390,H,2016-03-03,2016-04-21,103,Online,5,1681,256486.98,163796.64,92690.34,2016-03-03,2016-04-21,2016-04-21,9e0583c582938855fbe4233edadafa95,2016-04-21,2016-04-21,
4083,171339356,M,2016-03-04,2016-03-07,95,Offline,3,1978,161661.94,112093.26,49568.68,2016-03-04,2016-03-07,2016-03-07,16b6b0ab90222073b960ac8c5ffe068c,2016-03-07,2016-03-07,
4084,716054379,L,2016-03-04,2016-03-26,34,Offline,1,5258,49057.14,36385.36,12671.78,2016-03-04,2016-03-26,2016-03-26,6e8be2dfad9fff7d732a317f1b076d7c,2016-03-26,2016-03-26,
4085,860852897,H,2016-03-07,2016-04-25,59,Online,7,4357,896234.9,510248.27,385986.63,2016-03-07,2016-04-25,2016-04-25,8958ccbfced670b1af03436a31da4db1,2016-04-25,2016-04-25,
4086,426261651,H,2016-03-08,2016-03-26,93,Offline,8,9150,2335812,1458693,877119,2016-03-08,2016-03-26,2016-03-26,d936202b7d3fb3d5849762efb5937c77,2016-03-26,2016-03-26,
4087,662882268,C,2016-03-09,2016-04-17,121,Offline,10,449,196302.8,118235.17,78067.63,2016-03-09,2016-04-17,2016-04-17,6aa5f472d1cddaf59332ff68e56571ab,2016-04-17,2016-04-17,
4088,901903569,H,2016-03-10,2016-03-19,68,Online,7,2163,444929.1,253308.93,191620.17,2016-03-10,2016-03-19,2016-03-19,f6d6a54db376244786b116a19981b9af,2016-03-19,2016-03-19,
4089,467312324,C,2016-03-10,2016-04-08,84,Online,8,6956,1775727.68,1108925.52,666802.16,2016-03-10,2016-04-08,2016-04-08,144344e0cd097d37a5e84a8179e30968,2016-04-08,2016-04-08,
4090,685395228,L,2016-03-11,2016-03-17,143,Offline,7,2534,521243.8,296756.74,224487.06,2016-03-11,2016-03-17,2016-03-17,b7c59e60354c5188f971060d77bdb767,2016-03-17,2016-03-17,
4091,660481584,M,2016-03-11,2016-04-20,155,Offline,11,33,21489.93,17323.68,4166.25,2016-03-11,2016-04-20,2016-04-20,9d0783875eeaca865f2d4a66788a74cb,2016-04-20,2016-04-20,
4092,799848306,C,2016-03-11,2016-04-23,24,Offline,12,1743,1164794.61,875927.22,288867.39,2016-03-11,2016-04-23,2016-04-23,4e02291dfea621c5f3135a573d165c0e,2016-04-23,2016-04-23,
4093,392217338,L,2016-03-12,2016-03-15,108,Offline,5,4681,714226.98,456116.64,258110.34,2016-03-12,2016-03-15,2016-03-15,d0cc89e1c8bb4d9cd588abd07d6eb5b8,2016-03-15,2016-03-15,
4094,710072839,L,2016-03-12,2016-04-03,67,Offline,8,5187,1324137.36,826911.54,497225.82,2016-03-12,2016-04-03,2016-04-03,47dea8f2ea7df2890d2959e3d827ccfb,2016-04-03,2016-04-03,
4095,774698626,L,2016-03-12,2016-04-07,54,Online,1,9394,87646.02,65006.48,22639.54,2016-03-12,2016-04-07,2016-04-07,96654d9496e0404808a4bb72c54c8e2e,2016-04-07,2016-04-07,
4096,256943881,M,2016-03-12,2016-04-30,77,Online,2,4259,202089.55,135393.61,66695.94,2016-03-12,2016-04-30,2016-04-30,cb45857df393d7a06eb637c3caec9d8b,2016-04-30,2016-04-30,
4097,572634732,H,2016-03-14,2016-04-01,26,Online,7,4197,863322.9,491510.67,371812.23,2016-03-14,2016-04-01,2016-04-01,cb2288db25e4831591d9d2ef672610e0,2016-04-01,2016-04-01,
4098,586961162,M,2016-03-15,2016-04-22,16,Offline,9,3706,1563524.34,1351541.14,211983.2,2016-03-15,2016-04-22,2016-04-22,74c11ef55795393ba6ab6059c63896da,2016-04-22,2016-04-22,
4099,368524205,C,2016-03-16,2016-04-21,129,Offline,1,3357,31320.81,23230.44,8090.37,2016-03-16,2016-04-21,2016-04-21,9fd3b47f56007dada894e029b5c52138,2016-04-21,2016-04-21,
4100,445075738,L,2016-03-17,2016-03-27,29,Online,10,6656,2910003.2,1752724.48,1157278.72,2016-03-17,2016-03-27,2016-03-27,6e4eacb2719ac303c6be3f539b648eb6,2016-03-27,2016-03-27,
4101,740300261,M,2016-03-17,2016-04-23,43,Online,8,153,39057.84,24391.26,14666.58,2016-03-17,2016-04-23,2016-04-23,e2656744cc17422752b05ed47747a0f9,2016-04-23,2016-04-23,
4102,964523065,L,2016-03-18,2016-04-24,62,Online,8,2664,680065.92,424694.88,255371.04,2016-03-18,2016-04-24,2016-04-24,3abb2fc70e18b38ab485a0661f2b326f,2016-04-24,2016-04-24,
4103,403316962,H,2016-03-18,2016-05-06,47,Online,2,9307,441617.15,295869.53,145747.62,2016-03-18,2016-05-06,2016-05-06,05a0fc514ce86b07f6fe772a3c5dc866,2016-05-06,2016-05-06,
4104,810593879,L,2016-03-19,2016-04-01,7,Offline,12,1597,1067227.19,802556.38,264670.81,2016-03-19,2016-04-01,2016-04-01,190b7a0b4e5d766e30700cc44c692c5a,2016-04-01,2016-04-01,
4105,706491982,C,2016-03-20,2016-04-11,65,Online,3,5532,452130.36,313498.44,138631.92,2016-03-20,2016-04-11,2016-04-11,6510e27ec0421553b382fb22d4ffa8fb,2016-04-11,2016-04-11,
4106,465069997,M,2016-03-21,2016-03-23,55,Offline,2,3402,161424.9,108149.58,53275.32,2016-03-21,2016-03-23,2016-03-23,9ea21d85270f7d1a12e098849408704d,2016-03-23,2016-03-23,
4107,959603679,H,2016-03-22,2016-04-04,162,Offline,10,6908,3020177.6,1819083.64,1201093.96,2016-03-22,2016-04-04,2016-04-04,db313eb4df976f6a091b5eecba2523e9,2016-04-04,2016-04-04,
4108,572911107,M,2016-03-22,2016-04-07,10,Online,10,5983,2615767.6,1575503.39,1040264.21,2016-03-22,2016-04-07,2016-04-07,ea4927154e79bd93eb009628000e7473,2016-04-07,2016-04-07,
4109,163587558,M,2016-03-22,2016-04-19,167,Offline,5,8048,1227963.84,784197.12,443766.72,2016-03-22,2016-04-19,2016-04-19,6c32db78bdd5077b3a741c53ff2fb9eb,2016-04-19,2016-04-19,
4110,653909957,M,2016-03-23,2016-04-06,91,Online,11,5342,3478763.82,2804336.32,674427.5,2016-03-23,2016-04-06,2016-04-06,e4c9114fb453de652c4b25494b5e8540,2016-04-06,2016-04-06,
4111,631042945,C,2016-03-23,2016-04-14,97,Offline,6,8485,1307199.1,771541.05,535658.05,2016-03-23,2016-04-14,2016-04-14,040ed119415587a8397fb18f70812687,2016-04-14,2016-04-14,
4112,194169032,C,2016-03-25,2016-04-11,50,Online,2,7786,369445.7,247516.94,121928.76,2016-03-25,2016-04-11,2016-04-11,5bd8025bc52d6a3d01abcd93980bb10b,2016-04-11,2016-04-11,
4113,936028563,H,2016-03-25,2016-04-14,177,Offline,2,507,24057.15,16117.53,7939.62,2016-03-25,2016-04-14,2016-04-14,0dd1d08b85d69ce26278bac635001170,2016-04-14,2016-04-14,
4114,268791949,C,2016-03-26,2016-05-08,133,Online,9,366,154411.74,133476.54,20935.2,2016-03-26,2016-05-08,2016-05-08,e57f6ffb327dc2499f35f1a74ee0f18d,2016-05-08,2016-05-08,
4115,705193793,M,2016-03-26,2016-05-12,82,Offline,9,1369,577567.41,499260.61,78306.8,2016-03-26,2016-05-12,2016-05-12,66c881fb5d04a108943577b0a6ef50bd,2016-05-12,2016-05-12,
4116,871284759,M,2016-03-27,2016-05-08,83,Online,6,1377,212140.62,125210.61,86930.01,2016-03-27,2016-05-08,2016-05-08,b2f40a1f190077d3daab5c2bed3e8343,2016-05-08,2016-05-08,
4117,921230065,M,2016-03-27,2016-05-16,28,Offline,8,1303,332629.84,207724.26,124905.58,2016-03-27,2016-05-16,2016-05-16,3646568cede39620f3bc4f925ee95ad5,2016-05-16,2016-05-16,
4118,852392995,M,2016-03-28,2016-04-19,90,Online,10,884,386484.8,232783.72,153701.08,2016-03-28,2016-04-19,2016-04-19,ca8b82d56d4e2280b636133e4fd4158a,2016-04-19,2016-04-19,
4119,771394145,M,2016-03-28,2016-04-22,130,Offline,2,1524,72313.8,48447.96,23865.84,2016-03-28,2016-04-22,2016-04-22,b08e5bad94ebb00b1851d7f13074f37d,2016-04-22,2016-04-22,
4120,810752236,L,2016-03-28,2016-05-04,127,Online,6,8458,1303039.48,769085.94,533953.54,2016-03-28,2016-05-04,2016-05-04,cfac9949f42583060787c4c1771eea7b,2016-05-04,2016-05-04,
4121,186966979,L,2016-03-29,2016-04-17,67,Offline,12,6539,4369817.53,3286109.06,1083708.47,2016-03-29,2016-04-17,2016-04-17,250d3368bb8364521701e356ba6f136e,2016-04-17,2016-04-17,
4122,324169051,C,2016-03-29,2016-04-21,128,Offline,2,7681,364463.45,244178.99,120284.46,2016-03-29,2016-04-21,2016-04-21,980ad5431dd98ddd04a2b84ab2bdac2f,2016-04-21,2016-04-21,
4123,351247346,H,2016-03-29,2016-05-08,171,Online,3,750,61297.5,42502.5,18795,2016-03-29,2016-05-08,2016-05-08,778a558cef4c2771ec730cb5d986ecae,2016-05-08,2016-05-08,
4124,741797149,H,2016-03-30,2016-05-03,16,Offline,7,3116,640961.2,364914.76,276046.44,2016-03-30,2016-05-03,2016-05-03,7ba28e59d278942bfe56a1646898b277,2016-05-03,2016-05-03,
4125,639741885,C,2016-03-31,2016-04-18,102,Offline,12,2695,1800987.65,1354345.3,446642.35,2016-03-31,2016-04-18,2016-04-18,fe420e696ad8c94e658ebea68098f7ca,2016-04-18,2016-04-18,
4126,843498361,M,2016-03-31,2016-04-25,168,Offline,11,8764,5707204.44,4600749.44,1106455,2016-03-31,2016-04-25,2016-04-25,1dba376c565edf3c541524116385797f,2016-04-25,2016-04-25,
4127,350657260,H,2016-04-01,2016-04-15,64,Online,4,6130,669886.4,219699.2,450187.2,2016-04-01,2016-04-15,2016-04-15,598031923d54ababb5b88d64c0321f3d,2016-04-15,2016-04-15,
4128,304687201,C,2016-04-02,2016-05-01,182,Online,2,2569,121899.05,81668.51,40230.54,2016-04-02,2016-05-01,2016-05-01,b202dd069d032314c233a82d4360eea7,2016-05-01,2016-05-01,
4129,169531762,H,2016-04-02,2016-05-22,141,Online,6,7071,1089358.26,642966.03,446392.23,2016-04-02,2016-05-22,2016-05-22,79ca5a72e020b0f99dccb86dbe485bef,2016-05-22,2016-05-22,
4130,406270396,L,2016-04-03,2016-05-19,26,Online,5,3293,502445.94,320869.92,181576.02,2016-04-03,2016-05-19,2016-05-19,20a213f0c9dbe0f6fa77231df1473720,2016-05-19,2016-05-19,
4131,308426415,M,2016-04-04,2016-04-06,73,Offline,7,9085,1868784.5,1063944.35,804840.15,2016-04-04,2016-04-06,2016-04-06,3c3d68b1861ff2e0dd5d193a9ec8f526,2016-04-06,2016-04-06,
4132,208653819,C,2016-04-04,2016-04-15,61,Offline,8,4157,1061198.96,662708.94,398490.02,2016-04-04,2016-04-15,2016-04-15,22935dd789b3812ceb9cbdbbb668e616,2016-04-15,2016-04-15,
4133,543354451,H,2016-04-04,2016-04-28,123,Online,12,9511,6355915.97,4779657.94,1576258.03,2016-04-04,2016-04-28,2016-04-28,469651a2a2236d6a441b574931604790,2016-04-28,2016-04-28,
4134,551422965,H,2016-04-05,2016-05-22,158,Offline,5,7164,1093083.12,698060.16,395022.96,2016-04-05,2016-05-22,2016-05-22,c871bb1c358e85c36b6d1de26478fe46,2016-05-22,2016-05-22,
4135,187479388,H,2016-04-06,2016-04-24,102,Offline,9,8172,3447685.08,2980246.68,467438.4,2016-04-06,2016-04-24,2016-04-24,361c58c7e4743b9ffb9598b10c6fc739,2016-04-24,2016-04-24,
4136,191690671,H,2016-04-06,2016-05-18,86,Offline,10,4384,1916684.8,1154438.72,762246.08,2016-04-06,2016-05-18,2016-05-18,3a4d8417495742f9ac6f5093dbb39a2a,2016-05-18,2016-05-18,
4137,573699891,L,2016-04-08,2016-04-21,106,Offline,8,9402,2400142.56,1498866.84,901275.72,2016-04-08,2016-04-21,2016-04-21,be18e1a72947f366e28e0a326b0d012e,2016-04-21,2016-04-21,
4138,349123036,H,2016-04-08,2016-05-17,162,Offline,2,2120,100594,67394.8,33199.2,2016-04-08,2016-05-17,2016-05-17,daf5173479b077b9cfbdf5a7f051b592,2016-05-17,2016-05-17,
4139,548432195,L,2016-04-09,2016-05-01,86,Offline,1,2129,19863.57,14732.68,5130.89,2016-04-09,2016-05-01,2016-05-01,ccda679bb0b4d869e22d6442b2e955fa,2016-05-01,2016-05-01,
4140,232387292,H,2016-04-10,2016-05-07,63,Offline,8,7419,1893922.32,1182736.98,711185.34,2016-04-10,2016-05-07,2016-05-07,91301e2d7334cbe9ae9bfe27648bb92d,2016-05-07,2016-05-07,
4141,608374631,M,2016-04-11,2016-04-12,23,Offline,6,428,65937.68,38918.04,27019.64,2016-04-11,2016-04-12,2016-04-12,3b8ba715734027b955905469f4197290,2016-04-12,2016-04-12,
4142,350697600,M,2016-04-11,2016-04-23,122,Online,7,8068,1659587.6,944843.48,714744.12,2016-04-11,2016-04-23,2016-04-23,c6f9c31a78dbbbd07f2fe7b4c22ceae9,2016-04-23,2016-04-23,
4143,101207101,C,2016-04-11,2016-05-02,62,Offline,1,8285,77299.05,57332.2,19966.85,2016-04-11,2016-05-02,2016-05-02,f5d5a2a8fbaf5076aba10d7dfb002a04,2016-05-02,2016-05-02,
4144,311221492,L,2016-04-11,2016-05-07,37,Online,1,6210,57939.3,42973.2,14966.1,2016-04-11,2016-05-07,2016-05-07,250544b214644346f3102695999b83fd,2016-05-07,2016-05-07,
4145,360930764,M,2016-04-11,2016-05-15,6,Offline,10,6289,2749550.8,1656082.37,1093468.43,2016-04-11,2016-05-15,2016-05-15,067f211a86ffe6640ab24167123f6d99,2016-05-15,2016-05-15,
4146,207119596,H,2016-04-11,2016-05-16,67,Offline,10,146,63831.2,38446.18,25385.02,2016-04-11,2016-05-16,2016-05-16,5c2bc2a2bb22588bab687964591c2d5d,2016-05-16,2016-05-16,
4147,595740783,C,2016-04-12,2016-05-13,97,Online,9,1791,755604.99,653159.79,102445.2,2016-04-12,2016-05-13,2016-05-13,3f175dd68ffb2fa3858733b622478f18,2016-05-13,2016-05-13,
4148,934534680,M,2016-04-12,2016-05-25,56,Offline,11,8434,5492305.14,4427512.64,1064792.5,2016-04-12,2016-05-25,2016-05-25,e8e9844ff9d53d726159a2e1ae14cf1a,2016-05-25,2016-05-25,
4149,285481727,M,2016-04-14,2016-05-18,77,Online,8,9242,2359297.76,1473359.64,885938.12,2016-04-14,2016-05-18,2016-05-18,04a43470284b6696727f75513127db78,2016-05-18,2016-05-18,
4150,626322257,M,2016-04-15,2016-05-05,185,Offline,3,1529,124965.17,86648.43,38316.74,2016-04-15,2016-05-05,2016-05-05,f2fcafe64733c7091dc3e8ac12da6fc7,2016-05-05,2016-05-05,
4151,750654447,C,2016-04-16,2016-04-19,117,Offline,10,4187,1830556.4,1102562.71,727993.69,2016-04-16,2016-04-19,2016-04-19,ec7bfef0d4cbcd34cd76fbf35f3683ee,2016-04-19,2016-04-19,
4152,455665957,L,2016-04-16,2016-05-13,48,Online,8,538,137340.64,85767.96,51572.68,2016-04-16,2016-05-13,2016-05-13,18a31b828b4af3b7492c22f7f535a8cc,2016-05-13,2016-05-13,
4153,515608394,M,2016-04-17,2016-04-23,50,Offline,10,8836,3863099.2,2326783.88,1536315.32,2016-04-17,2016-04-23,2016-04-23,c1e6155084b38fefba0085f9ae817947,2016-04-23,2016-04-23,
4154,440749442,M,2016-04-17,2016-05-19,16,Online,4,6409,700375.52,229698.56,470676.96,2016-04-17,2016-05-19,2016-05-19,9173f3e3011e37e316da922611e625e5,2016-05-19,2016-05-19,
4155,353492677,C,2016-04-17,2016-05-23,5,Offline,1,5193,48450.69,35935.56,12515.13,2016-04-17,2016-05-23,2016-05-23,11f26114b3c0b2cb2b7f531eb5970272,2016-05-23,2016-05-23,
4156,679534709,M,2016-04-19,2016-04-20,95,Online,2,8276,392696.2,263094.04,129602.16,2016-04-19,2016-04-20,2016-04-20,0774d29474dc986e519198a6b6a58570,2016-04-20,2016-04-20,
4157,730936563,L,2016-04-21,2016-04-30,89,Online,11,9227,6008714.67,4843805.92,1164908.75,2016-04-21,2016-04-30,2016-04-30,3ee6bbbbc60d61e77e77f0c15a7eac31,2016-04-30,2016-04-30,
4158,485775363,L,2016-04-21,2016-05-07,165,Offline,3,580,47403.4,32868.6,14534.8,2016-04-21,2016-05-07,2016-05-07,a89a4d9d31917192207254e67f8d3848,2016-05-07,2016-05-07,
4159,402611863,L,2016-04-21,2016-05-09,3,Online,6,652,100447.12,59286.36,41160.76,2016-04-21,2016-05-09,2016-05-09,cf30862325b2349f181505d92a13f0b4,2016-05-09,2016-05-09,
4160,610107553,M,2016-04-23,2016-06-12,87,Online,1,3238,30210.54,22406.96,7803.58,2016-04-23,2016-06-12,2016-06-12,8ffa9ae1ac18f57b52edeec884cf623a,2016-06-12,2016-06-12,
4161,443544518,C,2016-04-24,2016-04-28,34,Online,2,3534,167688.3,112345.86,55342.44,2016-04-24,2016-04-28,2016-04-28,e89228a419f5929f37c002c478dfdc82,2016-04-28,2016-04-28,
4162,956969964,L,2016-04-24,2016-05-27,138,Online,6,7533,1160533.98,684975.69,475558.29,2016-04-24,2016-05-27,2016-05-27,428d5f45879fe262ed6ca1cb73dacc55,2016-05-27,2016-05-27,
4163,196100652,C,2016-04-24,2016-05-31,29,Online,5,9395,1433489.1,915448.8,518040.3,2016-04-24,2016-05-31,2016-05-31,a1d4dcd24ef75b294834a0fbce5d2ce5,2016-05-31,2016-05-31,
4164,940124833,M,2016-04-25,2016-06-03,36,Online,4,2685,293416.8,96230.4,197186.4,2016-04-25,2016-06-03,2016-06-03,0efacf256fa795c0308f1e0d97f89843,2016-06-03,2016-06-03,
4165,349557769,L,2016-04-26,2016-05-06,36,Offline,12,767,512563.09,385448.18,127114.91,2016-04-26,2016-05-06,2016-05-06,a1369d2b1ed0b19ad0bf5d5522c7a6a3,2016-05-06,2016-05-06,
4166,628055179,M,2016-04-26,2016-05-13,164,Offline,11,4339,2825600.19,2277801.44,547798.75,2016-04-26,2016-05-13,2016-05-13,88a5f06f44bfc990cff64859e684afa5,2016-05-13,2016-05-13,
4167,286978614,H,2016-04-27,2016-05-28,99,Online,7,2204,453362.8,258110.44,195252.36,2016-04-27,2016-05-28,2016-05-28,aea7fd84555e937ffb259d0aace28942,2016-05-28,2016-05-28,
4168,517459332,C,2016-04-28,2016-05-27,46,Online,6,6570,1012174.2,597410.1,414764.1,2016-04-28,2016-05-27,2016-05-27,5981ae8b481bba9fa780375572ce048f,2016-05-27,2016-05-27,
4169,263757550,L,2016-04-29,2016-05-12,154,Online,2,575,27283.75,18279.25,9004.5,2016-04-29,2016-05-12,2016-05-12,583bcdb89d6cca9c0d9286f7bbeae59e,2016-05-12,2016-05-12,
4170,783440911,C,2016-04-29,2016-06-09,165,Offline,3,6430,525523.9,364388.1,161135.8,2016-04-29,2016-06-09,2016-06-09,4f3a64383889ed06c6a828fb6c78b72f,2016-06-09,2016-06-09,
4171,685596930,L,2016-04-29,2016-06-16,140,Online,4,2222,242820.16,79636.48,163183.68,2016-04-29,2016-06-16,2016-06-16,c9003932e95600102353f67773976e9b,2016-06-16,2016-06-16,
4172,180358016,M,2016-04-30,2016-05-16,66,Online,2,800,37960,25432,12528,2016-04-30,2016-05-16,2016-05-16,3b6e5b69f37cebb192b0f6c7f9a40feb,2016-05-16,2016-05-16,
4173,174218118,M,2016-04-30,2016-06-13,88,Offline,7,3867,795441.9,452864.37,342577.53,2016-04-30,2016-06-13,2016-06-13,9085420dc6f90e278f89c9dcb024fba3,2016-06-13,2016-06-13,
4175,500260150,C,2016-05-01,2016-05-10,105,Online,4,6950,759496,249088,510408,2016-05-01,2016-05-10,2016-05-10,cd15832bfb321c20930f7e0171db7888,2016-05-10,2016-05-10,
4176,789108741,M,2016-05-01,2016-05-14,182,Online,8,3667,936111.76,584593.14,351518.62,2016-05-01,2016-05-14,2016-05-14,ad5bd6c5ceab78d7c00afd8c440e8db3,2016-05-14,2016-05-14,
4177,541782891,H,2016-05-01,2016-05-21,51,Offline,10,4452,1946414.4,1172345.16,774069.24,2016-05-01,2016-05-21,2016-05-21,a4f456784ada2970bc858703f8eb7f8d,2016-05-21,2016-05-21,
4178,602079379,L,2016-05-01,2016-05-26,47,Online,11,7523,4899052.83,3949274.08,949778.75,2016-05-01,2016-05-26,2016-05-26,fcb65e64742ca530ac0d1574230173e4,2016-05-26,2016-05-26,
4179,290009725,C,2016-05-03,2016-05-07,156,Offline,8,9177,2342704.56,1462997.34,879707.22,2016-05-03,2016-05-07,2016-05-07,4b1a34112a7e68ea9a9cbef6f093faff,2016-05-07,2016-05-07,
4180,501834714,C,2016-05-04,2016-06-07,149,Offline,2,2899,137557.55,92159.21,45398.34,2016-05-04,2016-06-07,2016-06-07,14485c325fdf22d56349af881132abcb,2016-06-07,2016-06-07,
4181,187718427,M,2016-05-05,2016-06-12,14,Offline,5,8909,1359335.22,868092.96,491242.26,2016-05-05,2016-06-12,2016-06-12,cc54b94cf3fc4c76e5f2e5f9132be007,2016-06-12,2016-06-12,
4182,264624011,H,2016-05-05,2016-06-12,70,Offline,5,6980,1065008.4,680131.2,384877.2,2016-05-05,2016-06-12,2016-06-12,cc0b6cce263b430067ce8a552f84b981,2016-06-12,2016-06-12,
4183,634471452,L,2016-05-05,2016-06-13,175,Online,6,3057,470961.42,277973.01,192988.41,2016-05-05,2016-06-13,2016-06-13,2b562065ffdea8c4aac412ecdf04decf,2016-06-13,2016-06-13,
4184,580314862,C,2016-05-06,2016-05-12,145,Offline,8,6918,1766027.04,1102867.56,663159.48,2016-05-06,2016-05-12,2016-05-12,05560e7ecfbf4436949dd76aa33a58b3,2016-05-12,2016-05-12,
4185,636400067,L,2016-05-06,2016-06-13,112,Online,12,3777,2524055.79,1898093.58,625962.21,2016-05-06,2016-06-13,2016-06-13,95e0c0a332abeb832e9af4f7264af98c,2016-06-13,2016-06-13,
4186,160522115,M,2016-05-06,2016-06-22,89,Offline,5,916,139763.28,89255.04,50508.24,2016-05-06,2016-06-22,2016-06-22,f570bfa3e58729dc457ce040ab9cb777,2016-06-22,2016-06-22,
4187,365735137,M,2016-05-08,2016-05-11,111,Online,6,8009,1233866.54,728258.37,505608.17,2016-05-08,2016-05-11,2016-05-11,d05b0b06bc86e950957e49bbdbf24f48,2016-05-11,2016-05-11,
4188,793950450,M,2016-05-08,2016-05-18,123,Online,4,6436,703326.08,230666.24,472659.84,2016-05-08,2016-05-18,2016-05-18,cc58659aac0e06643be947bb175b25a9,2016-05-18,2016-05-18,
4189,532180154,M,2016-05-08,2016-05-31,105,Offline,1,2789,26021.37,19299.88,6721.49,2016-05-08,2016-05-31,2016-05-31,cf423590b45937984acb846b421556a2,2016-05-31,2016-05-31,
4190,964488732,L,2016-05-08,2016-06-06,50,Offline,2,2504,118814.8,79602.16,39212.64,2016-05-08,2016-06-06,2016-06-06,22e5fcac497059d8819ecbd1be8977e9,2016-06-06,2016-06-06,
4191,654701745,L,2016-05-08,2016-06-09,60,Online,2,9650,457892.5,306773.5,151119,2016-05-08,2016-06-09,2016-06-09,13cbc3b48fd410cd646a87da772e4251,2016-06-09,2016-06-09,
4192,625458800,C,2016-05-09,2016-05-25,7,Offline,1,6013,56101.29,41609.96,14491.33,2016-05-09,2016-05-25,2016-05-25,4765d17a03201a107063e6fffcca23a4,2016-05-25,2016-05-25,
4193,831143891,M,2016-05-09,2016-06-01,66,Online,1,2802,26142.66,19389.84,6752.82,2016-05-09,2016-06-01,2016-06-01,c4f34f25ac091f28fca8bacede6c7165,2016-06-01,2016-06-01,
4194,743769109,M,2016-05-10,2016-05-11,66,Online,6,6662,1026347.72,605775.66,420572.06,2016-05-10,2016-05-11,2016-05-11,240a08bd35c087b3b71d42bd6c3ee6c5,2016-05-11,2016-05-11,
4195,741604459,H,2016-05-10,2016-05-12,83,Online,6,6094,938841.64,554127.42,384714.22,2016-05-10,2016-05-12,2016-05-12,6d215bf57c8b5f6d065628e0c4711e13,2016-05-12,2016-05-12,
4196,346607339,H,2016-05-10,2016-06-13,65,Online,11,7669,4994129.49,4025918.24,968211.25,2016-05-10,2016-06-13,2016-06-13,146712ba58176d72ddc49391cbd09844,2016-06-13,2016-06-13,
4197,651947009,M,2016-05-11,2016-05-18,89,Offline,7,4463,918039.1,522661.93,395377.17,2016-05-11,2016-05-18,2016-05-18,f819df273cf861e31be60b284fec5b06,2016-05-18,2016-05-18,
4198,342278039,C,2016-05-11,2016-06-16,115,Online,11,6533,4254354.93,3429563.68,824791.25,2016-05-11,2016-06-16,2016-06-16,2c0303aa8231a0c32fbfb2df3e8ed38d,2016-06-16,2016-06-16,
4199,859914767,M,2016-05-11,2016-06-18,137,Offline,11,6744,4391760.24,3540330.24,851430,2016-05-11,2016-06-18,2016-06-18,cfe650b32db8bc668f27c64d3885388d,2016-06-18,2016-06-18,
4200,148872745,H,2016-05-12,2016-06-06,55,Online,1,3608,33662.64,24967.36,8695.28,2016-05-12,2016-06-06,2016-06-06,317fd665d21a59110452fb2ef8c9e9d2,2016-06-06,2016-06-06,
4201,450119149,C,2016-05-12,2016-07-01,110,Offline,3,9114,744887.22,516490.38,228396.84,2016-05-12,2016-07-01,2016-07-01,dbf0efc2e4dd2685ebd2331c4f0e5ba9,2016-07-01,2016-07-01,
4202,815755307,L,2016-05-13,2016-06-09,127,Offline,9,8978,3787728.42,3274186.82,513541.6,2016-05-13,2016-06-09,2016-06-09,3bf5be27c9aed873eb2e4fbb2a1e8ee2,2016-06-09,2016-06-09,
4203,508014953,H,2016-05-14,2016-05-18,69,Offline,7,1769,363883.3,207167.59,156715.71,2016-05-14,2016-05-18,2016-05-18,a765fcf722d0d2f6650ed630228df45e,2016-05-18,2016-05-18,
4204,836457669,C,2016-05-14,2016-06-03,150,Offline,9,5267,2222094.63,1920822.23,301272.4,2016-05-14,2016-06-03,2016-06-03,f2d05dd5b9781866e66a2e59dda50a4d,2016-06-03,2016-06-03,
4205,223259627,C,2016-05-14,2016-07-03,36,Offline,10,6340,2771848,1669512.2,1102335.8,2016-05-14,2016-07-03,2016-07-03,8b3650c44803bcbbe50f9fe0b3e9b876,2016-07-03,2016-07-03,
4206,848737466,L,2016-05-15,2016-05-31,11,Online,6,9132,1406875.92,830372.76,576503.16,2016-05-15,2016-05-31,2016-05-31,11b5dfdd41649d9648b42c1be557021a,2016-05-31,2016-05-31,
4207,422568786,H,2016-05-15,2016-06-17,66,Online,9,6349,2678579.61,2315416.81,363162.8,2016-05-15,2016-06-17,2016-06-17,0bdbb81479b31076171eab72dc50fe58,2016-06-17,2016-06-17,
4208,863299930,H,2016-05-15,2016-06-20,170,Offline,11,8488,5527470.48,4455860.48,1071610,2016-05-15,2016-06-20,2016-06-20,d72ced6fc9bea8405df5a2566f203dfd,2016-06-20,2016-06-20,
4209,754750716,H,2016-05-17,2016-06-08,14,Online,8,6364,1624601.92,1014548.88,610053.04,2016-05-17,2016-06-08,2016-06-08,1c0e7e0befe0d02f6c8a642d50568492,2016-06-08,2016-06-08,
4210,785568225,H,2016-05-19,2016-05-30,25,Online,5,5950,907851,579768,328083,2016-05-19,2016-05-30,2016-05-30,93acf5f0215969dafb793fbaff8cf43f,2016-05-30,2016-05-30,
4211,706497991,H,2016-05-19,2016-05-31,158,Online,5,7310,1115359.8,712286.4,403073.4,2016-05-19,2016-05-31,2016-05-31,85508bad7f7cc8ea2d8455ecf7650f1e,2016-05-31,2016-05-31,
4212,536077725,L,2016-05-19,2016-06-07,77,Online,7,6167,1268551.9,722217.37,546334.53,2016-05-19,2016-06-07,2016-06-07,415b2dae4fe82cb40686acdf36715e5b,2016-06-07,2016-06-07,
4213,205588376,H,2016-05-19,2016-06-18,71,Online,8,7024,1793086.72,1119766.08,673320.64,2016-05-19,2016-06-18,2016-06-18,d2a99a246e3a52ea9efabe4e10f5101d,2016-06-18,2016-06-18,
4214,224126088,H,2016-05-20,2016-06-12,142,Offline,7,2745,564646.5,321466.95,243179.55,2016-05-20,2016-06-12,2016-06-12,5214f2fd862c0848bb6f58e0d12f451b,2016-06-12,2016-06-12,
4215,431739795,L,2016-05-21,2016-06-19,72,Online,1,254,2369.82,1757.68,612.14,2016-05-21,2016-06-19,2016-06-19,8d43050d5b132a716091febbf5e445bb,2016-06-19,2016-06-19,
4216,865858972,M,2016-05-22,2016-05-31,146,Online,2,5766,273596.7,183301.14,90295.56,2016-05-22,2016-05-31,2016-05-31,313c4be41171be17902ebb02c604385a,2016-05-31,2016-05-31,
4217,942882573,L,2016-05-22,2016-06-25,181,Online,1,8761,81740.13,60626.12,21114.01,2016-05-22,2016-06-25,2016-06-25,6b4cdc4e5ba967bbfe35c18bd5fb3440,2016-06-25,2016-06-25,
4218,614321839,H,2016-05-23,2016-07-05,137,Online,9,339,143020.71,123629.91,19390.8,2016-05-23,2016-07-05,2016-07-05,e3122186cbdc789731d620b21e6349de,2016-07-05,2016-07-05,
4219,582560193,L,2016-05-25,2016-05-28,144,Online,12,1362,910183.74,684459.48,225724.26,2016-05-25,2016-05-28,2016-05-28,474594edc8dd2817995aca32e422a076,2016-05-28,2016-05-28,
4221,170953977,L,2016-05-26,2016-07-05,128,Offline,8,7936,2025902.08,1265157.12,760744.96,2016-05-26,2016-07-05,2016-07-05,0ae927b976c4123a6e262623f6bed50a,2016-07-05,2016-07-05,
4222,272419154,L,2016-05-27,2016-06-27,148,Online,3,3736,305343.28,211719.12,93624.16,2016-05-27,2016-06-27,2016-06-27,a334cd5adecf73998ec2121f2ef4a85b,2016-06-27,2016-06-27,
4223,295168149,L,2016-05-28,2016-07-16,45,Offline,1,5669,52891.77,39229.48,13662.29,2016-05-28,2016-07-16,2016-07-16,7149adc86700eccdc24b6d76556ea7e9,2016-07-16,2016-07-16,
4224,114160668,H,2016-05-29,2016-06-06,9,Online,10,1534,670664.8,403948.22,266716.58,2016-05-29,2016-06-06,2016-06-06,c23a35bc8f80a3f6bd3ab739e570d8bb,2016-06-06,2016-06-06,
4225,407220542,L,2016-05-29,2016-07-04,37,Online,7,4463,918039.1,522661.93,395377.17,2016-05-29,2016-07-04,2016-07-04,21cf94fad9b6858a180a623f5ce485d4,2016-07-04,2016-07-04,
4226,313705861,L,2016-05-29,2016-07-10,140,Offline,1,1390,12968.7,9618.8,3349.9,2016-05-29,2016-07-10,2016-07-10,c65b899ea16b4f1324d5d4f9b5dbabf8,2016-07-10,2016-07-10,
4227,217908513,H,2016-05-30,2016-06-23,56,Online,10,2826,1235527.2,744170.58,491356.62,2016-05-30,2016-06-23,2016-06-23,19e8f4b8e850b0ce63b79509f737a232,2016-06-23,2016-06-23,
4228,253055322,H,2016-05-31,2016-06-12,26,Online,2,3548,168352.6,112790.92,55561.68,2016-05-31,2016-06-12,2016-06-12,af98625963c85ef4a5a9f9451c407bfe,2016-06-12,2016-06-12,
4229,535645997,M,2016-05-31,2016-06-18,92,Online,2,8409,399007.05,267322.11,131684.94,2016-05-31,2016-06-18,2016-06-18,762154063a10f2518f121689d2a429e7,2016-06-18,2016-06-18,
4230,936546981,C,2016-06-01,2016-06-10,27,Offline,8,3919,1000442.32,624766.98,375675.34,2016-06-01,2016-06-10,2016-06-10,37d67f8dfda998f33e5f8228125e566c,2016-06-10,2016-06-10,
4231,811978757,C,2016-06-01,2016-06-26,165,Online,12,1413,944265.51,710089.02,234176.49,2016-06-01,2016-06-26,2016-06-26,ac2f76ec5e3e31dd50ddebd6f942ff39,2016-06-26,2016-06-26,
4232,936664998,M,2016-06-01,2016-07-05,91,Offline,6,8843,1362352.58,804093.99,558258.59,2016-06-01,2016-07-05,2016-07-05,5f02c6fff2181a78ecbf0417d66413d7,2016-07-05,2016-07-05,
4233,105030000,C,2016-06-02,2016-06-13,45,Offline,4,9566,1045372.48,342845.44,702527.04,2016-06-02,2016-06-13,2016-06-13,2bbcf4a2b86897a53f3af04aab0e032e,2016-06-13,2016-06-13,
4234,946780145,C,2016-06-02,2016-07-02,151,Online,7,2139,439992.3,250498.29,189494.01,2016-06-02,2016-07-02,2016-07-02,6bce2416ecf99bef4e241a9ea1ca0874,2016-07-02,2016-07-02,
4235,493415153,M,2016-06-03,2016-06-09,176,Offline,1,1363,12716.79,9431.96,3284.83,2016-06-03,2016-06-09,2016-06-09,64490deb385390f1610ad43502ae6c37,2016-06-09,2016-06-09,
4236,412416303,M,2016-06-03,2016-06-11,137,Offline,8,2004,511581.12,319477.68,192103.44,2016-06-03,2016-06-11,2016-06-11,70dc69c0f6b712c1177006588d6804fd,2016-06-11,2016-06-11,
4237,258605134,H,2016-06-03,2016-06-12,27,Online,8,5861,1496196.08,934360.62,561835.46,2016-06-03,2016-06-12,2016-06-12,5879627066b2c69af90f59085396d61c,2016-06-12,2016-06-12,
4238,524586713,C,2016-06-03,2016-06-24,126,Offline,10,5721,2501221.2,1506510.93,994710.27,2016-06-03,2016-06-24,2016-06-24,3a7f802e020e4fa3cb00926714025344,2016-06-24,2016-06-24,
4239,599445664,H,2016-06-03,2016-07-19,173,Offline,3,8148,665936.04,461747.16,204188.88,2016-06-03,2016-07-19,2016-07-19,bc55b42933b51acc28b0d788b5bfe923,2016-07-19,2016-07-19,
4240,300245893,C,2016-06-03,2016-07-19,122,Online,5,8287,1264430.46,807485.28,456945.18,2016-06-03,2016-07-19,2016-07-19,55fea6502c78abffd39a9a6179e09e95,2016-07-19,2016-07-19,
4241,861097943,L,2016-06-04,2016-06-12,48,Online,4,6872,750972.16,246292.48,504679.68,2016-06-04,2016-06-12,2016-06-12,235101d8045191337eea2026ec042ac9,2016-06-12,2016-06-12,
4242,636757123,L,2016-06-04,2016-07-08,19,Offline,6,9438,1454018.28,858197.34,595820.94,2016-06-04,2016-07-08,2016-07-08,94c7f3445357db7a12553f5abdcd9cce,2016-07-08,2016-07-08,
4243,748927533,H,2016-06-04,2016-07-20,68,Online,3,3155,257858.15,178793.85,79064.3,2016-06-04,2016-07-20,2016-07-20,2f7b2a1b897f7442a204d09606d3e4e8,2016-07-20,2016-07-20,
4244,702957475,L,2016-06-05,2016-06-16,25,Online,4,9593,1048323.04,343813.12,704509.92,2016-06-05,2016-06-16,2016-06-16,82b67906af9fb8cb3fb57c11e05d6acb,2016-06-16,2016-06-16,
4245,973268353,H,2016-06-05,2016-06-26,134,Online,2,589,27948.05,18724.31,9223.74,2016-06-05,2016-06-26,2016-06-26,e21f4f65530add4547a7fb3de545ceda,2016-06-26,2016-06-26,
4246,486803185,H,2016-06-05,2016-07-08,8,Online,2,4735,224675.75,150525.65,74150.1,2016-06-05,2016-07-08,2016-07-08,e816544b1314f3e11f33c0aa0a27b4c0,2016-07-08,2016-07-08,
4247,862908542,H,2016-06-06,2016-07-09,95,Offline,12,2668,1782944.36,1340776.72,442167.64,2016-06-06,2016-07-09,2016-07-09,1231fa67ceb35734dc8e9596968a538f,2016-07-09,2016-07-09,
4248,627744472,C,2016-06-07,2016-06-18,129,Online,1,2394,22336.02,16566.48,5769.54,2016-06-07,2016-06-18,2016-06-18,88d190d45f82f97b04250dc7069b00c7,2016-06-18,2016-06-18,
4249,989405381,C,2016-06-07,2016-06-22,97,Offline,1,5894,54991.02,40786.48,14204.54,2016-06-07,2016-06-22,2016-06-22,474749940e1dec728759dbedf4dba7d3,2016-06-22,2016-06-22,
4250,220349538,L,2016-06-07,2016-06-29,113,Online,10,5180,2264696,1364049.4,900646.6,2016-06-07,2016-06-29,2016-06-29,a0afddd3f7f51b56cb211270a354f1f2,2016-06-29,2016-06-29,
4251,376089322,H,2016-06-08,2016-06-27,181,Offline,9,2043,861921.27,745061.67,116859.6,2016-06-08,2016-06-27,2016-06-27,6b8cd4a6fffe60453b22a94700c1e1fa,2016-06-27,2016-06-27,
4252,112154376,C,2016-06-08,2016-07-11,27,Online,2,7827,371391.15,248820.33,122570.82,2016-06-08,2016-07-11,2016-07-11,86a9e8671baaa803fa9ad7dfe8c48ced,2016-07-11,2016-07-11,
4253,781083571,C,2016-06-09,2016-06-18,144,Online,4,8841,966144.48,316861.44,649283.04,2016-06-09,2016-06-18,2016-06-18,9f592aa3a51e77a5aec65875ab8b4609,2016-06-18,2016-06-18,
4254,764592492,M,2016-06-09,2016-07-19,23,Offline,11,8764,5707204.44,4600749.44,1106455,2016-06-09,2016-07-19,2016-07-19,f82299f519aa727b30b395c130c7654c,2016-07-19,2016-07-19,
4255,610781323,C,2016-06-09,2016-07-21,71,Online,6,2621,403791.26,238327.53,165463.73,2016-06-09,2016-07-21,2016-07-21,85608d18dee766591c191e873dd98ca3,2016-07-21,2016-07-21,
4256,589842927,M,2016-06-09,2016-07-28,23,Offline,3,6485,530019.05,367504.95,162514.1,2016-06-09,2016-07-28,2016-07-28,0668340ffc662beebd716d8b26b950d8,2016-07-28,2016-07-28,
4257,394391000,H,2016-06-10,2016-06-23,177,Offline,4,7916,865060.48,283709.44,581351.04,2016-06-10,2016-06-23,2016-06-23,6caa040fd2755fa5efcfa39437dc63f8,2016-06-23,2016-06-23,
4258,271751391,H,2016-06-10,2016-07-09,114,Online,12,6130,4096495.1,3080570.2,1015924.9,2016-06-10,2016-07-09,2016-07-09,4c6eff4c234530ac6985506302da6a66,2016-07-09,2016-07-09,
4259,188351857,C,2016-06-11,2016-07-13,119,Online,12,6355,4246855.85,3193641.7,1053214.15,2016-06-11,2016-07-13,2016-07-13,f87bfb5b62fee20d731cad785325c325,2016-07-13,2016-07-13,
4260,178000676,H,2016-06-11,2016-07-16,72,Offline,10,3210,1403412,845289.3,558122.7,2016-06-11,2016-07-16,2016-07-16,131f7fc6531b383c92460f8fb426ee89,2016-07-16,2016-07-16,
4261,865703618,M,2016-06-12,2016-06-17,27,Online,5,9793,1494215.94,954229.92,539986.02,2016-06-12,2016-06-17,2016-06-17,91c4a675e5e19989fd2b7e18d33d85fa,2016-06-17,2016-06-17,
4262,158754861,M,2016-06-13,2016-07-24,93,Offline,2,7946,377037.7,252603.34,124434.36,2016-06-13,2016-07-24,2016-07-24,f0621ccacd252b41207d905b126a1be2,2016-07-24,2016-07-24,
4263,447839486,H,2016-06-13,2016-07-28,116,Offline,2,4511,214046.95,143404.69,70642.26,2016-06-13,2016-07-28,2016-07-28,1e845f47e3582d9990c9cb1c1b974f2d,2016-07-28,2016-07-28,
4264,374673116,C,2016-06-15,2016-07-04,146,Online,8,2956,754607.68,471245.52,283362.16,2016-06-15,2016-07-04,2016-07-04,e57c19e2e31723a0a11f13e014f40a57,2016-07-04,2016-07-04,
4265,118688666,L,2016-06-16,2016-07-15,184,Online,1,1469,13705.77,10165.48,3540.29,2016-06-16,2016-07-15,2016-07-15,08b5a886abcc883d4a0b269ba4574e0f,2016-07-15,2016-07-15,
4266,845985734,M,2016-06-17,2016-06-28,36,Offline,7,4833,994148.1,565992.63,428155.47,2016-06-17,2016-06-28,2016-06-28,51509c682f09b220517b979406bdf869,2016-06-28,2016-06-28,
4267,889673125,C,2016-06-17,2016-07-09,36,Online,9,2903,1224746.67,1058695.07,166051.6,2016-06-17,2016-07-09,2016-07-09,0c8690dc2547a123a1497c952c6cca27,2016-07-09,2016-07-09,
4268,176820504,H,2016-06-17,2016-07-22,67,Online,9,3971,1675325.19,1448183.99,227141.2,2016-06-17,2016-07-22,2016-07-22,8abf05d69b19a9775d0fbd50292ad859,2016-07-22,2016-07-22,
4269,823236739,M,2016-06-17,2016-08-01,167,Online,11,2900,1888509,1522384,366125,2016-06-17,2016-08-01,2016-08-01,03b0f64e437f87f1aec654f1917056ad,2016-08-01,2016-08-01,
4270,203544747,L,2016-06-18,2016-07-13,158,Online,8,2269,579230.32,361723.98,217506.34,2016-06-18,2016-07-13,2016-07-13,e70294fd91e972c793bd8763db49c41e,2016-07-13,2016-07-13,
4271,103772151,M,2016-06-18,2016-07-22,2,Online,8,7340,1873755.2,1170142.8,703612.4,2016-06-18,2016-07-22,2016-07-22,84285720c166a1d7c036ec914e1f93ef,2016-07-22,2016-07-22,
4272,556665074,M,2016-06-19,2016-06-26,158,Online,6,8421,1297339.26,765721.53,531617.73,2016-06-19,2016-06-26,2016-06-26,1bfb03cec19df7a67952dfb0dc4dc62e,2016-06-26,2016-06-26,
4273,845631682,M,2016-06-19,2016-07-26,49,Online,8,61,15572.08,9724.62,5847.46,2016-06-19,2016-07-26,2016-07-26,4116a153b228b661abe28b6853cddb66,2016-07-26,2016-07-26,
4274,955637443,C,2016-06-20,2016-08-09,63,Online,10,3210,1403412,845289.3,558122.7,2016-06-20,2016-08-09,2016-08-09,cde2f8683b6e549dfa5c072afe202672,2016-08-09,2016-08-09,
4275,635263240,C,2016-06-21,2016-06-27,2,Offline,2,7364,349421.8,234101.56,115320.24,2016-06-21,2016-06-27,2016-06-27,fd867bb95b5ad74dad3ea5f0ae8d1fd0,2016-06-27,2016-06-27,
4276,468936240,M,2016-06-21,2016-07-02,133,Online,6,7509,1156836.54,682793.37,474043.17,2016-06-21,2016-07-02,2016-07-02,055d52ec0dd61dccf658b79293135a6d,2016-07-02,2016-07-02,
4277,225821673,H,2016-06-21,2016-08-03,68,Online,10,4506,1970023.2,1186564.98,783458.22,2016-06-21,2016-08-03,2016-08-03,7972d06439e6e5af45ceb55cc93488e9,2016-08-03,2016-08-03,
4278,294068658,C,2016-06-22,2016-08-06,141,Offline,1,306,2854.98,2117.52,737.46,2016-06-22,2016-08-06,2016-08-06,d8d450279a3c7335e0469ad4ae74659f,2016-08-06,2016-08-06,
4279,404074418,H,2016-06-23,2016-06-30,38,Online,11,3455,2249930.55,1813736.8,436193.75,2016-06-23,2016-06-30,2016-06-30,db9542cc9789481fafbc845f4c82b57d,2016-06-30,2016-06-30,
4280,235464751,H,2016-06-24,2016-08-02,158,Offline,9,8107,3420262.23,2956541.83,463720.4,2016-06-24,2016-08-02,2016-08-02,06298af7c8980dc2d24489a49fa640d8,2016-08-02,2016-08-02,
4281,672102630,C,2016-06-24,2016-08-07,136,Offline,1,8959,83587.47,61996.28,21591.19,2016-06-24,2016-08-07,2016-08-07,904f664f4d5cfc2a225ca9cd70f8826b,2016-08-07,2016-08-07,
4282,609405457,L,2016-06-25,2016-08-03,142,Online,1,5472,51053.76,37866.24,13187.52,2016-06-25,2016-08-03,2016-08-03,d772236976c4b7cbf2c822155f32aad0,2016-08-03,2016-08-03,
4283,696544206,L,2016-06-26,2016-07-05,67,Offline,11,1764,1148734.44,926029.44,222705,2016-06-26,2016-07-05,2016-07-05,70850a53f89b9a575038fcc7f7f66574,2016-07-05,2016-07-05,
4284,966855084,C,2016-06-26,2016-07-16,184,Online,3,2760,225574.8,156409.2,69165.6,2016-06-26,2016-07-16,2016-07-16,d9676d974eeca0ccfa23565ab3454f72,2016-07-16,2016-07-16,
4285,650810182,M,2016-06-26,2016-07-21,35,Offline,6,8050,1240183,731986.5,508196.5,2016-06-26,2016-07-21,2016-07-21,6b9688e1d0dd7066d1ac12988780f85c,2016-07-21,2016-07-21,
4286,156158483,C,2016-06-26,2016-08-05,90,Offline,4,9620,1051273.6,344780.8,706492.8,2016-06-26,2016-08-05,2016-08-05,773654ae26d5ca3aee8f6705cdcc6f9d,2016-08-05,2016-08-05,
4287,600982892,H,2016-06-26,2016-08-07,97,Online,8,3048,778093.44,485912.16,292181.28,2016-06-26,2016-08-07,2016-08-07,5625543a35e7d0575908281e1beab143,2016-08-07,2016-08-07,
4288,794152152,L,2016-06-27,2016-06-29,69,Offline,11,6124,3988010.04,3214855.04,773155,2016-06-27,2016-06-29,2016-06-29,7c0b6f20a9bbc2267727cfcde25672ed,2016-06-29,2016-06-29,
4289,361725556,L,2016-06-27,2016-07-18,137,Offline,6,1485,228779.1,135031.05,93748.05,2016-06-27,2016-07-18,2016-07-18,96565e27feb3635971b2bc56cf9ba0d5,2016-07-18,2016-07-18,
4290,777307021,H,2016-06-28,2016-07-05,61,Online,2,1276,60546.2,40564.04,19982.16,2016-06-28,2016-07-05,2016-07-05,77ad257c77b50ad8f34f91b0e1774965,2016-07-05,2016-07-05,
4291,378216636,H,2016-06-28,2016-08-08,90,Online,4,1562,170695.36,55982.08,114713.28,2016-06-28,2016-08-08,2016-08-08,49f796759b7f3bd19e9239f2edf8a531,2016-08-08,2016-08-08,
4292,413245427,C,2016-06-29,2016-07-02,34,Offline,1,7360,68668.8,50931.2,17737.6,2016-06-29,2016-07-02,2016-07-02,ddbf62dc3ccd9e6217764712df2f6bfb,2016-07-02,2016-07-02,
4293,683320271,C,2016-06-30,2016-07-13,183,Online,12,8508,5685641.16,4275610.32,1410030.84,2016-06-30,2016-07-13,2016-07-13,e064d6fcd146ff35b2907d74488beea7,2016-07-13,2016-07-13,
4294,792735946,H,2016-07-03,2016-07-04,38,Online,8,7038,1796660.64,1121997.96,674662.68,2016-07-03,2016-07-04,2016-07-04,29638c09f1b3ff3e042fd2615506c9cc,2016-07-04,2016-07-04,
4295,755424487,C,2016-07-03,2016-07-17,16,Online,10,5748,2513025.6,1513620.84,999404.76,2016-07-03,2016-07-17,2016-07-17,653c0b65cea76eb2e9f0589a0c051598,2016-07-17,2016-07-17,
4296,909117639,L,2016-07-03,2016-08-10,173,Online,5,6967,1063024.86,678864.48,384160.38,2016-07-03,2016-08-10,2016-08-10,5ffd19094b3ab3f0433dac97a7b3c379,2016-08-10,2016-08-10,
4297,447684133,M,2016-07-03,2016-08-14,147,Offline,5,8538,1302728.04,831942.72,470785.32,2016-07-03,2016-08-14,2016-08-14,b430d8de6ea379c5c5de71922310b32f,2016-08-14,2016-08-14,
4298,158717525,H,2016-07-04,2016-07-17,131,Offline,10,6897,3015368.4,1816187.01,1199181.39,2016-07-04,2016-07-17,2016-07-17,4b1c28b49683685ed985629c6bb40f08,2016-07-17,2016-07-17,
4299,580674922,C,2016-07-04,2016-07-26,129,Online,11,3468,2258396.28,1820561.28,437835,2016-07-04,2016-07-26,2016-07-26,88f9df1e4d112fc5ea3026146f407115,2016-07-26,2016-07-26,
4300,520260417,L,2016-07-04,2016-08-16,150,Offline,5,5474,835222.92,533386.56,301836.36,2016-07-04,2016-08-16,2016-08-16,338b28df1506dff10ca1b3f635cae398,2016-08-16,2016-08-16,
4301,644592607,H,2016-07-06,2016-07-31,18,Offline,11,8131,5294988.51,4268449.76,1026538.75,2016-07-06,2016-07-31,2016-07-31,9f255db2b605af2a82ac636306c7973b,2016-07-31,2016-07-31,
4302,910574185,H,2016-07-06,2016-08-12,124,Online,3,7991,653104.43,452849.97,200254.46,2016-07-06,2016-08-12,2016-08-12,9788fbad8a536581f8ef9874112e0b26,2016-08-12,2016-08-12,
4303,636170041,L,2016-07-07,2016-08-04,60,Offline,10,5707,2495100.4,1502824.31,992276.09,2016-07-07,2016-08-04,2016-08-04,4d5ee43552ae2436b1bfaf2bd0c95f25,2016-08-04,2016-08-04,
4304,286906945,C,2016-07-07,2016-08-21,2,Offline,6,996,153443.76,90566.28,62877.48,2016-07-07,2016-08-21,2016-08-21,eba8e79c7ad3fcd528517b45a6dc9f57,2016-08-21,2016-08-21,
4305,482004821,M,2016-07-08,2016-07-12,177,Offline,8,4793,1223557.04,764100.06,459456.98,2016-07-08,2016-07-12,2016-07-12,5e0c09012661b71ebf19406204c5d962,2016-07-12,2016-07-12,
4306,750033032,C,2016-07-09,2016-08-18,87,Online,5,297,45316.26,28939.68,16376.58,2016-07-09,2016-08-18,2016-08-18,24a80737c5b16a730177df1afda0dde3,2016-08-18,2016-08-18,
4307,647977769,L,2016-07-10,2016-08-03,82,Offline,11,9876,6431349.96,5184504.96,1246845,2016-07-10,2016-08-03,2016-08-03,8b9d42400f779f73e6b09621f75be35a,2016-08-03,2016-08-03,
4308,643648469,M,2016-07-11,2016-08-05,2,Offline,11,8740,5691575.4,4588150.4,1103425,2016-07-11,2016-08-05,2016-08-05,ed21ab3adf8d41a41e7ffa187d856540,2016-08-05,2016-08-05,
4309,181860911,H,2016-07-12,2016-07-15,125,Online,6,5540,853492.4,503752.2,349740.2,2016-07-12,2016-07-15,2016-07-15,4c256556110c2bd55d4631ca735e709a,2016-07-15,2016-07-15,
4310,743185031,M,2016-07-12,2016-07-29,48,Offline,4,3821,417558.88,136944.64,280614.24,2016-07-12,2016-07-29,2016-07-29,ddaeb23951689146867cb74c27c2bbb3,2016-07-29,2016-07-29,
4311,439655959,L,2016-07-12,2016-07-30,62,Online,8,2823,720655.44,450042.66,270612.78,2016-07-12,2016-07-30,2016-07-30,4036096e4ee952e8569476cb9e58a679,2016-07-30,2016-07-30,
4312,946823489,H,2016-07-12,2016-08-30,138,Online,7,4966,1021506.2,581568.26,439937.94,2016-07-12,2016-08-30,2016-08-30,5f54d12f1ab612bd5071783b5afff924,2016-08-30,2016-08-30,
4313,986181581,H,2016-07-13,2016-07-23,121,Offline,9,1900,801591,692911,108680,2016-07-13,2016-07-23,2016-07-23,757a95b2ba82225493d420d41b9ad1d4,2016-07-23,2016-07-23,
4314,825876462,H,2016-07-14,2016-07-28,100,Offline,9,4053,1709920.17,1478088.57,231831.6,2016-07-14,2016-07-28,2016-07-28,9d11651b2282fb00eb216aa2058d2dd9,2016-07-28,2016-07-28,
4315,686627757,H,2016-07-14,2016-08-18,71,Offline,12,7267,4856318.09,3651958.18,1204359.91,2016-07-14,2016-08-18,2016-08-18,eec08c4021ef3b50b14304bd3a721eb6,2016-08-18,2016-08-18,
4316,499362361,M,2016-07-15,2016-09-01,103,Offline,6,1274,196272.44,115844.82,80427.62,2016-07-15,2016-09-01,2016-09-01,4111b943cce9c0307d1e28480d31e429,2016-09-01,2016-09-01,
4317,551118266,L,2016-07-16,2016-08-15,32,Online,8,6997,1786194.16,1115461.74,670732.42,2016-07-16,2016-08-15,2016-08-15,830acdde60168d3e85d60324633a5ec4,2016-08-15,2016-08-15,
4318,538602435,L,2016-07-16,2016-08-19,125,Online,11,3284,2138573.64,1723968.64,414605,2016-07-16,2016-08-19,2016-08-19,7185cd678f23cda2c3117f21431acdf2,2016-08-19,2016-08-19,
4319,386601865,L,2016-07-17,2016-07-26,90,Online,6,2938,452628.28,267152.34,185475.94,2016-07-17,2016-07-26,2016-07-26,6cd2b21aa049167a5e5f1a690c422048,2016-07-26,2016-07-26,
4320,239048612,L,2016-07-17,2016-07-26,137,Online,3,8651,707046.23,490252.17,216794.06,2016-07-17,2016-07-26,2016-07-26,157d91fe218ffac8dc0e94c02e433e31,2016-07-26,2016-07-26,
4321,835637557,L,2016-07-17,2016-08-21,42,Offline,10,2578,1127101.6,678864.74,448236.86,2016-07-17,2016-08-21,2016-08-21,a52cc46c0e35191e0ddde538c2977adc,2016-08-21,2016-08-21,
4322,954065883,L,2016-07-17,2016-09-01,5,Offline,12,8151,5447068.77,4096203.54,1350865.23,2016-07-17,2016-09-01,2016-09-01,f926597230b4d98cef2c5ab6cbdb6479,2016-09-01,2016-09-01,
4323,467600715,L,2016-07-18,2016-07-25,159,Online,3,2297,187733.81,130170.99,57562.82,2016-07-18,2016-07-25,2016-07-25,4e7492c2dddcc6dc0efca0bc47a7569a,2016-07-25,2016-07-25,
4324,897626626,H,2016-07-19,2016-08-27,2,Offline,2,6521,309421.45,207302.59,102118.86,2016-07-19,2016-08-27,2016-08-27,be6f2b770516dc26d5e7d33728145ec9,2016-08-27,2016-08-27,
4325,685329568,M,2016-07-20,2016-07-29,112,Online,3,3104,253689.92,175903.68,77786.24,2016-07-20,2016-07-29,2016-07-29,b683ea13df5c64a2d28eb7a121de7fe8,2016-07-29,2016-07-29,
4326,506722772,M,2016-07-20,2016-08-08,40,Offline,6,9383,1445544.98,853196.19,592348.79,2016-07-20,2016-08-08,2016-08-08,43c2a48c75f88e997db42cdc11caf24a,2016-08-08,2016-08-08,
4327,606377351,H,2016-07-20,2016-08-25,55,Offline,8,9388,2396568.64,1496634.96,899933.68,2016-07-20,2016-08-25,2016-08-25,723fd0a3b79eb8b708b21cf1d718adea,2016-08-25,2016-08-25,
4328,284310567,M,2016-07-20,2016-09-02,172,Offline,10,2670,1167324,703091.1,464232.9,2016-07-20,2016-09-02,2016-09-02,817ea9d4fc4deb58c40dc10b766bbc88,2016-09-02,2016-09-02,
4329,439932334,H,2016-07-21,2016-08-06,122,Online,7,4609,948071.3,539759.99,408311.31,2016-07-21,2016-08-06,2016-08-06,a58d12da7fb750b7d4d14df80425096b,2016-08-06,2016-08-06,
4330,884520709,H,2016-07-22,2016-08-09,148,Online,3,8189,669286.97,464070.63,205216.34,2016-07-22,2016-08-09,2016-08-09,c67f93469752e4f0f8dd03d6cacbf90b,2016-08-09,2016-08-09,
4331,269276034,M,2016-07-22,2016-08-14,166,Offline,3,3617,295617.41,204975.39,90642.02,2016-07-22,2016-08-14,2016-08-14,ac4afe1e2c2d252d2a87e8087d55ca4a,2016-08-14,2016-08-14,
4332,383611094,H,2016-07-22,2016-08-26,18,Online,4,7902,863530.56,283207.68,580322.88,2016-07-22,2016-08-26,2016-08-26,88b27d123a492788f800a000c4711c9c,2016-08-26,2016-08-26,
4333,179618585,L,2016-07-23,2016-08-20,87,Offline,1,1986,18529.38,13743.12,4786.26,2016-07-23,2016-08-20,2016-08-20,5eb545c928694637413a5f79da5fa4a9,2016-08-20,2016-08-20,
4334,140142476,C,2016-07-23,2016-09-02,52,Offline,9,128,54001.92,46680.32,7321.6,2016-07-23,2016-09-02,2016-09-02,2e028af16ef4da619e592d364427dce0,2016-09-02,2016-09-02,
4335,682574832,H,2016-07-24,2016-08-28,72,Offline,4,7916,865060.48,283709.44,581351.04,2016-07-24,2016-08-28,2016-08-28,e3abb10afc3a765d4aab1d371f6ccdd4,2016-08-28,2016-08-28,
4336,670059001,H,2016-07-24,2016-09-01,149,Online,1,4203,39213.99,29084.76,10129.23,2016-07-24,2016-09-01,2016-09-01,88f3aa6cd2e2eedd144e5ad86c782318,2016-09-01,2016-09-01,
4337,649120604,L,2016-07-24,2016-09-08,42,Online,11,8067,5253311.07,4234852.32,1018458.75,2016-07-24,2016-09-08,2016-09-08,7698682c69a4887e7913c986e8682c44,2016-09-08,2016-09-08,
4338,407816636,L,2016-07-25,2016-07-26,112,Offline,10,860,375992,226463.8,149528.2,2016-07-25,2016-07-26,2016-07-26,ac1abdb0752cd0d2fa64de0b352dd291,2016-07-26,2016-07-26,
4339,349802815,C,2016-07-25,2016-08-15,39,Offline,6,3281,505470.86,298341.33,207129.53,2016-07-25,2016-08-15,2016-08-15,71f8ef9f5115321ad37192072e8d1ff0,2016-08-15,2016-08-15,
4340,299739491,M,2016-07-25,2016-09-01,185,Offline,1,8431,78661.23,58342.52,20318.71,2016-07-25,2016-09-01,2016-09-01,5823187a70be30b61d1393dfe9490ca4,2016-09-01,2016-09-01,
4341,597010648,L,2016-07-25,2016-09-02,36,Offline,4,7572,827468.16,271380.48,556087.68,2016-07-25,2016-09-02,2016-09-02,02dd64cdffef33c20c5d9880232a2897,2016-09-02,2016-09-02,
4342,174935233,M,2016-07-26,2016-07-29,147,Online,10,6078,2657301.6,1600519.74,1056781.86,2016-07-26,2016-07-29,2016-07-29,93aecef55292245e1b3350b98939eb24,2016-07-29,2016-07-29,
4343,756843698,H,2016-07-26,2016-08-30,113,Online,1,5724,53404.92,39610.08,13794.84,2016-07-26,2016-08-30,2016-08-30,4bc8c3d7cd4438b9a18e90f73990e734,2016-08-30,2016-08-30,
4344,513611114,H,2016-07-26,2016-09-05,101,Offline,4,7797,852056.16,279444.48,572611.68,2016-07-26,2016-09-05,2016-09-05,0581c371ac6e9f543e33b27e89edec94,2016-09-05,2016-09-05,
4345,349212729,C,2016-07-27,2016-09-11,54,Online,9,8662,3654411.18,3158944.78,495466.4,2016-07-27,2016-09-11,2016-09-11,f12f0ab86377e88b53d254abfa9fd1bf,2016-09-11,2016-09-11,
4346,193472945,M,2016-07-27,2016-09-13,180,Offline,10,1799,786522.8,473730.67,312792.13,2016-07-27,2016-09-13,2016-09-13,5fd429cff7db79830d6b21832c997289,2016-09-13,2016-09-13,
4347,619287574,H,2016-07-28,2016-08-02,63,Online,2,9810,465484.5,311859.9,153624.6,2016-07-28,2016-08-02,2016-08-02,71d400cd097a4a0af53133682cada4b2,2016-08-02,2016-08-02,
4348,976855218,C,2016-07-28,2016-08-08,2,Offline,12,2022,1351241.94,1016135.88,335106.06,2016-07-28,2016-08-08,2016-08-08,5d76cc49d8cc040b477644b0fdf51a1f,2016-08-08,2016-08-08,
4349,760346877,M,2016-07-29,2016-08-06,172,Online,12,2392,1598501.84,1202075.68,396426.16,2016-07-29,2016-08-06,2016-08-06,9ea54e9525ca4606f29b279e97f91f6e,2016-08-06,2016-08-06,
4350,787425172,L,2016-07-29,2016-08-22,123,Online,6,5462,841475.72,496659.66,344816.06,2016-07-29,2016-08-22,2016-08-22,d1f0c66dc36783714df3c763f9f2a3d8,2016-08-22,2016-08-22,
4351,429975545,L,2016-07-29,2016-09-11,2,Online,8,8174,2086658.72,1303099.08,783559.64,2016-07-29,2016-09-11,2016-09-11,c7d36b526c20501725f2afb583eb84d9,2016-09-11,2016-09-11,
4352,394356667,C,2016-07-30,2016-08-04,169,Online,12,7756,5183102.12,3897700.24,1285401.88,2016-07-30,2016-08-04,2016-08-04,7f943d6afbeda87709347d88e93d636f,2016-08-04,2016-08-04,
4353,972289884,H,2016-07-30,2016-08-11,39,Online,2,1038,49253.1,32998.02,16255.08,2016-07-30,2016-08-11,2016-08-11,6a8530cbd0d64b335500315f436e8b66,2016-08-11,2016-08-11,
4354,333942162,L,2016-07-31,2016-08-25,10,Offline,7,9762,2008043.4,1143227.82,864815.58,2016-07-31,2016-08-25,2016-08-25,5d5c322b02684c3a660cef82db2bf32b,2016-08-25,2016-08-25,
4355,591383159,M,2016-08-01,2016-08-15,181,Online,12,2273,1518977.71,1142273.42,376704.29,2016-08-01,2016-08-15,2016-08-15,9c5d161c285df5c56ec9ee3a749f63a2,2016-08-15,2016-08-15,
4356,734843146,H,2016-08-01,2016-08-17,39,Online,10,5272,2304918.4,1388275.76,916642.64,2016-08-01,2016-08-17,2016-08-17,8c0c116348cb39eb4eb138c87b631a56,2016-08-17,2016-08-17,
4357,961466634,H,2016-08-01,2016-08-17,2,Online,2,8198,388995.1,260614.42,128380.68,2016-08-01,2016-08-17,2016-08-17,69f02c9e24d76c6257ea86d24198326c,2016-08-17,2016-08-17,
4358,645421731,L,2016-08-01,2016-08-22,146,Offline,12,3488,2330925.76,1752859.52,578066.24,2016-08-01,2016-08-22,2016-08-22,4091f0ed4d28e11f7c704c47eff744cc,2016-08-22,2016-08-22,
4359,431432092,H,2016-08-01,2016-09-13,167,Offline,4,9198,1005157.44,329656.32,675501.12,2016-08-01,2016-09-13,2016-09-13,2a0b0e4149a0676f83a543ccb98c3b13,2016-09-13,2016-09-13,
4360,368852937,L,2016-08-02,2016-08-15,1,Online,10,636,278059.2,167477.88,110581.32,2016-08-02,2016-08-15,2016-08-15,560d4f3a71b15992f316df8f2ad05df7,2016-08-15,2016-08-15,
4361,809584081,L,2016-08-02,2016-08-18,116,Online,10,2775,1213230,730740.75,482489.25,2016-08-02,2016-08-18,2016-08-18,29b3f756c62cc53495bf8317c75f9c5e,2016-08-18,2016-08-18,
4362,607756221,H,2016-08-03,2016-08-11,139,Online,12,7426,4962573.02,3731862.04,1230710.98,2016-08-03,2016-08-11,2016-08-11,25f2e7499e3a41bd9fe1e60dd525e4f7,2016-08-11,2016-08-11,
4363,597169005,M,2016-08-03,2016-08-14,179,Offline,11,4434,2887465.14,2327672.64,559792.5,2016-08-03,2016-08-14,2016-08-14,d82fec9699dd56bcd41f4aa2ef866392,2016-08-14,2016-08-14,
4364,285571420,C,2016-08-03,2016-09-13,44,Online,3,5784,472726.32,327779.28,144947.04,2016-08-03,2016-09-13,2016-09-13,9e98f37cdd376b885f6cb597f9545c78,2016-09-13,2016-09-13,
4365,640974414,M,2016-08-03,2016-09-20,123,Online,1,7428,69303.24,51401.76,17901.48,2016-08-03,2016-09-20,2016-09-20,94b8456a6a3c0c00cf4c5a43b4ebbad6,2016-09-20,2016-09-20,
4366,545059049,H,2016-08-04,2016-08-08,4,Offline,4,3940,430563.2,141209.6,289353.6,2016-08-04,2016-08-08,2016-08-08,d1da8d59b7b255aa3978360427b51790,2016-08-08,2016-08-08,
4367,709221398,M,2016-08-04,2016-09-23,19,Online,1,3227,30107.91,22330.84,7777.07,2016-08-04,2016-09-23,2016-09-23,81795ca197eefbf0ce08ff3e0a6c62b2,2016-09-23,2016-09-23,
4368,243340575,C,2016-08-06,2016-09-04,140,Offline,2,8739,414665.55,277812.81,136852.74,2016-08-06,2016-09-04,2016-09-04,619b35a0e4cf97f37c72b287641d3d59,2016-09-04,2016-09-04,
4369,785890948,C,2016-08-06,2016-09-24,63,Offline,9,1451,612162.39,529165.19,82997.2,2016-08-06,2016-09-24,2016-09-24,9b98191a62db42bb96bfeee48f5071da,2016-09-24,2016-09-24,
4370,980870807,L,2016-08-07,2016-09-09,21,Offline,5,324,49435.92,31570.56,17865.36,2016-08-07,2016-09-09,2016-09-09,26a730100b53c0791179cc5626bda940,2016-09-09,2016-09-09,
4371,440603101,L,2016-08-07,2016-09-15,9,Online,3,3104,253689.92,175903.68,77786.24,2016-08-07,2016-09-15,2016-09-15,81c85e8e51a2ff6a630da477ce70af8b,2016-09-15,2016-09-15,
4372,806357276,C,2016-08-07,2016-09-18,81,Offline,5,7892,1204161.36,768996.48,435164.88,2016-08-07,2016-09-18,2016-09-18,daf4b90d5362f0c11b1a5e4672bee22a,2016-09-18,2016-09-18,
4373,461187446,M,2016-08-08,2016-08-14,71,Online,1,4469,41695.77,30925.48,10770.29,2016-08-08,2016-08-14,2016-08-14,de84d78fc33c5c1972ace992f1a07840,2016-08-14,2016-08-14,
4374,307376277,C,2016-08-08,2016-08-15,49,Offline,1,8326,77681.58,57615.92,20065.66,2016-08-08,2016-08-15,2016-08-15,12c4c34ad9bae5ceaab99673f5c0861e,2016-08-15,2016-08-15,
4375,851383197,M,2016-08-10,2016-09-05,119,Offline,12,2062,1377972.74,1036237.48,341735.26,2016-08-10,2016-09-05,2016-09-05,3488a523f165da663b786408c9170e37,2016-09-05,2016-09-05,
4376,849454581,M,2016-08-10,2016-09-06,163,Online,11,1342,873923.82,704496.32,169427.5,2016-08-10,2016-09-06,2016-09-06,be530c2e981d7a7c32040858684eff40,2016-09-06,2016-09-06,
4377,857759130,M,2016-08-10,2016-09-28,39,Offline,6,8843,1362352.58,804093.99,558258.59,2016-08-10,2016-09-28,2016-09-28,1962988b7df388ff8f34b6e6d41e0cc6,2016-09-28,2016-09-28,
4379,614054477,C,2016-08-12,2016-08-16,18,Online,6,1220,187953.2,110934.6,77018.6,2016-08-12,2016-08-16,2016-08-16,4d9c00aaee00d98ad84138f8f7699c2f,2016-08-16,2016-08-16,
4380,483110320,H,2016-08-12,2016-09-30,67,Offline,6,1934,297952.04,175858.62,122093.42,2016-08-12,2016-09-30,2016-09-30,d123840bae3a7dc276ce420b056582b4,2016-09-30,2016-09-30,
4381,657505834,H,2016-08-13,2016-08-28,42,Offline,8,9442,2410353.76,1505243.64,905110.12,2016-08-13,2016-08-28,2016-08-28,bf98c9f732eb0523b996e91e3ad31579,2016-08-28,2016-08-28,
4382,364327943,H,2016-08-14,2016-08-26,14,Offline,4,1589,173645.92,56949.76,116696.16,2016-08-14,2016-08-26,2016-08-26,1982e6069bbdaf20a495d9fa4cda577d,2016-08-26,2016-08-26,
4383,834065997,L,2016-08-14,2016-09-14,34,Offline,12,7518,5024053.86,3778095.72,1245958.14,2016-08-14,2016-09-14,2016-09-14,fd6dbc3399fc0d5db8f4a8b86d139c81,2016-09-14,2016-09-14,
4384,933720576,H,2016-08-14,2016-10-01,4,Offline,6,7523,1158993.38,684066.39,474926.99,2016-08-14,2016-10-01,2016-10-01,3c9cc5902625233c395c5c2795bf1871,2016-10-01,2016-10-01,
4385,444854724,L,2016-08-16,2016-08-26,131,Offline,3,1253,102407.69,71007.51,31400.18,2016-08-16,2016-08-26,2016-08-26,0692453c8483315ed84831d3d8c6b659,2016-08-26,2016-08-26,
4386,590479362,L,2016-08-16,2016-08-28,113,Offline,8,4820,1230449.6,768404.4,462045.2,2016-08-16,2016-08-28,2016-08-28,3804c90c8129783705f586f21c586c66,2016-08-28,2016-08-28,
4387,552931869,H,2016-08-16,2016-09-09,34,Offline,9,3682,1553398.98,1342788.58,210610.4,2016-08-16,2016-09-09,2016-09-09,fedde132941db5000efde9a188a04776,2016-09-09,2016-09-09,
4388,322215116,C,2016-08-16,2016-09-11,93,Online,9,9468,3994454.52,3452884.92,541569.6,2016-08-16,2016-09-11,2016-09-11,1816d2427e718362327dcdf1ace21c3a,2016-09-11,2016-09-11,
4389,957926118,L,2016-08-18,2016-09-01,24,Online,5,480,73238.4,46771.2,26467.2,2016-08-18,2016-09-01,2016-09-01,00a02d9c00128fc08c71b937645b0584,2016-09-01,2016-09-01,
4390,172261178,M,2016-08-18,2016-09-13,161,Offline,8,4765,1216409.2,759636.3,456772.9,2016-08-18,2016-09-13,2016-09-13,f54630a677d8d5ce3d198c7a603246f1,2016-09-13,2016-09-13,
4391,947456920,M,2016-08-18,2016-09-30,40,Online,2,2412,114449.4,76677.48,37771.92,2016-08-18,2016-09-30,2016-09-30,15d4b2f1494e6e4650236a27d8cd0a63,2016-09-30,2016-09-30,
4392,525381505,H,2016-08-19,2016-08-27,22,Offline,6,917,141273.02,83382.81,57890.21,2016-08-19,2016-08-27,2016-08-27,6c293b120d1695d46aaccb47ed5863be,2016-08-27,2016-08-27,
4393,273962390,L,2016-08-19,2016-09-05,95,Offline,1,414,3862.62,2864.88,997.74,2016-08-19,2016-09-05,2016-09-05,aff4ef4dfd6286e2d0cefa0ca1ed7843,2016-09-05,2016-09-05,
4394,570997512,L,2016-08-19,2016-09-06,102,Offline,8,9707,2478002.96,1547489.94,930513.02,2016-08-19,2016-09-06,2016-09-06,1d2b4f76cabcec67398d1766a8f55b66,2016-09-06,2016-09-06,
4395,531521403,H,2016-08-19,2016-09-19,86,Offline,1,7850,73240.5,54322,18918.5,2016-08-19,2016-09-19,2016-09-19,baadb23d04d2ffcfecd805f0cb4b605d,2016-09-19,2016-09-19,
4396,566432178,H,2016-08-21,2016-09-09,146,Online,6,8724,1344019.44,793273.32,550746.12,2016-08-21,2016-09-09,2016-09-09,c887ac214a219c038d4ec3e65d06f4cf,2016-09-09,2016-09-09,
4397,874172532,M,2016-08-21,2016-10-02,88,Offline,12,5933,3964845.91,2981569.82,983276.09,2016-08-21,2016-10-02,2016-10-02,348d1335497d2aa2bdbc4305e7066baa,2016-10-02,2016-10-02,
4398,724454629,M,2016-08-21,2016-10-02,177,Offline,2,1079,51198.55,34301.41,16897.14,2016-08-21,2016-10-02,2016-10-02,b64032d246f04b5a079960da4c45c339,2016-10-02,2016-10-02,
4399,265185773,H,2016-08-21,2016-10-05,14,Offline,2,3218,152694.1,102300.22,50393.88,2016-08-21,2016-10-05,2016-10-05,37ad00f85523e0973f8b507e12fd4ddf,2016-10-05,2016-10-05,
4400,291910016,C,2016-08-22,2016-09-27,2,Offline,9,1515,639163.35,552505.35,86658,2016-08-22,2016-09-27,2016-09-27,0c774626733fa0bbb3d81318bba1faab,2016-09-27,2016-09-27,
4401,649477660,L,2016-08-22,2016-10-03,119,Offline,10,3727,1629444.4,981430.91,648013.49,2016-08-22,2016-10-03,2016-10-03,cd5ab8deda1843de880afc8622fdbb71,2016-10-03,2016-10-03,
4402,559466159,C,2016-08-25,2016-09-15,122,Offline,5,7324,1117495.92,713650.56,403845.36,2016-08-25,2016-09-15,2016-09-15,961c7ce3593c8733b5e9a7bb374dd7a7,2016-09-15,2016-09-15,
4403,139201343,H,2016-08-27,2016-09-06,138,Offline,10,1625,710450,427911.25,282538.75,2016-08-27,2016-09-06,2016-09-06,2db786ac0bbc86e80855845b5a197f9d,2016-09-06,2016-09-06,
4404,440565764,M,2016-08-27,2016-09-06,95,Online,2,2055,97509.75,65328.45,32181.3,2016-08-27,2016-09-06,2016-09-06,59761cc34cab07b85a6c188b027a745b,2016-09-06,2016-09-06,
4405,176630818,H,2016-08-27,2016-09-19,21,Offline,6,7839,1207676.34,712800.27,494876.07,2016-08-27,2016-09-19,2016-09-19,6ee0e1319363944909a07cfb8a6420f6,2016-09-19,2016-09-19,
4406,579814469,M,2016-08-27,2016-10-05,184,Offline,4,8841,966144.48,316861.44,649283.04,2016-08-27,2016-10-05,2016-10-05,6dc4e45adacb6b576fe182266c29703f,2016-10-05,2016-10-05,
4407,238737905,H,2016-08-28,2016-08-30,148,Offline,11,6706,4367014.26,3520381.76,846632.5,2016-08-28,2016-08-30,2016-08-30,d5064041042cfedd2dc42972f60f1d6b,2016-08-30,2016-08-30,
4408,232479989,L,2016-08-28,2016-09-01,22,Offline,10,4850,2120420,1277150.5,843269.5,2016-08-28,2016-09-01,2016-09-01,3d89dd983b4b7f38929a4faa8df52157,2016-09-01,2016-09-01,
4409,789592826,C,2016-08-28,2016-10-11,149,Offline,8,6919,1766282.32,1103026.98,663255.34,2016-08-28,2016-10-11,2016-10-11,43f74bc84985402492cd235eeefef4c8,2016-10-11,2016-10-11,
4410,292540442,H,2016-08-29,2016-09-07,158,Offline,12,8073,5394943.71,4057005.42,1337938.29,2016-08-29,2016-09-07,2016-09-07,55b9742024b7a59d146ba7417c53cb70,2016-09-07,2016-09-07,
4411,853746545,L,2016-08-29,2016-10-15,181,Online,4,1430,156270.4,51251.2,105019.2,2016-08-29,2016-10-15,2016-10-15,56457cfd52c729895e7b5fdc900fb7c7,2016-10-15,2016-10-15,
4412,365116727,M,2016-08-30,2016-09-08,80,Offline,12,5008,3346696.16,2516720.32,829975.84,2016-08-30,2016-09-08,2016-09-08,5630ffd0ac0483312e8a18e8c130c7ad,2016-09-08,2016-09-08,
4413,500272166,H,2016-08-30,2016-10-09,152,Online,1,506,4720.98,3501.52,1219.46,2016-08-30,2016-10-09,2016-10-09,cccd2d6eb01b650238d2036f2eeda833,2016-10-09,2016-10-09,
4414,832690131,M,2016-08-31,2016-09-29,113,Offline,3,369,30158.37,20911.23,9247.14,2016-08-31,2016-09-29,2016-09-29,afee0fee791e9aa1d4648be4594e1458,2016-09-29,2016-09-29,
4415,688994109,M,2016-09-01,2016-09-27,6,Online,6,7523,1158993.38,684066.39,474926.99,2016-09-01,2016-09-27,2016-09-27,9e56de7d2f20b4c5b0ca6f982f5f94b6,2016-09-27,2016-09-27,
4416,541440856,M,2016-09-01,2016-09-27,76,Online,3,3236,264478.28,183384.12,81094.16,2016-09-01,2016-09-27,2016-09-27,b981e5d06ea438c96bb16e6ef492b217,2016-09-27,2016-09-27,
4417,304112136,H,2016-09-03,2016-09-07,77,Offline,1,2394,22336.02,16566.48,5769.54,2016-09-03,2016-09-07,2016-09-07,7f3f0476c50d69c66c552bce98093efb,2016-09-07,2016-09-07,
4418,582491528,M,2016-09-03,2016-10-10,67,Offline,3,1042,85162.66,59050.14,26112.52,2016-09-03,2016-10-10,2016-10-10,7faa3ff43fd964f1ca3c4faecfb4a47c,2016-10-10,2016-10-10,
4419,137549102,L,2016-09-04,2016-09-13,27,Offline,2,2691,127687.95,85546.89,42141.06,2016-09-04,2016-09-13,2016-09-13,f9b15db13458d4199444024218f9528d,2016-09-13,2016-09-13,
4420,719339549,C,2016-09-05,2016-09-21,56,Offline,12,7413,4953885.51,3725329.02,1228556.49,2016-09-05,2016-09-21,2016-09-21,54094ef1738fcd38c3f26523a181d729,2016-09-21,2016-09-21,
4421,264163959,C,2016-09-05,2016-09-22,4,Online,2,840,39858,26703.6,13154.4,2016-09-05,2016-09-22,2016-09-22,f68a0db3b9468b9ee88349a0cacfe9f5,2016-09-22,2016-09-22,
4422,463591134,C,2016-09-05,2016-10-01,79,Offline,12,5773,3857922.71,2901163.42,956759.29,2016-09-05,2016-10-01,2016-10-01,3e7d1a6d31a90069908c6aa7b5c427f2,2016-10-01,2016-10-01,
4424,611026370,H,2016-09-06,2016-09-07,142,Online,8,5136,1311118.08,818781.12,492336.96,2016-09-06,2016-09-07,2016-09-07,4b3529d2770f5a5cdcaeb41928d15807,2016-09-07,2016-09-07,
4425,865948665,C,2016-09-10,2016-09-26,72,Online,9,2308,973722.12,841704.52,132017.6,2016-09-10,2016-09-26,2016-09-26,833bd3d10d0a874fa193d9dfa4e98afa,2016-09-26,2016-09-26,
4426,562419593,H,2016-09-10,2016-09-27,41,Offline,12,1311,876101.97,658829.94,217272.03,2016-09-10,2016-09-27,2016-09-27,93042a033120dd3952d90a694a26ff20,2016-09-27,2016-09-27,
4427,874017179,L,2016-09-11,2016-10-19,130,Offline,3,9961,814112.53,564489.87,249622.66,2016-09-11,2016-10-19,2016-10-19,5d0d15288a4b623bddcf028d6e792f40,2016-10-19,2016-10-19,
4428,645111024,C,2016-09-12,2016-09-26,24,Offline,9,1543,650976.27,562716.67,88259.6,2016-09-12,2016-09-26,2016-09-26,49b7d3c700af812855f2f9321ec25ca1,2016-09-26,2016-09-26,
4429,104253232,C,2016-09-14,2016-10-29,9,Offline,6,9703,1494844.18,882293.79,612550.39,2016-09-14,2016-10-29,2016-10-29,efc3e5866020e413d07d015e6cb65abe,2016-10-29,2016-10-29,
4430,203907811,L,2016-09-15,2016-09-26,68,Offline,8,9707,2478002.96,1547489.94,930513.02,2016-09-15,2016-09-26,2016-09-26,ee97489df85e3ec80f2552bc4ac28e62,2016-09-26,2016-09-26,
4431,349060380,H,2016-09-16,2016-09-28,167,Online,8,3578,913391.84,570404.76,342987.08,2016-09-16,2016-09-28,2016-09-28,031436799f12f77e4f2a3e892473e20e,2016-09-28,2016-09-28,
4432,723355138,L,2016-09-16,2016-10-24,31,Offline,2,5715,271176.75,181679.85,89496.9,2016-09-16,2016-10-24,2016-10-24,76ca923c1d3f14f643d99a245f135c60,2016-10-24,2016-10-24,
4433,862485826,C,2016-09-16,2016-10-27,155,Offline,11,7577,4934218.17,3977621.92,956596.25,2016-09-16,2016-10-27,2016-10-27,4738913f6ec84162b37435f4ab8ae48f,2016-10-27,2016-10-27,
4434,621299874,L,2016-09-17,2016-10-08,82,Offline,9,5294,2233485.66,1930668.86,302816.8,2016-09-17,2016-10-08,2016-10-08,7091d3112405723cfb2e7633e7e4c700,2016-10-08,2016-10-08,
4435,217880189,C,2016-09-18,2016-09-23,177,Offline,6,4445,684796.7,404183.85,280612.85,2016-09-18,2016-09-23,2016-09-23,a5a6cb834a03d35ee19ff764af68e2b5,2016-09-23,2016-09-23,
4436,949388539,M,2016-09-18,2016-09-30,153,Online,5,4021,613524.18,391806.24,221717.94,2016-09-18,2016-09-30,2016-09-30,ed2cbb6b435db8e82d94e27c9a99a433,2016-09-30,2016-09-30,
4437,708320605,L,2016-09-18,2016-10-05,137,Offline,1,6662,62156.46,46101.04,16055.42,2016-09-18,2016-10-05,2016-10-05,fabf218738adab37081ea70c9ecf4cca,2016-10-05,2016-10-05,
4438,444385659,M,2016-09-18,2016-10-18,97,Online,12,2447,1635256.69,1229715.38,405541.31,2016-09-18,2016-10-18,2016-10-18,785c829ed70636a639483d0612d67631,2016-10-18,2016-10-18,
4439,402626883,C,2016-09-19,2016-10-08,15,Online,9,5097,2150373.33,1858824.93,291548.4,2016-09-19,2016-10-08,2016-10-08,234c3191547fe0f369a8763465bdb499,2016-10-08,2016-10-08,
4440,548015487,L,2016-09-19,2016-10-09,138,Online,1,8815,82243.95,60999.8,21244.15,2016-09-19,2016-10-09,2016-10-09,a0546e514110ad0d1f126a315cee83d8,2016-10-09,2016-10-09,
4441,761887109,M,2016-09-20,2016-10-14,180,Offline,4,8181,894019.68,293207.04,600812.64,2016-09-20,2016-10-14,2016-10-14,4d44726eb874c0405a0a4c8d1ef085fb,2016-10-14,2016-10-14,
4442,416953313,H,2016-09-20,2016-10-29,138,Offline,2,4606,218554.7,146424.74,72129.96,2016-09-20,2016-10-29,2016-10-29,058217bed7a069b3bf9c17dc508ea237,2016-10-29,2016-10-29,
4443,743113362,H,2016-09-21,2016-10-21,151,Online,8,2612,666791.36,416405.04,250386.32,2016-09-21,2016-10-21,2016-10-21,ac58f4a3997a9d44b26824992483d7a5,2016-10-21,2016-10-21,
4445,946515786,L,2016-09-22,2016-10-04,128,Online,3,3910,319564.3,221579.7,97984.6,2016-09-22,2016-10-04,2016-10-04,fc10c56b3186d6c97a84b13070b2ebc1,2016-10-04,2016-10-04,
4446,115116822,H,2016-09-22,2016-11-01,117,Online,12,4481,2994517.87,2251881.74,742636.13,2016-09-22,2016-11-01,2016-11-01,d54c158459ba65dae9734abcd044c144,2016-11-01,2016-11-01,
4447,601345956,H,2016-09-23,2016-10-20,92,Offline,8,486,124066.08,77478.12,46587.96,2016-09-23,2016-10-20,2016-10-20,ee7d0f27dbd75dc31890477116016903,2016-10-20,2016-10-20,
4448,312379348,C,2016-09-23,2016-11-11,49,Offline,11,8846,5760603.66,4643796.16,1116807.5,2016-09-23,2016-11-11,2016-11-11,faba35855a06c1a08c8b28a1086ea637,2016-11-11,2016-11-11,
4449,742405259,M,2016-09-24,2016-10-24,112,Online,4,3069,335380.32,109992.96,225387.36,2016-09-24,2016-10-24,2016-10-24,91a521f91d6ac523d7bbe65d1c04225d,2016-10-24,2016-10-24,
4450,823286092,L,2016-09-25,2016-09-27,22,Online,12,7505,5015366.35,3771562.7,1243803.65,2016-09-25,2016-09-27,2016-09-27,f22b74e1706b3a08bbe02cfb787913a6,2016-09-27,2016-09-27,
4451,864808833,C,2016-09-25,2016-10-09,65,Offline,7,5007,1029939.9,586369.77,443570.13,2016-09-25,2016-10-09,2016-10-09,9302a1a4b3cb0662d615a828916e74e0,2016-10-09,2016-10-09,
4452,619647634,C,2016-09-25,2016-10-16,62,Offline,6,6360,979821.6,578314.8,401506.8,2016-09-25,2016-10-16,2016-10-16,51ec0243dfc6ba753d0fd67aac4c90bf,2016-10-16,2016-10-16,
4453,384601581,M,2016-09-25,2016-10-19,79,Online,1,1009,9413.97,6982.28,2431.69,2016-09-25,2016-10-19,2016-10-19,7edbdd2f06cf59bdb90b970529d15e3a,2016-10-19,2016-10-19,
4454,351383388,H,2016-09-25,2016-10-30,141,Online,4,1008,110154.24,36126.72,74027.52,2016-09-25,2016-10-30,2016-10-30,b81fdb74caf02e899df2e4d9bbcde4b0,2016-10-30,2016-10-30,
4455,116573369,C,2016-09-25,2016-11-03,3,Offline,9,5505,2322504.45,2007618.45,314886,2016-09-25,2016-11-03,2016-11-03,fd1c6e44c8f0528841b89ac795c7bfa4,2016-11-03,2016-11-03,
4456,806440961,M,2016-09-26,2016-10-04,116,Online,7,2656,546339.2,311044.16,235295.04,2016-09-26,2016-10-04,2016-10-04,f33444d7e2416677ad28d775e5c64fa7,2016-10-04,2016-10-04,
4457,833519256,C,2016-09-26,2016-10-20,149,Offline,4,5725,625628,205184,420444,2016-09-26,2016-10-20,2016-10-20,6fb229f324131b4e927f1332deb7035b,2016-10-20,2016-10-20,
4458,278571069,L,2016-09-26,2016-10-30,122,Online,8,4225,1078558,673549.5,405008.5,2016-09-26,2016-10-30,2016-10-30,6275f444989120ff1bbc59e62639f6d6,2016-10-30,2016-10-30,
4459,355122601,L,2016-09-27,2016-10-05,106,Online,2,7524,357013.8,239187.96,117825.84,2016-09-27,2016-10-05,2016-10-05,f94da1d75e10c9d86fc5c267016bf079,2016-10-05,2016-10-05,
4460,747955071,H,2016-09-27,2016-10-25,155,Offline,4,5382,588144.96,192890.88,395254.08,2016-09-27,2016-10-25,2016-10-25,615a8093fca246dda15d2659259159ab,2016-10-25,2016-10-25,
4461,130781781,M,2016-09-27,2016-10-31,126,Offline,9,90,37970.1,32822.1,5148,2016-09-27,2016-10-31,2016-10-31,babb231f3db32e50511a11f1ccf929c7,2016-10-31,2016-10-31,
4462,348982703,L,2016-09-27,2016-11-02,162,Offline,8,592,151125.76,94376.64,56749.12,2016-09-27,2016-11-02,2016-11-02,4e3d9efdbe6aec326c2f78012399810a,2016-11-02,2016-11-02,
4463,240787541,C,2016-09-27,2016-11-13,57,Offline,12,3239,2164526.53,1627727.06,536799.47,2016-09-27,2016-11-13,2016-11-13,def3ac714128303abb9869b3c5d4cf64,2016-11-13,2016-11-13,
4464,934984433,C,2016-09-28,2016-10-13,77,Online,6,1526,235095.56,138759.18,96336.38,2016-09-28,2016-10-13,2016-10-13,688e037523742060197c715aa3b72df6,2016-10-13,2016-10-13,
4465,471386277,M,2016-09-28,2016-10-17,129,Online,6,2530,389771.8,230052.9,159718.9,2016-09-28,2016-10-17,2016-10-17,7f901df099ab3f59bc398eee2de01b8e,2016-10-17,2016-10-17,
4466,454777181,H,2016-09-28,2016-10-23,22,Offline,3,7529,615345.17,426668.43,188676.74,2016-09-28,2016-10-23,2016-10-23,1cca94e5ae55f5b7597a56b30251d646,2016-10-23,2016-10-23,
4467,579463422,L,2016-09-28,2016-11-01,164,Online,1,4958,46258.14,34309.36,11948.78,2016-09-28,2016-11-01,2016-11-01,8f2b80af916dd6a13145841c6a00fc78,2016-11-01,2016-11-01,
4468,576944720,L,2016-09-30,2016-10-09,163,Offline,10,9619,4205426.8,2532971.27,1672455.53,2016-09-30,2016-10-09,2016-10-09,00420b219cec77a722c9719a19614497,2016-10-09,2016-10-09,
4469,663965451,L,2016-10-01,2016-10-05,130,Offline,2,987,46833.15,31376.73,15456.42,2016-10-01,2016-10-05,2016-10-05,2916b047b7fc070abe280bba5a7204a0,2016-10-05,2016-10-05,
4470,127791011,C,2016-10-01,2016-10-09,154,Offline,2,5055,239859.75,160698.45,79161.3,2016-10-01,2016-10-09,2016-10-09,af4ac7dfa403b0f7bcf02270b870d5b4,2016-10-09,2016-10-09,
4471,113346564,H,2016-10-01,2016-10-14,15,Online,10,622,271938.4,163791.26,108147.14,2016-10-01,2016-10-14,2016-10-14,9b737e5fddcca7118e274ce091d0584a,2016-10-14,2016-10-14,
4472,645309722,C,2016-10-01,2016-11-06,11,Offline,9,342,144286.38,124723.98,19562.4,2016-10-01,2016-11-06,2016-11-06,c94887c30cf9b050efcb189bf9120de8,2016-11-06,2016-11-06,
4473,368622910,L,2016-10-02,2016-10-05,129,Offline,12,2566,1714780.82,1289517.64,425263.18,2016-10-02,2016-10-05,2016-10-05,541a64ab04a91668c2c59224282080e6,2016-10-05,2016-10-05,
4474,622324693,C,2016-10-02,2016-10-21,179,Online,7,8561,1760997.7,1002578.71,758418.99,2016-10-02,2016-10-21,2016-10-21,589bcd384a9a4e8ade3089b0d6874368,2016-10-21,2016-10-21,
4475,202295911,H,2016-10-03,2016-10-11,178,Online,10,2710,1184812,713624.3,471187.7,2016-10-03,2016-10-11,2016-10-11,9c873903f23242ac4d71960247668663,2016-10-11,2016-10-11,
4476,337215316,L,2016-10-03,2016-11-11,162,Offline,8,8360,2134140.8,1332751.2,801389.6,2016-10-03,2016-11-11,2016-11-11,18d6a01ecfcec6bfe7db5a9fd33a2bec,2016-11-11,2016-11-11,
4477,401251018,L,2016-10-05,2016-10-22,102,Online,11,7948,5175817.08,4172382.08,1003435,2016-10-05,2016-10-22,2016-10-22,a3cbf1ecd834ce955a38886078593ee6,2016-10-22,2016-10-22,
4478,112520444,C,2016-10-05,2016-11-12,78,Offline,9,6155,2596732.95,2244666.95,352066,2016-10-05,2016-11-12,2016-11-12,a6a3a7df082bc2e1af61cd4d8bb34573,2016-11-12,2016-11-12,
4479,486461150,M,2016-10-05,2016-11-13,139,Offline,6,3519,542137.14,319982.67,222154.47,2016-10-05,2016-11-13,2016-11-13,3f5c28b479f08b3e432d2522822f8b3a,2016-11-13,2016-11-13,
4480,791446769,L,2016-10-08,2016-11-13,10,Offline,5,5541,845445.78,539915.04,305530.74,2016-10-08,2016-11-13,2016-11-13,2d9c14033a22b161973c4d52037fba11,2016-11-13,2016-11-13,
4481,502244126,M,2016-10-10,2016-10-17,168,Offline,9,4053,1709920.17,1478088.57,231831.6,2016-10-10,2016-10-17,2016-10-17,469166cb41db02253f8e7f74147536df,2016-10-17,2016-10-17,
4482,826357543,L,2016-10-10,2016-11-03,1,Online,2,6415,304391.75,203932.85,100458.9,2016-10-10,2016-11-03,2016-11-03,bb07f4e2b589367490e4ab62bea98bf1,2016-11-03,2016-11-03,
4483,520663821,C,2016-10-11,2016-11-06,152,Offline,10,4850,2120420,1277150.5,843269.5,2016-10-11,2016-11-06,2016-11-06,8c93fa770c24e14b5c6c84792ef8b5aa,2016-11-06,2016-11-06,
4484,474929797,L,2016-10-11,2016-11-22,22,Offline,7,1136,233675.2,133036.96,100638.24,2016-10-11,2016-11-22,2016-11-22,97617446e4fb22e408bb35457f9a9b35,2016-11-22,2016-11-22,
4485,252045524,H,2016-10-13,2016-10-28,7,Offline,9,4726,1993852.14,1723524.94,270327.2,2016-10-13,2016-10-28,2016-10-28,ef9c59d6b5c588fd7ffb007faf017fef,2016-10-28,2016-10-28,
4486,873312079,H,2016-10-14,2016-10-22,80,Online,8,1306,333395.68,208202.52,125193.16,2016-10-14,2016-10-22,2016-10-22,dd948effbb950a69e9b571ce726c0fe7,2016-10-22,2016-10-22,
4487,971038043,L,2016-10-14,2016-11-08,82,Online,11,590,384213.9,309726.4,74487.5,2016-10-14,2016-11-08,2016-11-08,6dd8a65b6a1c08bb2a3916d0fc807f25,2016-11-08,2016-11-08,
4489,133145129,L,2016-10-15,2016-10-19,61,Online,9,9457,3989813.73,3448873.33,540940.4,2016-10-15,2016-10-19,2016-10-19,cb185582deec687272e3bcb5cd413820,2016-10-19,2016-10-19,
4490,623821580,L,2016-10-15,2016-10-31,32,Offline,1,1523,14209.59,10539.16,3670.43,2016-10-15,2016-10-31,2016-10-31,3896d142e91012310d2e8ed0becd7da3,2016-10-31,2016-10-31,
4491,403337991,L,2016-10-15,2016-11-24,34,Offline,6,5529,851797.74,502751.97,349045.77,2016-10-15,2016-11-24,2016-11-24,97e0e457af1a3ec0a2a1950b41edd000,2016-11-24,2016-11-24,
4492,723240125,H,2016-10-16,2016-11-18,78,Offline,10,1680,734496,442394.4,292101.6,2016-10-16,2016-11-18,2016-11-18,2be6fb8c39dbe332e5717811e71c83f9,2016-11-18,2016-11-18,
4493,679552733,L,2016-10-17,2016-11-08,78,Offline,4,3610,394500.8,129382.4,265118.4,2016-10-17,2016-11-08,2016-11-08,5d691821d35e1dd01f51f3c373b668d2,2016-11-08,2016-11-08,
4494,980917155,C,2016-10-17,2016-11-08,98,Offline,9,4039,1704013.71,1472982.91,231030.8,2016-10-17,2016-11-08,2016-11-08,8bf34549c41fc5ccc611325325deffc4,2016-11-08,2016-11-08,
4495,132673060,M,2016-10-18,2016-10-22,78,Offline,7,9762,2008043.4,1143227.82,864815.58,2016-10-18,2016-10-22,2016-10-22,5039da28247b67a3c5f3691060bb864b,2016-10-22,2016-10-22,
4496,292624127,L,2016-10-18,2016-11-13,100,Online,2,2837,134615.65,90188.23,44427.42,2016-10-18,2016-11-13,2016-11-13,a738756e6520c581345f5fb5c808bc5f,2016-11-13,2016-11-13,
4497,151092755,C,2016-10-19,2016-11-11,146,Online,4,559,61087.52,20034.56,41052.96,2016-10-19,2016-11-11,2016-11-11,5c2c1dbf2727c119bf465075347cd699,2016-11-11,2016-11-11,
4498,691360461,C,2016-10-20,2016-11-07,86,Offline,8,7779,1985823.12,1240128.18,745694.94,2016-10-20,2016-11-07,2016-11-07,c2425437382f66d10c8936e1384b15c0,2016-11-07,2016-11-07,
4499,813882052,C,2016-10-20,2016-11-16,59,Online,4,4640,507059.2,166297.6,340761.6,2016-10-20,2016-11-16,2016-11-16,6f9318a774cff04a30c225a74c302492,2016-11-16,2016-11-16,
4500,803294837,H,2016-10-21,2016-11-20,181,Online,11,1648,1073194.08,865134.08,208060,2016-10-21,2016-11-20,2016-11-20,09108e6cc4cfc12c95ae716bd82afa87,2016-11-20,2016-11-20,
4501,849146878,C,2016-10-21,2016-11-30,12,Online,2,286,13570.7,9091.94,4478.76,2016-10-21,2016-11-30,2016-11-30,21a3ea16170b3d3d790d33bfe4658de5,2016-11-30,2016-11-30,
4503,569941365,M,2016-10-24,2016-11-26,34,Online,8,7170,1830357.6,1143041.4,687316.2,2016-10-24,2016-11-26,2016-11-26,f35660fc5b317c7371fc76cb341846d9,2016-11-26,2016-11-26,
4504,600876891,L,2016-10-25,2016-12-11,107,Online,10,1680,734496,442394.4,292101.6,2016-10-25,2016-12-11,2016-12-11,6438b7f09d596d195687da1ba28c0d2d,2016-12-11,2016-12-11,
4505,201668488,C,2016-10-26,2016-10-31,133,Online,3,7042,575542.66,399070.14,176472.52,2016-10-26,2016-10-31,2016-10-31,b09c7b444be2abc60f2a5112f2ef5f42,2016-10-31,2016-10-31,
4506,565376031,L,2016-10-26,2016-11-29,31,Offline,1,6186,57715.38,42807.12,14908.26,2016-10-26,2016-11-29,2016-11-29,7fbcc5d3c34872d6dc1f82431e569057,2016-11-29,2016-11-29,
4507,284595954,C,2016-10-27,2016-10-29,137,Offline,10,7122,3113738.4,1875436.26,1238302.14,2016-10-27,2016-10-29,2016-10-29,8c5ce5186360f50d1f502718540a276d,2016-10-29,2016-10-29,
4508,793810117,C,2016-10-27,2016-11-03,42,Online,5,4909,749015.22,478332.96,270682.26,2016-10-27,2016-11-03,2016-11-03,66dff3da033ce8c5e5a01d5098fa89ef,2016-11-03,2016-11-03,
4509,481976497,H,2016-10-27,2016-12-03,26,Online,1,6411,59814.63,44364.12,15450.51,2016-10-27,2016-12-03,2016-12-03,d86733d8d8b86a6f6141b0400d709579,2016-12-03,2016-12-03,
4510,542272984,C,2016-10-27,2016-12-08,150,Online,11,9481,6174122.01,4977145.76,1196976.25,2016-10-27,2016-12-08,2016-12-08,d8badfcc63bdc330d159c9e8784d0382,2016-12-08,2016-12-08,
4511,487998378,M,2016-10-28,2016-12-01,123,Offline,4,8419,920028.32,301736.96,618291.36,2016-10-28,2016-12-01,2016-12-01,8c5be86a01a53cbabb97e46393356e4c,2016-12-01,2016-12-01,
4512,111893022,L,2016-10-28,2016-12-02,45,Online,8,486,124066.08,77478.12,46587.96,2016-10-28,2016-12-02,2016-12-02,996fe2ece652000d57f959429fc73ccc,2016-12-02,2016-12-02,
4513,269443404,M,2016-10-30,2016-11-05,175,Online,10,3146,1375431.2,828436.18,546995.02,2016-10-30,2016-11-05,2016-11-05,4d606ba1a71279d5e638981de5b008eb,2016-11-05,2016-11-05,
4514,381495797,M,2016-10-31,2016-12-15,12,Offline,8,1939,494987.92,309115.38,185872.54,2016-10-31,2016-12-15,2016-12-15,dcb8747fd2911b009f1604a41892d61f,2016-12-15,2016-12-15,
4515,905036389,L,2016-11-01,2016-11-20,172,Online,7,9234,1899433.8,1081393.74,818040.06,2016-11-01,2016-11-20,2016-11-20,32148d284ba7760a92e6cdd1ec834722,2016-11-20,2016-11-20,
4516,329149806,C,2016-11-01,2016-12-08,49,Online,9,1597,673758.33,582409.93,91348.4,2016-11-01,2016-12-08,2016-12-08,905eeb77cebf3bbfa2fbfdac42f0eea7,2016-12-08,2016-12-08,
4517,403772723,C,2016-11-02,2016-11-13,100,Offline,10,4176,1825747.2,1099666.08,726081.12,2016-11-02,2016-11-13,2016-11-13,ccd8c770f337a9a16ab1a7ba28b023b1,2016-11-13,2016-11-13,
4518,339500987,L,2016-11-02,2016-12-05,148,Offline,8,4741,1210282.48,755810.22,454472.26,2016-11-02,2016-12-05,2016-12-05,42ed384c96643a271a7f0655b88b7401,2016-12-05,2016-12-05,
4519,775666797,C,2016-11-03,2016-12-11,31,Online,1,5897,55019.01,40807.24,14211.77,2016-11-03,2016-12-11,2016-12-11,bf42491846e11219f5a0a23b01de41bf,2016-12-11,2016-12-11,
4520,216625344,L,2016-11-03,2016-12-22,151,Offline,1,3108,28997.64,21507.36,7490.28,2016-11-03,2016-12-22,2016-12-22,02a5768f6171f3de9537ae18fc720305,2016-12-22,2016-12-22,
4521,690220630,C,2016-11-04,2016-11-19,101,Online,12,477,318764.79,239711.58,79053.21,2016-11-04,2016-11-19,2016-11-19,52e19a3f0f5dbc183a64053ddb13fe81,2016-11-19,2016-11-19,
4522,375632274,C,2016-11-08,2016-11-28,70,Online,10,6792,2969462.4,1788537.36,1180925.04,2016-11-08,2016-11-28,2016-11-28,07d8fcf7d46efc97aa2f7b8b80c78bbe,2016-11-28,2016-11-28,
4523,321475684,H,2016-11-08,2016-12-16,109,Offline,5,654,99787.32,63725.76,36061.56,2016-11-08,2016-12-16,2016-12-16,d74bd80cd4af9c4108178fcf61556994,2016-12-16,2016-12-16,
4524,325450932,C,2016-11-09,2016-11-20,41,Online,12,7018,4689918.86,3526825.72,1163093.14,2016-11-09,2016-11-20,2016-11-20,5d343b4a331649ed0cd1877413acca9f,2016-11-20,2016-11-20,
4525,761970794,C,2016-11-09,2016-12-20,157,Online,7,2945,605786.5,344888.95,260897.55,2016-11-09,2016-12-20,2016-12-20,891161fae7c18b2d8e451469a850e3f5,2016-12-20,2016-12-20,
4527,395980584,M,2016-11-10,2016-12-18,52,Online,7,8309,1709161.3,973066.99,736094.31,2016-11-10,2016-12-18,2016-12-18,e3acf11e1914857aa4013709f2518783,2016-12-18,2016-12-18,
4528,485165965,C,2016-11-11,2016-12-14,160,Online,5,245,37382.1,23872.8,13509.3,2016-11-11,2016-12-14,2016-12-14,a9245c6dd89d97274a8c3468ecfa7dce,2016-12-14,2016-12-14,
4529,468320834,M,2016-11-12,2016-12-21,94,Offline,6,5397,831461.82,490749.21,340712.61,2016-11-12,2016-12-21,2016-12-21,2f229035a3c6e8c5447517d639b007ec,2016-12-21,2016-12-21,
4530,239768731,L,2016-11-12,2016-12-22,152,Online,6,1751,269759.06,159218.43,110540.63,2016-11-12,2016-12-22,2016-12-22,e06358c25c3f86a70647d69ad2c7e408,2016-12-22,2016-12-22,
4531,249765861,M,2016-11-13,2016-11-24,169,Online,4,123,13441.44,4408.32,9033.12,2016-11-13,2016-11-24,2016-11-24,cce6293433974ccbd63da200986e060b,2016-11-24,2016-11-24,
4532,170931661,L,2016-11-13,2016-11-25,111,Offline,9,1332,561957.48,485767.08,76190.4,2016-11-13,2016-11-25,2016-11-25,4a34144a2a2697b6a7c60617e19708de,2016-11-25,2016-11-25,
4533,823605811,M,2016-11-13,2016-12-03,10,Offline,12,2117,1414727.59,1063877.18,350850.41,2016-11-13,2016-12-03,2016-12-03,7ab04c7caaafa3e063a0f7977d72e127,2016-12-03,2016-12-03,
4534,320531547,M,2016-11-13,2016-12-21,56,Offline,5,1262,192555.96,122969.28,69586.68,2016-11-13,2016-12-21,2016-12-21,b50e439a13a89fcd523593ca8718967c,2016-12-21,2016-12-21,
4535,301639783,M,2016-11-14,2016-12-02,129,Offline,12,770,514567.9,386955.8,127612.1,2016-11-14,2016-12-02,2016-12-02,8e028016f1e3e9b6f32527615be060dc,2016-12-02,2016-12-02,
4536,646691596,H,2016-11-14,2016-12-13,94,Online,2,9269,439814.05,294661.51,145152.54,2016-11-14,2016-12-13,2016-12-13,23c636000f000a211094caca9b106f36,2016-12-13,2016-12-13,
4537,594699656,L,2016-11-14,2016-12-30,140,Offline,3,3699,302319.27,209622.33,92696.94,2016-11-14,2016-12-30,2016-12-30,06ef438e8a97688d17f6184e31b49b1c,2016-12-30,2016-12-30,
4538,688096320,C,2016-11-15,2016-11-29,166,Offline,8,1847,471502.16,294448.74,177053.42,2016-11-15,2016-11-29,2016-11-29,8462cd9cd5ecf229dccddbc0fa844385,2016-11-29,2016-11-29,
4539,833484923,L,2016-11-15,2016-12-01,111,Offline,4,5566,608252.48,199485.44,408767.04,2016-11-15,2016-12-01,2016-12-01,25503052e68f0c4157c95c04036366b9,2016-12-01,2016-12-01,
4540,713009965,H,2016-11-15,2016-12-16,34,Online,12,4348,2905637.96,2185043.92,720594.04,2016-11-15,2016-12-16,2016-12-16,9bba94c4735bd9c74ebbb820551bc2d1,2016-12-16,2016-12-16,
4541,750439441,H,2016-11-15,2016-12-29,108,Online,5,562,85749.96,54761.28,30988.68,2016-11-15,2016-12-29,2016-12-29,a76ac22104a02f803d4d363d7d66e681,2016-12-29,2016-12-29,
4542,926763570,H,2016-11-16,2016-11-25,171,Offline,4,8790,960571.2,315033.6,645537.6,2016-11-16,2016-11-25,2016-11-25,8463937226b4b6de7c97a9137370a054,2016-11-25,2016-11-25,
4543,706516015,M,2016-11-16,2016-12-19,157,Online,12,2644,1766905.88,1328715.76,438190.12,2016-11-16,2016-12-19,2016-12-19,6e4d2957a54cd5671fd31c512c3a89cf,2016-12-19,2016-12-19,
4544,536095750,C,2016-11-16,2016-12-26,91,Offline,5,1500,228870,146160,82710,2016-11-16,2016-12-26,2016-12-26,de38466fd95f5c7dcf4190dd284d3118,2016-12-26,2016-12-26,
4545,648030126,H,2016-11-17,2016-11-19,40,Online,6,5370,827302.2,488294.1,339008.1,2016-11-17,2016-11-19,2016-11-19,d8321868a0115e426fd67eaa9156548e,2016-11-19,2016-11-19,
4546,704233348,L,2016-11-17,2016-11-26,23,Offline,1,7152,66728.16,49491.84,17236.32,2016-11-17,2016-11-26,2016-11-26,b43ada7d15f938acf1de7af4e6a60608,2016-11-26,2016-11-26,
4547,344619071,H,2016-11-17,2016-12-16,141,Offline,2,9296,441095.2,295519.84,145575.36,2016-11-17,2016-12-16,2016-12-16,075e9b9c5c031df351b9e5c3ee7f7a8d,2016-12-16,2016-12-16,
4548,566795241,C,2016-11-18,2016-11-22,133,Offline,6,6162,949317.72,560310.66,389007.06,2016-11-18,2016-11-22,2016-11-22,34c5907c3bbb034947d1fdb0eb3a1c21,2016-11-22,2016-11-22,
4549,597966802,L,2016-11-18,2016-12-07,93,Offline,1,520,4851.6,3598.4,1253.2,2016-11-18,2016-12-07,2016-12-07,1ba3d5ee8aa325455abd1a966e1015ae,2016-12-07,2016-12-07,
4550,236423909,H,2016-11-18,2016-12-28,131,Offline,3,1943,158801.39,110109.81,48691.58,2016-11-18,2016-12-28,2016-12-28,7e6654e9e5ed536fb95dda3a9d4cac67,2016-12-28,2016-12-28,
4551,237762439,H,2016-11-21,2016-12-04,175,Offline,8,8044,2053472.32,1282374.48,771097.84,2016-11-21,2016-12-04,2016-12-04,ae4567b4c0aedb3625af3cdac3793307,2016-12-04,2016-12-04,
4552,374964511,M,2016-11-21,2016-12-09,95,Online,1,9186,85705.38,63567.12,22138.26,2016-11-21,2016-12-09,2016-12-09,7c1f1ba1f7214d5b52c6f62a67f9485f,2016-12-09,2016-12-09,
4553,121380746,C,2016-11-21,2016-12-18,66,Online,1,8115,75712.95,56155.8,19557.15,2016-11-21,2016-12-18,2016-12-18,74408074e96c286e9d74c7750e091dbd,2016-12-18,2016-12-18,
4554,410229337,M,2016-11-21,2016-12-22,28,Online,11,4832,3146646.72,2536606.72,610040,2016-11-21,2016-12-22,2016-12-22,5801481c8878afd942a50255fcbad93b,2016-12-22,2016-12-22,
4555,223199975,L,2016-11-21,2017-01-04,134,Online,2,8687,412198.15,276159.73,136038.42,2016-11-21,2017-01-04,2017-01-04,82805510e8ce58efd678a3f3c492c2e9,2017-01-04,2017-01-04,
4556,316596639,C,2016-11-22,2016-12-04,71,Offline,1,6836,63779.88,47305.12,16474.76,2016-11-22,2016-12-04,2016-12-04,f6ac810a91f23c20ceb0e0fdad0b7048,2016-12-04,2016-12-04,
4557,674164283,L,2016-11-22,2016-12-10,53,Offline,8,9048,2309773.44,1442432.16,867341.28,2016-11-22,2016-12-10,2016-12-10,71ab87d5fa9af2bb4659094e1957e907,2016-12-10,2016-12-10,
4558,226939189,H,2016-11-23,2016-12-10,158,Offline,8,5204,1328477.12,829621.68,498855.44,2016-11-23,2016-12-10,2016-12-10,46f97ab7565218b11facd8943d2e496a,2016-12-10,2016-12-10,
4559,613513743,H,2016-11-23,2016-12-31,130,Offline,12,1205,805265.35,605560.7,199704.65,2016-11-23,2016-12-31,2016-12-31,0b608ea16eefe00b2ebc96f8242ec035,2016-12-31,2016-12-31,
4560,873237407,L,2016-11-24,2016-11-25,60,Offline,3,9209,752651.57,521874.03,230777.54,2016-11-24,2016-11-25,2016-11-25,b1b8bbe397212074048897d0e7011676,2016-11-25,2016-11-25,
4561,723637521,H,2016-11-24,2016-12-20,166,Offline,1,9278,86563.74,64203.76,22359.98,2016-11-24,2016-12-20,2016-12-20,215ef93cd40792e7ed598ced4357196f,2016-12-20,2016-12-20,
4562,147750937,M,2016-11-24,2017-01-06,36,Offline,12,1641,1096631.07,824668.14,271962.93,2016-11-24,2017-01-06,2017-01-06,24a20408382eedbdfb47eec4ba779cf0,2017-01-06,2017-01-06,
4563,848087728,M,2016-11-25,2016-12-30,71,Online,10,6860,2999192,1806443.8,1192748.2,2016-11-25,2016-12-30,2016-12-30,9ce1061c5a1154fbe59002be1cf78c14,2016-12-30,2016-12-30,
4564,652635800,H,2016-11-25,2017-01-14,78,Online,11,8291,5399182.11,4352443.36,1046738.75,2016-11-25,2017-01-14,2017-01-14,475e1263b1dd114f7babf16d0db9f850,2017-01-14,2017-01-14,
4565,122365224,C,2016-11-26,2016-12-22,13,Offline,9,9444,3984329.16,3444132.36,540196.8,2016-11-26,2016-12-22,2016-12-22,44f5aa0414946778f6718aa6c2912acc,2016-12-22,2016-12-22,
4566,995404946,H,2016-11-26,2016-12-31,141,Offline,1,1299,12119.67,8989.08,3130.59,2016-11-26,2016-12-31,2016-12-31,4a4fbec573620a185368b9f3f283b616,2016-12-31,2016-12-31,
4567,797788369,L,2016-11-27,2016-11-28,185,Online,11,2162,1407916.02,1134963.52,272952.5,2016-11-27,2016-11-28,2016-11-28,dd5e68852c6b84573cf00854761209cf,2016-11-28,2016-11-28,
4568,184708344,H,2016-11-27,2016-12-02,32,Online,6,8159,1256975.54,741897.87,515077.67,2016-11-27,2016-12-02,2016-12-02,766a0bf78aae09703639f15500cc9627,2016-12-02,2016-12-02,
4569,826677262,M,2016-11-28,2017-01-09,164,Online,2,1027,48731.15,32648.33,16082.82,2016-11-28,2017-01-09,2017-01-09,133bf7006795507d7907eca9d3adb74e,2017-01-09,2017-01-09,
4570,953528153,H,2016-11-28,2017-01-16,20,Offline,12,9025,6031136.75,4535423.5,1495713.25,2016-11-28,2017-01-16,2017-01-16,211765da5da15b75503f0a6485a614e3,2017-01-16,2017-01-16,
4572,716317451,H,2016-11-29,2016-12-01,165,Offline,12,3107,2076314.89,1561391.78,514923.11,2016-11-29,2016-12-01,2016-12-01,73c584639d1167b7ef65441a06b77bc7,2016-12-01,2016-12-01,
4573,531216704,L,2016-11-29,2016-12-13,87,Offline,6,7682,1183488.92,698524.26,484964.66,2016-11-29,2016-12-13,2016-12-13,7a16e740de245d23069e42d213d23a81,2016-12-13,2016-12-13,
4574,433608758,L,2016-11-29,2016-12-21,146,Offline,6,3322,511787.32,302069.46,209717.86,2016-11-29,2016-12-21,2016-12-21,61b05f236fe2165279e0530b5b9d01bc,2016-12-21,2016-12-21,
4575,391849982,H,2016-11-30,2016-12-11,75,Offline,7,5972,1228440.4,699380.92,529059.48,2016-11-30,2016-12-11,2016-12-11,3137652d4d34a64cb1d5648a97ef38c7,2016-12-11,2016-12-11,
4576,181953608,C,2016-11-30,2016-12-31,135,Offline,9,2971,1253435.19,1083493.99,169941.2,2016-11-30,2016-12-31,2016-12-31,914a0e41b3e083f8ca2a8a6ffdb7466a,2016-12-31,2016-12-31,
4577,633035933,M,2016-11-30,2016-12-31,62,Online,8,8255,2107336.4,1316012.1,791324.3,2016-11-30,2016-12-31,2016-12-31,0c2c4cc6a18c28ea5ab2b15ec3983446,2016-12-31,2016-12-31,
4578,339740025,C,2016-12-01,2016-12-04,148,Offline,11,5478,3567328.38,2875730.88,691597.5,2016-12-01,2016-12-04,2016-12-04,05e784dc379421b4ba9c85a235e8b606,2016-12-04,2016-12-04,
4579,562034213,M,2016-12-01,2016-12-04,51,Offline,10,7268,3177569.6,1913882.44,1263687.16,2016-12-01,2016-12-04,2016-12-04,ca6afaa8909f6444d0d3f66f87aa8969,2016-12-04,2016-12-04,
4580,437347972,C,2016-12-01,2017-01-16,96,Online,11,9839,6407255.19,5165081.44,1242173.75,2016-12-01,2017-01-16,2017-01-16,36bf45b754003d36ad1cefef613994e7,2017-01-16,2017-01-16,
4581,526533353,M,2016-12-02,2017-01-12,75,Online,1,1775,16560.75,12283,4277.75,2016-12-02,2017-01-12,2017-01-12,eba1ad99446dc784b4a84fcac4be52c0,2017-01-12,2017-01-12,
4582,929598987,C,2016-12-03,2017-01-03,14,Online,1,7853,73268.49,54342.76,18925.73,2016-12-03,2017-01-03,2017-01-03,7e052e0cb35b4b096b3359d5d6bfd25a,2017-01-03,2017-01-03,
4583,469740045,C,2016-12-05,2016-12-14,80,Online,11,5373,3498951.33,2820610.08,678341.25,2016-12-05,2016-12-14,2016-12-14,66a149ff72eb4efc1f541b35ab61bf6d,2016-12-14,2016-12-14,
4584,390905845,H,2016-12-05,2016-12-15,112,Offline,10,6581,2877213.2,1732974.73,1144238.47,2016-12-05,2016-12-15,2016-12-15,008fc0c1de674bd1f04a924d5aebc6be,2016-12-15,2016-12-15,
4585,902048623,H,2016-12-05,2016-12-20,121,Online,10,5088,2224473.6,1339823.04,884650.56,2016-12-05,2016-12-20,2016-12-20,808c45ca0ef817ff9b57ade76213e55f,2016-12-20,2016-12-20,
4586,303531062,H,2016-12-05,2017-01-14,112,Offline,1,441,4114.53,3051.72,1062.81,2016-12-05,2017-01-14,2017-01-14,86350e4e707dbc291e9c40ca3f15dc49,2017-01-14,2017-01-14,
4587,789760196,C,2016-12-06,2017-01-02,11,Online,3,6447,526913.31,365351.49,161561.82,2016-12-06,2017-01-02,2017-01-02,893b7f047759bdd6443e23b1e7671987,2017-01-02,2017-01-02,
4588,253349721,C,2016-12-06,2017-01-06,161,Online,5,667,101770.86,64992.48,36778.38,2016-12-06,2017-01-06,2017-01-06,e87a24e16dd9b61a2a0ec9fcd727889c,2017-01-06,2017-01-06,
4589,766893184,M,2016-12-06,2017-01-10,42,Offline,9,9590,4045925.1,3497377.1,548548,2016-12-06,2017-01-10,2017-01-10,774f59b9307b87386568b1236c2dcb22,2017-01-10,2017-01-10,
4590,980646789,L,2016-12-07,2016-12-20,157,Offline,12,4032,2694464.64,2026241.28,668223.36,2016-12-07,2016-12-20,2016-12-20,1e8ae102128edeb9ed4656ab946c10ec,2016-12-20,2016-12-20,
4591,519213283,M,2016-12-07,2016-12-24,92,Online,12,5603,3744316.81,2815731.62,928585.19,2016-12-07,2016-12-24,2016-12-24,ebc90548a516b9c25ee37568648bcf73,2016-12-24,2016-12-24,
4592,284403264,C,2016-12-07,2016-12-27,37,Offline,6,101,15560.06,9183.93,6376.13,2016-12-07,2016-12-27,2016-12-27,2bb6a02a48993ff2b5ea593a5672c392,2016-12-27,2016-12-27,
4593,571323239,M,2016-12-07,2017-01-01,11,Online,6,6097,939303.82,554400.21,384903.61,2016-12-07,2017-01-01,2017-01-01,356265a0abd6f8ac311ede89579f6ce3,2017-01-01,2017-01-01,
4594,928654849,H,2016-12-07,2017-01-07,158,Online,6,8461,1303501.66,769358.73,534142.93,2016-12-07,2017-01-07,2017-01-07,35f24abcdfbac0c4b3ac23521aa99092,2017-01-07,2017-01-07,
4595,832975518,H,2016-12-08,2017-01-15,57,Offline,9,4821,2033931.69,1758170.49,275761.2,2016-12-08,2017-01-15,2017-01-15,fc6cf54e87199a265315533c81f63dbe,2017-01-15,2017-01-15,
4596,913502299,L,2016-12-10,2017-01-14,16,Offline,6,4485,690959.1,407821.05,283138.05,2016-12-10,2017-01-14,2017-01-14,554cf0ed065194a379746f5bb5050da8,2017-01-14,2017-01-14,
4597,711792457,C,2016-12-11,2016-12-13,67,Online,1,4060,37879.8,28095.2,9784.6,2016-12-11,2016-12-13,2016-12-13,4ab3ca2f1481217892e422d9b3953f03,2016-12-13,2016-12-13,
4598,728401553,C,2016-12-11,2017-01-27,148,Offline,8,9061,2313092.08,1444504.62,868587.46,2016-12-11,2017-01-27,2017-01-27,b03d1ec8a3121a0db0c203404a2a567b,2017-01-27,2017-01-27,
4599,863202941,L,2016-12-12,2016-12-13,37,Offline,9,9787,4129037.43,3569221.03,559816.4,2016-12-12,2016-12-13,2016-12-13,c56d409c8391cded9fc712883508b9a0,2016-12-13,2016-12-13,
4600,921216762,L,2016-12-13,2017-01-14,177,Offline,6,7366,1134805.96,669790.38,465015.58,2016-12-13,2017-01-14,2017-01-14,54aaa150e9cec9c41d9d87ba6b0d377b,2017-01-14,2017-01-14,
4601,328721082,L,2016-12-14,2016-12-18,33,Online,8,4728,1206963.84,753737.76,453226.08,2016-12-14,2016-12-18,2016-12-18,5ba80951b2f7acea26d0ccea636221b6,2016-12-18,2016-12-18,
4602,998004329,L,2016-12-14,2016-12-20,51,Offline,8,514,131213.92,81941.88,49272.04,2016-12-14,2016-12-20,2016-12-20,7db0af6b69caec02ff57875abafa24e3,2016-12-20,2016-12-20,
4603,914840829,M,2016-12-14,2016-12-23,165,Offline,4,586,64038.08,21002.24,43035.84,2016-12-14,2016-12-23,2016-12-23,6ff5e9ba06627310b86595efd61b18ec,2016-12-23,2016-12-23,
4604,263977277,H,2016-12-15,2017-01-10,138,Offline,11,5597,3644822.37,2938201.12,706621.25,2016-12-15,2017-01-10,2017-01-10,e4706108a2b5b6f8863e3506e0218b0a,2017-01-10,2017-01-10,
4605,112330758,C,2016-12-15,2017-01-11,90,Offline,11,22,14326.62,11549.12,2777.5,2016-12-15,2017-01-11,2017-01-11,1372c3384cbca6bbcd2f76df9d91e0d1,2017-01-11,2017-01-11,
4606,966360700,L,2016-12-16,2017-01-27,3,Offline,3,6461,528057.53,366144.87,161912.66,2016-12-16,2017-01-27,2017-01-27,ca8667dc394a0603a4c3ae03c5571b6f,2017-01-27,2017-01-27,
4607,719034850,M,2016-12-16,2017-02-04,105,Offline,4,7246,791842.88,259696.64,532146.24,2016-12-16,2017-02-04,2017-02-04,5c522291e8e3ec5da8d5469f36ddd538,2017-02-04,2017-02-04,
4608,396732032,M,2016-12-17,2016-12-23,128,Offline,1,679,6335.07,4698.68,1636.39,2016-12-17,2016-12-23,2016-12-23,47c291aff3ae61485785e1c009b23ef1,2016-12-23,2016-12-23,
4609,450652587,C,2016-12-17,2017-01-25,44,Online,5,6970,1063482.6,679156.8,384325.8,2016-12-17,2017-01-25,2017-01-25,362b1d0dd8b3928259293b68c0bc0899,2017-01-25,2017-01-25,
4610,209584653,H,2016-12-17,2017-01-30,181,Offline,6,9611,1480670.66,873928.23,606742.43,2016-12-17,2017-01-30,2017-01-30,1ef6b89085aba8dbe0adf76333ec95f4,2017-01-30,2017-01-30,
4611,670900142,C,2016-12-18,2017-01-02,27,Offline,8,3116,795452.48,496752.72,298699.76,2016-12-18,2017-01-02,2017-01-02,dd655d603245d4350000baf1bffedf66,2017-01-02,2017-01-02,
4612,660312926,C,2016-12-18,2017-01-05,164,Offline,4,123,13441.44,4408.32,9033.12,2016-12-18,2017-01-05,2017-01-05,6f5e17b26c3642688499f2c595beb793,2017-01-05,2017-01-05,
4613,805937564,C,2016-12-18,2017-01-07,179,Offline,10,3690,1613268,971687.7,641580.3,2016-12-18,2017-01-07,2017-01-07,3258cdf8e44ddbdf71603c75c55a7bfb,2017-01-07,2017-01-07,
4614,843012988,H,2016-12-19,2016-12-26,80,Offline,1,5132,47881.56,35513.44,12368.12,2016-12-19,2016-12-26,2016-12-26,946888928fb277a8de4d6b498fbc6cc6,2016-12-26,2016-12-26,
4615,707857549,M,2016-12-20,2017-01-16,174,Online,12,9634,6438113.18,4841470.36,1596642.82,2016-12-20,2017-01-16,2017-01-16,d1676929b8b211b54193561ac121463f,2017-01-16,2017-01-16,
4616,358594453,L,2016-12-20,2017-02-02,145,Offline,5,4922,750998.76,479599.68,271399.08,2016-12-20,2017-02-02,2017-02-02,fef19c178cfd76d7d31c4339a1a32599,2017-02-02,2017-02-02,
4617,244023358,L,2016-12-21,2017-01-22,180,Offline,2,789,37438.05,25082.31,12355.74,2016-12-21,2017-01-22,2017-01-22,cae958e3b19a4d6d71c3192fb744a822,2017-01-22,2017-01-22,
4618,963251912,M,2016-12-21,2017-02-01,130,Offline,3,6501,531326.73,368411.67,162915.06,2016-12-21,2017-02-01,2017-02-01,d6e8ca357cbf2849d8da297a417921ca,2017-02-01,2017-02-01,
4619,524449384,M,2016-12-22,2017-01-29,27,Offline,2,5082,241140.9,161556.78,79584.12,2016-12-22,2017-01-29,2017-01-29,7c4d7f0da8acb1a64c63a133d494118e,2017-01-29,2017-01-29,
4620,692704999,C,2016-12-23,2017-01-24,23,Online,12,5657,3780403.39,2842868.78,937534.61,2016-12-23,2017-01-24,2017-01-24,f73d6127b9e7c50ad4e4f8b756247669,2017-01-24,2017-01-24,
4621,877687728,C,2016-12-23,2017-02-07,91,Offline,3,6158,503293.34,348973.86,154319.48,2016-12-23,2017-02-07,2017-02-07,bf410e6604acfb92b539bea30a6e16b0,2017-02-07,2017-02-07,
4622,975177657,M,2016-12-24,2017-01-05,56,Offline,1,5594,52192.02,38710.48,13481.54,2016-12-24,2017-01-05,2017-01-05,ad9904b50e4af144b7ad8b9e196577ad,2017-01-05,2017-01-05,
4623,118747031,H,2016-12-24,2017-02-10,10,Offline,6,8740,1346484.4,794728.2,551756.2,2016-12-24,2017-02-10,2017-02-10,7ad9ad0996af90435982a01317ea8291,2017-02-10,2017-02-10,
4624,420111453,L,2016-12-24,2017-02-10,120,Online,7,9170,1886269,1073898.7,812370.3,2016-12-24,2017-02-10,2017-02-10,4c8de523df3ab1eac1759ea9051fd642,2017-02-10,2017-02-10,
4625,467774093,L,2016-12-25,2017-01-26,35,Offline,11,3604,2346960.84,1891955.84,455005,2016-12-25,2017-01-26,2017-01-26,2b50e48a5ac71702e683662e30fc60a2,2017-01-26,2017-01-26,
4626,378352677,H,2016-12-25,2017-01-30,12,Online,2,1820,86359,57857.8,28501.2,2016-12-25,2017-01-30,2017-01-30,80395b02c1d1784ab027ee57669d7210,2017-01-30,2017-01-30,
4627,511461484,H,2016-12-25,2017-02-05,35,Offline,2,1674,79431.3,53216.46,26214.84,2016-12-25,2017-02-05,2017-02-05,8c27d30886e7779e251cbe5e9d227d7a,2017-02-05,2017-02-05,
4629,480053889,M,2016-12-26,2017-01-22,150,Online,1,7469,69685.77,51685.48,18000.29,2016-12-26,2017-01-22,2017-01-22,5c0d2fc5e762d1ca0ab32c0239a28251,2017-01-22,2017-01-22,
4630,691760861,C,2016-12-27,2017-01-28,18,Offline,4,6266,684748.48,224573.44,460175.04,2016-12-27,2017-01-28,2017-01-28,8f6298999c98dd0bd5a11f75951deb94,2017-01-28,2017-01-28,
4631,683220279,L,2016-12-28,2017-01-06,109,Offline,7,8918,1834432.6,1044386.98,790045.62,2016-12-28,2017-01-06,2017-01-06,1211ac0c1d5b4b7cf2847c57c3c7a33b,2017-01-06,2017-01-06,
4632,523269212,M,2016-12-28,2017-02-04,107,Online,10,5843,2554559.6,1538637.19,1015922.41,2016-12-28,2017-02-04,2017-02-04,c4b15a4e85d7dbc56fa1bd755e24f23d,2017-02-04,2017-02-04,
4633,961835706,H,2016-12-28,2017-02-08,174,Online,10,7414,3241400.8,1952328.62,1289072.18,2016-12-28,2017-02-08,2017-02-08,91c1dc5ba120698c29475d274ae45d4e,2017-02-08,2017-02-08,
4634,705733239,M,2016-12-30,2017-01-25,93,Offline,8,1003,256045.84,159898.26,96147.58,2016-12-30,2017-01-25,2017-01-25,d4fb60c406736bbb02789c1953b22139,2017-01-25,2017-01-25,
4635,655905950,H,2016-12-30,2017-02-11,158,Online,12,6001,4010288.27,3015742.54,994545.73,2016-12-30,2017-02-11,2017-02-11,0c9325c7a4da68835f412801eef71389,2017-02-11,2017-02-11,
4636,707661855,M,2016-12-31,2017-01-26,79,Offline,1,1723,16075.59,11923.16,4152.43,2016-12-31,2017-01-26,2017-01-26,6e822233cbe9f26cc1f443669c23d6fc,2017-01-26,2017-01-26,
4637,115166175,L,2016-12-31,2017-02-17,93,Online,2,9085,431083.25,288812.15,142271.1,2016-12-31,2017-02-17,2017-02-17,26675fa620515876d5f5c1a0ba8412e8,2017-02-17,2017-02-17,
4907,151312482,H,2017-06-06,,84,Online,10,5581,2440013.2,1469644.73,970368.47,2017-06-06,2017-06-06,2017-07-12,4a2a3c6d597582b734babf215e8d40c7,2017-06-06,2017-06-06,2017-07-12
4909,625025784,H,2017-06-07,,122,Online,8,7874,2010074.72,1255273.08,754801.64,2017-06-07,2017-06-07,2017-07-04,3169c7b0522ada4735cbbf4f36729807,2017-06-07,2017-06-07,2017-07-04
4910,741525495,H,2017-06-07,,141,Offline,10,2727,1192244.4,718100.91,474143.49,2017-06-07,2017-06-07,2017-07-16,b0223102f2f6d8279225241b56a34795,2017-06-07,2017-06-07,2017-07-16
4911,710117900,M,2017-06-08,,69,Offline,9,8522,3595346.58,3107888.18,487458.4,2017-06-08,2017-06-08,2017-07-02,eb885184d0b0f64a07907f4801524d55,2017-06-08,2017-06-08,2017-07-02
4912,385886466,M,2017-06-08,,97,Offline,4,1235,134960.8,44262.4,90698.4,2017-06-08,2017-06-08,2017-07-10,3e68d490c3349166205c39e1afa14d94,2017-06-08,2017-06-08,2017-07-10
4913,980192744,M,2017-06-08,,162,Offline,8,9670,2468557.6,1541591.4,926966.2,2017-06-08,2017-06-08,2017-07-12,56226d3b2726fb335d80b9205b590ac6,2017-06-08,2017-06-08,2017-07-12
4914,111246287,M,2017-06-09,,43,Offline,9,9103,3840464.67,3319773.07,520691.6,2017-06-09,2017-06-09,2017-07-02,07968a4eb1715a372e82f6998e8a9024,2017-06-09,2017-06-09,2017-07-02
4915,252541625,C,2017-06-09,,127,Offline,8,1534,391599.52,244550.28,147049.24,2017-06-09,2017-06-09,2017-07-05,e18918ab7c5d163c37b7607c584a40d1,2017-06-09,2017-06-09,2017-07-05
4916,897029244,M,2017-06-09,,119,Online,12,9742,6510286.34,4895744.68,1614541.66,2017-06-09,2017-06-09,2017-07-16,cc767b60c83cddedc945f8313295a853,2017-06-09,2017-06-09,2017-07-16
4918,333304440,L,2017-06-11,,43,Online,9,1046,441296.94,381465.74,59831.2,2017-06-11,2017-06-11,2017-07-05,c0008e815bd455be72e3e0e72ed41feb,2017-06-11,2017-06-11,2017-07-05
4919,886205995,H,2017-06-11,,64,Online,12,6902,4612399.54,3468531.08,1143868.46,2017-06-11,2017-06-11,2017-07-21,b0a8e0179ea410053d9d643069a2dc7e,2017-06-11,2017-06-11,2017-07-21
4921,812921607,H,2017-06-13,,57,Online,9,423,178459.47,154263.87,24195.6,2017-06-13,2017-06-13,2017-07-22,bdf2d4af2f9f0c6a4bea5a938a6e97ee,2017-06-13,2017-06-13,2017-07-22
4922,951698243,L,2017-06-16,,11,Online,5,7514,1146486.12,732164.16,414321.96,2017-06-16,2017-06-16,2017-07-03,75056b39990e5bf59ed8e2686473766b,2017-06-16,2017-06-16,2017-07-03
4923,793557775,C,2017-06-16,,53,Online,5,235,35856.3,22898.4,12957.9,2017-06-16,2017-06-16,2017-07-06,1452b71a915e480fc747b33702f49468,2017-06-16,2017-06-16,2017-07-06
4924,438272798,C,2017-06-16,,102,Online,9,3515,1482943.35,1281885.35,201058,2017-06-16,2017-06-16,2017-07-24,67064de25ecba3885a8e734201131e46,2017-06-16,2017-06-16,2017-07-24
4926,957484090,L,2017-06-18,,67,Online,12,9674,6464843.98,4861571.96,1603272.02,2017-06-18,2017-06-18,2017-07-03,63a0d7c67fd929851cc3dac6774f7ac1,2017-06-18,2017-06-18,2017-07-03
4927,639510571,H,2017-06-18,,60,Online,7,4244,872990.8,497014.84,375975.96,2017-06-18,2017-06-18,2017-07-09,c11af5a689f7b98558048994f9fe1644,2017-06-18,2017-06-18,2017-07-09
4928,976139819,M,2017-06-18,,82,Offline,8,319,81434.32,50854.98,30579.34,2017-06-18,2017-06-18,2017-07-22,9d07ee11b82f031d5980667b3a6cb9bc,2017-06-18,2017-06-18,2017-07-22
4930,601727044,M,2017-06-19,,181,Offline,5,3259,497258.22,317556.96,179701.26,2017-06-19,2017-06-19,2017-07-22,581f026a3294c90a2b46d2465106b034,2017-06-19,2017-06-19,2017-07-22
4931,747351682,M,2017-06-19,,80,Online,1,6825,63677.25,47229,16448.25,2017-06-19,2017-06-19,2017-07-24,c16ef4667c4b50d5b2c0cacf01358527,2017-06-19,2017-06-19,2017-07-24
4933,142340171,L,2017-06-20,,52,Offline,11,475,309324.75,249356,59968.75,2017-06-20,2017-06-20,2017-07-01,d8980af554c88d40be370d1c6898885b,2017-06-20,2017-06-20,2017-07-01
4934,414579665,H,2017-06-20,,118,Online,5,2191,334302.78,213491.04,120811.74,2017-06-20,2017-06-20,2017-07-10,de900a9955f76472df4b5eac07e56edf,2017-06-20,2017-06-20,2017-07-10
4935,406157100,M,2017-06-20,,40,Online,3,9766,798175.18,553439.22,244735.96,2017-06-20,2017-06-20,2017-07-13,3233b5feb6749d872b9db3f2196b1bba,2017-06-20,2017-06-20,2017-07-13
4936,190002810,C,2017-06-20,,34,Online,4,4909,536455.52,175938.56,360516.96,2017-06-20,2017-06-20,2017-08-05,4fa88f6ca4574995d4468ef78e84deac,2017-06-20,2017-06-20,2017-08-05
4937,680325210,C,2017-06-21,,118,Online,6,2203,339394.18,200318.79,139075.39,2017-06-21,2017-06-21,2017-07-23,97732cf8434897d1e7305b0e0ee8f1e1,2017-06-21,2017-06-21,2017-07-23
4938,216609036,L,2017-06-22,,46,Offline,2,8282,392980.9,263284.78,129696.12,2017-06-22,2017-06-22,2017-07-03,be9dd791801219df455252ecf4beb261,2017-06-22,2017-06-22,2017-07-03
4940,174614226,C,2017-06-24,,34,Offline,8,1085,276978.8,172970.7,104008.1,2017-06-24,2017-06-24,2017-08-13,54cecc3b0f33038b69e3ae0707b3b616,2017-06-24,2017-06-24,2017-08-13
4941,608969438,C,2017-06-25,,44,Offline,6,6444,992762.64,585952.92,406809.72,2017-06-25,2017-06-25,2017-07-25,9eb5b49febde48c534a13ac12554667c,2017-06-25,2017-06-25,2017-07-25
4942,937058103,C,2017-06-26,,157,Online,12,5171,3455624.17,2598634.34,856989.83,2017-06-26,2017-06-26,2017-07-16,36e2c71735a2e0bc0b2141f7232f5619,2017-06-26,2017-06-26,2017-07-16
4943,286312568,H,2017-06-27,,179,Offline,4,5106,557983.68,182999.04,374984.64,2017-06-27,2017-06-27,2017-07-09,8021ab4509c859bf2368d2994e153049,2017-06-27,2017-06-27,2017-07-09
4944,762308537,C,2017-06-27,,109,Offline,2,2891,137177.95,91904.89,45273.06,2017-06-27,2017-06-27,2017-07-25,0c0ce6c860414e51af632bba50228a64,2017-06-27,2017-06-27,2017-07-25
4945,629317748,M,2017-06-27,,9,Online,1,7961,74276.13,55090.12,19186.01,2017-06-27,2017-06-27,2017-08-14,80e078c7893000e8b11db8a697ddf277,2017-06-27,2017-06-27,2017-08-14
4946,574925124,M,2017-06-28,,155,Offline,10,1975,863470,520076.75,343393.25,2017-06-28,2017-06-28,2017-07-13,79d9beef41c2609cfc4a99af20ade2ba,2017-06-28,2017-06-28,2017-07-13
4947,849329268,H,2017-06-28,,77,Offline,12,4259,2846161.93,2140317.86,705844.07,2017-06-28,2017-06-28,2017-07-22,d98152028fac79fc45d61f2b272e8a91,2017-06-28,2017-06-28,2017-07-22
4948,103258454,H,2017-06-28,,150,Offline,8,5326,1359621.28,849070.92,510550.36,2017-06-28,2017-06-28,2017-08-15,c27e54c4fe8f79cfdd878cf30d24e876,2017-06-28,2017-06-28,2017-08-15
4949,373097264,H,2017-06-29,,2,Offline,4,6626,724089.28,237475.84,486613.44,2017-06-29,2017-06-29,2017-07-06,a6823aaf0c8adc99e99929480beb88c7,2017-06-29,2017-06-29,2017-07-06
4950,431229102,M,2017-06-30,,62,Online,8,9129,2330451.12,1455345.18,875105.94,2017-06-30,2017-06-30,2017-07-13,bb9acaf499d2e311240c2f85e5626d3d,2017-06-30,2017-06-30,2017-07-13
4951,624398362,C,2017-06-30,,18,Offline,11,2206,1436569.26,1158061.76,278507.5,2017-06-30,2017-06-30,2017-07-24,75814a894b12f9cbf454e44cc3ae8495,2017-06-30,2017-06-30,2017-07-24
4952,380811727,H,2017-07-02,,57,Online,4,9507,1038924.96,340730.88,698194.08,2017-07-02,2017-07-02,2017-07-06,a5c6b16452bfe6a7cb2724fb55195ce4,2017-07-02,2017-07-02,2017-07-06
4953,227118575,H,2017-07-02,,25,Online,10,8288,3623513.6,2182479.04,1441034.56,2017-07-02,2017-07-02,2017-08-02,4c0f06c72fb75d167451dcbef6768a12,2017-07-02,2017-07-02,2017-08-02
4954,513802516,L,2017-07-02,,160,Online,11,4437,2889418.77,2329247.52,560171.25,2017-07-02,2017-07-02,2017-08-07,3010655fd0598f4d5e6ba7009cafc047,2017-07-02,2017-07-02,2017-08-07
4955,910610234,L,2017-07-03,,37,Online,10,8659,3785714.8,2280174.47,1505540.33,2017-07-03,2017-07-03,2017-07-31,318e5f4cc3adecfdd20296b45d503239,2017-07-03,2017-07-03,2017-07-31
4956,434496247,M,2017-07-04,,121,Online,12,5950,3976206.5,2990113,986093.5,2017-07-04,2017-07-04,2017-08-10,8ab712d4500f34a472be8d345201b737,2017-07-04,2017-07-04,2017-08-10
4957,856335628,M,2017-07-05,,39,Online,9,7597,3205098.33,2770549.93,434548.4,2017-07-05,2017-07-05,2017-07-26,06acc62571dbf6a8e475840d0a4258d6,2017-07-05,2017-07-05,2017-07-26
4958,949732291,L,2017-07-05,,167,Offline,2,5745,272600.25,182633.55,89966.7,2017-07-05,2017-07-05,2017-08-14,9be8445842c822e829bfd66659b76ea6,2017-07-05,2017-07-05,2017-08-14
4959,363376510,L,2017-07-06,,44,Offline,11,39,25397.19,20473.44,4923.75,2017-07-06,2017-07-06,2017-08-10,cfc1b8d36f40534393aed464a00cfeeb,2017-07-06,2017-07-06,2017-08-10
4960,232196319,L,2017-07-07,,172,Offline,12,905,604784.35,454798.7,149985.65,2017-07-07,2017-07-07,2017-08-04,f32aaf875c89a38f778e2881ea967ef7,2017-07-07,2017-07-07,2017-08-04
4961,410803115,L,2017-07-08,,86,Offline,8,4626,1180925.28,737476.92,443448.36,2017-07-08,2017-07-08,2017-07-27,4daffe5602aeacf5dc5c84077984fcab,2017-07-08,2017-07-08,2017-07-27
4962,273719060,C,2017-07-08,,92,Offline,10,8407,3675540.4,2213815.31,1461725.09,2017-07-08,2017-07-08,2017-08-17,8f09486e7e5594656563a7bbe5d002f3,2017-07-08,2017-07-08,2017-08-17
4963,132069671,M,2017-07-09,,94,Online,3,1205,98484.65,68287.35,30197.3,2017-07-09,2017-07-09,2017-07-20,8700825819c0421cb4d9aec8348b0d00,2017-07-09,2017-07-09,2017-07-20
4964,643448483,L,2017-07-09,,24,Online,1,9560,89194.8,66155.2,23039.6,2017-07-09,2017-07-09,2017-07-25,be2480ef12f21f04c8a1e428ea42d0ec,2017-07-09,2017-07-09,2017-07-25
4965,186108243,L,2017-07-09,,93,Offline,9,2420,1020973.8,882549.8,138424,2017-07-09,2017-07-09,2017-07-27,a48030cc81b228297be2d2fbb385b6a3,2017-07-09,2017-07-09,2017-07-27
4966,248569381,M,2017-07-09,,64,Online,4,6058,662018.24,217118.72,444899.52,2017-07-09,2017-07-09,2017-08-01,89492fbcf6a9bd90ce4e579d62a59956,2017-07-09,2017-07-09,2017-08-01
4967,612158906,M,2017-07-09,,126,Offline,8,279,71223.12,44478.18,26744.94,2017-07-09,2017-07-09,2017-08-04,a3c8c470ce0d38870a81fcc56a533734,2017-07-09,2017-07-09,2017-08-04
4968,759594142,C,2017-07-10,,167,Offline,6,9641,1485292.46,876656.13,608636.33,2017-07-10,2017-07-10,2017-07-12,272096ea833c114c1a50a90f4ce26288,2017-07-10,2017-07-10,2017-07-12
4969,765734040,L,2017-07-10,,137,Online,1,6574,61335.42,45492.08,15843.34,2017-07-10,2017-07-10,2017-08-04,5944457dbd10446ec8fcbfe8fb14aabc,2017-07-10,2017-07-10,2017-08-04
4970,194176757,M,2017-07-10,,153,Online,12,72,48115.44,36182.88,11932.56,2017-07-10,2017-07-10,2017-08-20,e2d45a6edeaedbb4dfcec45c0d6d289d,2017-07-10,2017-07-10,2017-08-20
4971,125339686,L,2017-07-11,,167,Online,5,9653,1472854.74,940588.32,532266.42,2017-07-11,2017-07-11,2017-07-24,c3a989db58038ea719162cb23a617970,2017-07-11,2017-07-11,2017-07-24
4972,786318385,M,2017-07-11,,101,Offline,2,7939,376705.55,252380.81,124324.74,2017-07-11,2017-07-11,2017-08-23,84c78d19f6e7609cab734d14b5e1ccfb,2017-07-11,2017-07-11,2017-08-23
4973,407930362,L,2017-07-12,,74,Online,4,4514,493289.92,161781.76,331508.16,2017-07-12,2017-07-12,2017-07-31,f861e2b0d473896bb178f588edb2da6b,2017-07-12,2017-07-12,2017-07-31
4974,565598762,H,2017-07-13,,80,Online,6,2097,323063.82,190680.21,132383.61,2017-07-13,2017-07-13,2017-07-29,acb3a1380a5f51f2cfbd9d12d174e01d,2017-07-13,2017-07-13,2017-07-29
4975,135336816,M,2017-07-13,,52,Online,1,8026,74882.58,55539.92,19342.66,2017-07-13,2017-07-13,2017-08-17,71e740fa16019c3221a241216d8158d6,2017-07-13,2017-07-13,2017-08-17
4976,318390929,M,2017-07-13,,183,Online,2,7806,370394.7,248152.74,122241.96,2017-07-13,2017-07-13,2017-08-31,45f42317fad07618d9e2905d82e84868,2017-07-13,2017-07-13,2017-08-31
4977,380379998,C,2017-07-14,,163,Online,12,1749,1168804.23,878942.46,289861.77,2017-07-14,2017-07-14,2017-07-16,fb03a2eee63fd2923d179af34f4b2b1b,2017-07-14,2017-07-14,2017-07-16
4978,172530257,H,2017-07-14,,117,Online,12,4392,2935041.84,2207155.68,727886.16,2017-07-14,2017-07-14,2017-08-31,c8e266e35f8d7e7a2b32a2afc269eeaa,2017-07-14,2017-07-14,2017-08-31
4979,694142234,M,2017-07-15,,56,Online,3,967,79032.91,54799.89,24233.02,2017-07-15,2017-07-15,2017-08-07,01ee13666f76cd9f97cc9278ec9fc076,2017-07-15,2017-07-15,2017-08-07
4980,330080640,H,2017-07-16,,69,Online,5,7051,1075841.58,687049.44,388792.14,2017-07-16,2017-07-16,2017-08-04,0e62a4735336768e715984ea0bfbf0ed,2017-07-16,2017-07-16,2017-08-04
4981,747826755,C,2017-07-17,,167,Offline,11,7410,4825466.1,3889953.6,935512.5,2017-07-17,2017-07-17,2017-07-22,9bf6400fe71454c16fde10f8820de4c0,2017-07-17,2017-07-17,2017-07-22
4982,641678225,M,2017-07-17,,170,Online,4,5701,623005.28,204323.84,418681.44,2017-07-17,2017-07-17,2017-08-27,ad10b0b1ac110891d45b43bb76c2b36a,2017-07-17,2017-07-17,2017-08-27
4983,704139363,M,2017-07-17,,167,Offline,2,9340,443183,296918.6,146264.4,2017-07-17,2017-07-17,2017-08-31,3ef3dea3f00964b2bd8f9b236b8a3867,2017-07-17,2017-07-17,2017-08-31
4984,483655774,H,2017-07-18,,33,Offline,7,3346,688272.2,391850.06,296422.14,2017-07-18,2017-07-18,2017-08-05,faa9c221e7e9bb27174c6842124e725e,2017-07-18,2017-07-18,2017-08-05
4986,744954001,C,2017-07-20,,165,Offline,10,7298,3190685.6,1921782.34,1268903.26,2017-07-20,2017-07-20,2017-07-25,f9c2930341cbdcd65de98d51a408bc52,2017-07-20,2017-07-20,2017-07-25
4987,506050717,M,2017-07-20,,174,Online,12,508,339481.16,255290.32,84190.84,2017-07-20,2017-07-20,2017-07-30,9d27db79aabb2bfcd217a2cf0dd73d0d,2017-07-20,2017-07-20,2017-07-30
4988,603776681,C,2017-07-20,,27,Offline,7,9792,2014214.4,1146741.12,867473.28,2017-07-20,2017-07-20,2017-08-17,fe67eaa13131a5fd8110555d8bf4baf8,2017-07-20,2017-07-20,2017-08-17
4989,302412259,L,2017-07-20,,143,Online,6,9363,1442463.78,851377.59,591086.19,2017-07-20,2017-07-20,2017-08-17,3158a2428694e3c185e42635e7958e85,2017-07-20,2017-07-20,2017-08-17
4990,717757689,C,2017-07-21,,130,Online,10,9305,4068146,2450285.65,1617860.35,2017-07-21,2017-07-21,2017-08-04,778f422821d1d0eced5fee851c72f717,2017-07-21,2017-07-21,2017-08-04
4991,956778991,H,2017-07-21,,53,Offline,8,1020,260385.6,162608.4,97777.2,2017-07-21,2017-07-21,2017-08-25,711f16db5bf5218292aae80db8871805,2017-07-21,2017-07-21,2017-08-25
4992,476453721,C,2017-07-22,,137,Offline,5,2099,320265.42,204526.56,115738.86,2017-07-22,2017-07-22,2017-08-10,89de56dde9ed99f8217b7ac0c6c0fea6,2017-07-22,2017-07-22,2017-08-10
4993,975080668,C,2017-07-23,,33,Offline,6,6893,1061935.58,626780.49,435155.09,2017-07-23,2017-07-23,2017-08-20,38baccb228f2ab6fe56c4fa80dd4e809,2017-07-23,2017-07-23,2017-08-20
4994,586341464,L,2017-07-24,,122,Online,12,324,216519.48,162822.96,53696.52,2017-07-24,2017-07-24,2017-07-31,c92f94935f0e908969da6095aba36fd7,2017-07-24,2017-07-24,2017-07-31
4995,480310952,C,2017-07-24,,52,Online,11,3539,2304632.19,1857833.44,446798.75,2017-07-24,2017-07-24,2017-08-11,d3fb9bc4ce1f7731cb236160db91df9b,2017-07-24,2017-07-24,2017-08-11
4996,588388097,H,2017-07-24,,27,Online,6,5968,919430.08,542670.24,376759.84,2017-07-24,2017-07-24,2017-08-25,e2b5d9e0226bdbad5ef3c7d9ab1ea4bd,2017-07-24,2017-07-24,2017-08-25
4997,419542396,C,2017-07-26,,112,Online,12,773,516572.71,388463.42,128109.29,2017-07-26,2017-07-26,2017-08-08,8aee76ef4084351b846439dd7fb15415,2017-07-26,2017-07-26,2017-08-08
4998,631485402,L,2017-07-26,,22,Online,2,9418,446884.1,299398.22,147485.88,2017-07-26,2017-07-26,2017-08-12,cfc8042f50ee35911caf9ba0c4abadd1,2017-07-26,2017-07-26,2017-08-12
4999,537970721,C,2017-07-26,,174,Online,10,6346,2774471.2,1671092.18,1103379.02,2017-07-26,2017-07-26,2017-08-18,dd3b5efdbb06e3bc5a18ef6499e59006,2017-07-26,2017-07-26,2017-08-18
5000,223854434,M,2017-07-28,,179,Offline,7,2356,484629.2,275911.16,208718.04,2017-07-28,2017-07-28,2017-08-25,e4a79853174b64f690f3d558e043afc1,2017-07-28,2017-07-28,2017-08-25
4638,813456332,C,2017-01-01,2017-01-16,173,Offline,5,17320,1321342.8,843830.4,477512.4,2017-01-01,2017-01-16,2017-01-16,09e8c3fa2482929237e6dd730bf6bea9,2017-01-16,2017-01-16,2017-07-01
4639,144055068,M,2017-01-01,2017-02-08,53,Offline,9,15902,3354447.39,2899650.19,454797.2,2017-01-01,2017-02-08,2017-02-08,ef2356c823a4e1d535c10d1c6266db3b,2017-02-08,2017-02-08,2017-07-01
4640,588643443,M,2017-01-02,2017-02-11,12,Online,8,3062,390833.68,244072.02,146761.66,2017-01-02,2017-02-11,2017-02-11,650642da67e9f2c83e23e2951f0466e2,2017-02-11,2017-02-11,2017-07-01
4641,343482244,M,2017-01-02,2017-02-18,86,Online,10,5768,1260884.8,759443.72,501441.08,2017-01-02,2017-02-18,2017-02-18,fa47126bf65eb32c87e9286bc305e7a5,2017-02-18,2017-02-18,2017-07-01
4642,391026866,C,2017-01-03,2017-01-08,160,Offline,10,4788,1046656.8,630412.02,416244.78,2017-01-03,2017-01-08,2017-01-08,f73856dfa6e6af3ffb049efaa14dd221,2017-01-08,2017-01-08,2017-07-01
4643,361901938,C,2017-01-03,2017-01-18,69,Online,5,7362,561646.98,358676.64,202970.34,2017-01-03,2017-01-18,2017-01-18,7a7357bdfce6e4e3feb9684097b89c34,2017-01-18,2017-01-18,2017-07-01
4644,208208787,C,2017-01-03,2017-02-14,14,Offline,1,4924,22970.46,17037.04,5933.42,2017-01-03,2017-02-14,2017-02-14,63bd6c302429a1cc0bdbe9e63ffa3f60,2017-02-14,2017-02-14,2017-07-01
4645,311956632,C,2017-01-04,2017-01-10,164,Offline,10,7510,1641686,988804.15,652881.85,2017-01-04,2017-01-10,2017-01-10,32a01874c7d12af901d71eae2dcfdce7,2017-01-10,2017-01-10,2017-07-01
4646,742100560,C,2017-01-04,2017-01-17,137,Offline,5,5804,442787.16,282770.88,160016.28,2017-01-04,2017-01-17,2017-01-17,a0542b6b659b9852f308ff21103e3d23,2017-01-17,2017-01-17,2017-07-01
4647,989190375,C,2017-01-05,2017-01-10,123,Offline,2,4538,107664.05,72131.51,35532.54,2017-01-05,2017-01-10,2017-01-10,c1086875ac3c75442b01328ff076d53d,2017-01-10,2017-01-10,2017-07-01
4648,259728658,H,2017-01-05,2017-01-29,50,Offline,7,16672,1714715.2,976228.96,738486.24,2017-01-05,2017-01-29,2017-01-29,d946bb45f0b8a70ca4bd0733f8ee28d0,2017-01-29,2017-01-29,2017-07-01
4649,735724627,C,2017-01-05,2017-02-15,176,Offline,1,12244,57118.26,42364.24,14754.02,2017-01-05,2017-02-15,2017-02-15,c0618baf7076712de22b434068d06fcd,2017-02-15,2017-02-15,2017-07-01
4650,623318183,H,2017-01-06,2017-02-03,173,Offline,6,5114,393931.42,232508.01,161423.41,2017-01-06,2017-02-03,2017-02-03,680144c49a3cdccab6d4f98adcaf4280,2017-02-03,2017-02-03,2017-07-01
4651,361311852,L,2017-01-06,2017-02-15,88,Offline,8,18122,2313092.08,1444504.62,868587.46,2017-01-06,2017-02-15,2017-02-15,061c3e03e2c6322df5e7b2492916f172,2017-02-15,2017-02-15,2017-07-01
4652,643666493,L,2017-01-08,2017-02-23,143,Offline,1,8148,38010.42,28192.08,9818.34,2017-01-08,2017-02-23,2017-02-23,b1d90efd17cd465a445c24f805356402,2017-02-23,2017-02-23,2017-07-01
4653,560502994,M,2017-01-08,2017-02-26,183,Offline,8,8292,1058390.88,660955.32,397435.56,2017-01-08,2017-02-26,2017-02-26,c060c7a3886369771b92a2741e631b81,2017-02-26,2017-02-26,2017-07-01
4654,994504153,M,2017-01-10,2017-01-13,37,Online,1,9468,44168.22,32759.28,11408.94,2017-01-10,2017-01-13,2017-01-13,bb0e56582c838b016a805e25ea2d4c47,2017-01-13,2017-01-13,2017-07-01
4655,709276759,L,2017-01-12,2017-03-01,26,Offline,4,19220,1050180.8,344422.4,705758.4,2017-01-12,2017-03-01,2017-03-01,fc734719d7f3e9ea9b9fa39a5004816c,2017-03-01,2017-03-01,2017-07-01
4656,916890466,H,2017-01-13,2017-01-16,21,Offline,8,14238,1817338.32,1134910.98,682427.34,2017-01-13,2017-01-16,2017-01-16,921218d204e1bae8a134a3ec9acc0304,2017-01-16,2017-01-16,2017-07-01
4657,615290009,M,2017-01-14,2017-01-18,88,Offline,9,13684,2886571.38,2495208.98,391362.4,2017-01-14,2017-01-18,2017-01-18,6744cf0aef132864543059c7e8b72150,2017-01-18,2017-01-18,2017-07-01
4658,920747697,H,2017-01-15,2017-01-17,81,Online,9,17118,3610956.51,3121381.71,489574.8,2017-01-15,2017-01-17,2017-01-17,063f2568c4b480e1a66f6509e05e5e25,2017-01-17,2017-01-17,2017-07-01
4659,629734456,M,2017-01-15,2017-03-06,112,Online,1,2548,11886.42,8816.08,3070.34,2017-01-15,2017-03-06,2017-03-06,89bf8a00d86eb1a33b9103d1e53851e4,2017-03-06,2017-03-06,2017-07-01
4660,727224385,C,2017-01-16,2017-02-01,129,Online,2,1422,33736.95,22602.69,11134.26,2017-01-16,2017-02-01,2017-02-01,ad28d69d475d4a8275cb1a15fad6e5e4,2017-02-01,2017-02-01,2017-07-01
4661,437785708,H,2017-01-18,2017-02-25,82,Offline,5,18750,1430437.5,913500,516937.5,2017-01-18,2017-02-25,2017-02-25,5f50c3d70f9f677072ee239b1a5e9742,2017-02-25,2017-02-25,2017-07-01
4662,572469079,M,2017-01-20,2017-02-06,82,Offline,8,10354,1321584.56,825317.34,496267.22,2017-01-20,2017-02-06,2017-02-06,1669a0f7cc967470443fcb745b79c1e7,2017-02-06,2017-02-06,2017-07-01
4663,958925616,H,2017-01-21,2017-02-03,78,Offline,1,12508,58349.82,43277.68,15072.14,2017-01-21,2017-02-03,2017-02-03,9eb47af955de7fe071e289aa632efc79,2017-02-03,2017-02-03,2017-07-01
4664,366429936,M,2017-01-22,2017-02-27,77,Online,2,7232,171579.2,114952.64,56626.56,2017-01-22,2017-02-27,2017-02-27,77bcd48d729c6738b74da0af6af9ceb0,2017-02-27,2017-02-27,2017-07-01
4665,341398274,L,2017-01-22,2017-03-07,75,Offline,5,12382,944622.78,603251.04,341371.74,2017-01-22,2017-03-07,2017-03-07,caec4e3ba384e395b39da32150b00757,2017-03-07,2017-03-07,2017-07-01
4666,786222684,L,2017-01-22,2017-03-09,22,Online,7,19238,1978628.3,1126481.09,852147.21,2017-01-22,2017-03-09,2017-03-09,1a72a12a566d1e5e7f629aa7be50d512,2017-03-09,2017-03-09,2017-07-01
4667,989743125,C,2017-01-23,2017-01-25,97,Offline,7,11680,1201288,683922.4,517365.6,2017-01-23,2017-01-25,2017-01-25,598df2645e8d948419ebe7eb6238c0bf,2017-01-25,2017-01-25,2017-07-01
4668,150039613,M,2017-01-23,2017-01-30,125,Offline,1,17820,83130.3,61657.2,21473.1,2017-01-23,2017-01-30,2017-01-30,9543238578442e748fe310305f3614af,2017-01-30,2017-01-30,2017-07-01
4669,320105826,H,2017-01-24,2017-02-19,121,Offline,8,10564,1348388.96,842056.44,506332.52,2017-01-24,2017-02-19,2017-02-19,ea902b43da184888f8c480eaeb39b1cb,2017-02-19,2017-02-19,2017-07-01
4670,949912965,M,2017-01-24,2017-03-06,45,Online,10,18420,4026612,2425269.3,1601342.7,2017-01-24,2017-03-06,2017-03-06,ee38c08d2f008f90eca5baecb1dd8c60,2017-03-06,2017-03-06,2017-07-01
4671,315894544,M,2017-01-25,2017-01-27,12,Offline,6,18140,1397324.2,824735.1,572589.1,2017-01-25,2017-01-27,2017-01-27,268828796efa97576341170ec1bc2b64,2017-01-27,2017-01-27,2017-07-01
4672,542163980,M,2017-01-26,2017-02-21,121,Online,8,14448,1844142.72,1151650.08,692492.64,2017-01-26,2017-02-21,2017-02-21,08218e3dee7c8e3e3622624eb0cbcf00,2017-02-21,2017-02-21,2017-07-01
4673,835341870,M,2017-01-26,2017-02-24,79,Online,10,10154,2219664.4,1336926.41,882737.99,2017-01-26,2017-02-24,2017-02-24,0f7c1ec45f97dcd0c870fcac377bd83a,2017-02-24,2017-02-24,2017-07-01
4674,107808768,M,2017-01-26,2017-03-14,76,Online,3,3730,152426.45,105689.55,46736.9,2017-01-26,2017-03-14,2017-03-14,b956226fa6ab8a0cd78aebbe9016ca24,2017-03-14,2017-03-14,2017-07-01
4675,228047692,C,2017-01-27,2017-02-27,50,Offline,2,6470,153500.75,102840.65,50660.1,2017-01-27,2017-02-27,2017-02-27,998d0e8938f3b14ea06a41014b330691,2017-02-27,2017-02-27,2017-07-01
4676,431804168,H,2017-01-27,2017-03-06,46,Offline,12,18608,6217584.08,4675632.16,1541951.92,2017-01-27,2017-03-06,2017-03-06,34df16a23d984ba5adfcad57db7213c5,2017-03-06,2017-03-06,2017-07-01
4677,387998759,H,2017-01-28,2017-01-30,110,Online,5,12620,962779.8,614846.4,347933.4,2017-01-28,2017-01-30,2017-01-30,5d6ca5cca6f31595dda81a35b5e240dc,2017-01-30,2017-01-30,2017-07-01
4678,460693061,C,2017-01-28,2017-02-25,75,Offline,1,16338,76216.77,56529.48,19687.29,2017-01-28,2017-02-25,2017-02-25,01f76df26d113fd6c66e86fe7147c591,2017-02-25,2017-02-25,2017-07-01
4679,541573894,M,2017-01-29,2017-01-30,12,Offline,7,5210,535848.5,305071.55,230776.95,2017-01-29,2017-01-30,2017-01-30,f01e2d251aadb6f7380b26d6311b7653,2017-01-30,2017-01-30,2017-07-01
4680,315068423,H,2017-01-29,2017-02-25,132,Offline,4,9206,503015.84,164971.52,338044.32,2017-01-29,2017-02-25,2017-02-25,69902de70fec3487725ffbfbfb8fc452,2017-02-25,2017-02-25,2017-07-01
4681,720416724,L,2017-01-29,2017-03-12,67,Offline,10,12346,2698835.6,1625536.09,1073299.51,2017-01-29,2017-03-12,2017-03-12,f1c5dcb47bc23d01cf0f74b006b11af2,2017-03-12,2017-03-12,2017-07-01
4682,162831819,C,2017-01-31,2017-02-02,17,Offline,2,8816,209159.6,140130.32,69029.28,2017-01-31,2017-02-02,2017-02-02,fd85dbff37f99d93aeab0151db6eb3f5,2017-02-02,2017-02-02,2017-07-01
4683,792638957,C,2017-01-31,2017-02-17,98,Online,7,16672,1714715.2,976228.96,738486.24,2017-01-31,2017-02-17,2017-02-17,97eb8c005c83f0b76c02c58518177ed1,2017-02-17,2017-02-17,2017-07-01
4684,528704011,L,2017-01-31,2017-03-02,182,Online,9,8242,1738608.69,1502887.49,235721.2,2017-01-31,2017-03-02,2017-03-02,888a7852a36f933955a21675566cb79a,2017-03-02,2017-03-02,2017-07-01
4685,291611325,M,2017-02-01,2017-02-10,5,Offline,5,6252,476965.08,304597.44,172367.64,2017-02-01,2017-02-10,2017-02-10,f4e7e978519bd34041eb6e769d7cb3ca,2017-02-10,2017-02-10,2017-07-01
4686,688301026,H,2017-02-02,2017-03-01,16,Online,1,4848,22615.92,16774.08,5841.84,2017-02-02,2017-03-01,2017-03-01,ddb2a45dae03b6931a1120f83e6d2cd8,2017-03-01,2017-03-01,2017-07-01
4687,114579093,L,2017-02-02,2017-03-17,159,Online,12,10710,3578585.85,2691101.7,887484.15,2017-02-02,2017-03-17,2017-03-17,68ca822fc17b680b34ba21a57bf9a7bc,2017-03-17,2017-03-17,2017-07-01
4688,783626306,H,2017-02-03,2017-03-20,36,Offline,2,2586,61352.85,41104.47,20248.38,2017-02-03,2017-03-20,2017-03-20,271fd116224d3936f6ffa7fb31248da0,2017-03-20,2017-03-20,2017-07-01
4689,995451295,M,2017-02-04,2017-02-28,165,Online,5,10028,765036.12,488564.16,276471.96,2017-02-04,2017-02-28,2017-02-28,6c5affcbac7ae3d53f181ea3bb197c50,2017-02-28,2017-02-28,2017-07-01
4690,687828958,L,2017-02-04,2017-03-02,48,Offline,5,5456,416238.24,265816.32,150421.92,2017-02-04,2017-03-02,2017-03-02,a12e0c31598d708620331500368c82b7,2017-03-02,2017-03-02,2017-07-01
4691,976323497,M,2017-02-06,2017-02-10,144,Online,2,9348,221781.3,148586.46,73194.84,2017-02-06,2017-02-10,2017-02-10,80a62ca737cd5735a0dac5a41f7d6375,2017-02-10,2017-02-10,2017-07-01
4692,654138696,C,2017-02-06,2017-03-16,154,Online,4,6062,331227.68,108631.04,222596.64,2017-02-06,2017-03-16,2017-03-16,3726da696910c4754a90484080936b6b,2017-03-16,2017-03-16,2017-07-01
4693,562788665,M,2017-02-06,2017-03-21,55,Online,8,1054,134532.56,84014.34,50518.22,2017-02-06,2017-03-21,2017-03-21,4240180e90877f99ccdb2bca55486b0e,2017-03-21,2017-03-21,2017-07-01
4694,192351138,C,2017-02-08,2017-02-24,129,Offline,3,19662,803487.63,557122.77,246364.86,2017-02-08,2017-02-24,2017-02-24,632403c5e078bc89a35d7ff4e47912bd,2017-02-24,2017-02-24,2017-07-01
4695,518511188,C,2017-02-09,2017-02-16,67,Offline,12,15676,5237900.26,3938908.52,1298991.74,2017-02-09,2017-02-16,2017-02-16,44de539e87a2854150dacf8590d2139d,2017-02-16,2017-02-16,2017-07-01
4696,661971175,L,2017-02-09,2017-02-18,152,Offline,10,1672,365499.2,220143.88,145355.32,2017-02-09,2017-02-18,2017-02-18,5ed2b0b59eca97c7783bf3fc1f5da43a,2017-02-18,2017-02-18,2017-07-01
4697,653548610,C,2017-02-09,2017-02-21,164,Offline,2,16824,399149.4,267417.48,131731.92,2017-02-09,2017-02-21,2017-02-21,87457eb0da8827056e431922ba38907d,2017-02-21,2017-02-21,2017-07-01
4698,601202619,M,2017-02-11,2017-02-15,41,Offline,11,16140,5255264.7,4236427.2,1018837.5,2017-02-11,2017-02-15,2017-02-15,fb47ea743bf0f52b9cef64526e6db283,2017-02-15,2017-02-15,2017-07-01
4699,439204919,L,2017-02-11,2017-02-19,145,Online,2,18700,443657.5,297236.5,146421,2017-02-11,2017-02-19,2017-02-19,15e4d2aa94c665d97046f1f73ef5df6c,2017-02-19,2017-02-19,2017-07-01
4700,736240041,L,2017-02-11,2017-02-20,45,Offline,12,17288,5776525.88,4343955.76,1432570.12,2017-02-11,2017-02-20,2017-02-20,38bd3b985cb65c971368d26cabe62591,2017-02-20,2017-02-20,2017-07-01
4701,983683907,M,2017-02-11,2017-03-10,165,Online,5,5566,424630.14,271175.52,153454.62,2017-02-11,2017-03-10,2017-03-10,58fa338d10f60d748261cffb04940499,2017-03-10,2017-03-10,2017-07-01
4702,719748961,H,2017-02-11,2017-03-23,48,Offline,1,17134,79930.11,59283.64,20646.47,2017-02-11,2017-03-23,2017-03-23,e00cb2ddcba2165a0a00c5a8994f7131,2017-03-23,2017-03-23,2017-07-01
4703,754895770,M,2017-02-12,2017-03-12,2,Online,7,18578,1910747.3,1087834.79,822912.51,2017-02-12,2017-03-12,2017-03-12,0d6478f962a1f3dfcb1fe2b9c8febf80,2017-03-12,2017-03-12,2017-07-01
4704,796418511,L,2017-02-12,2017-03-23,167,Online,9,13582,2865054.99,2476609.79,388445.2,2017-02-12,2017-03-23,2017-03-23,07c713717ad488882192379f3c4f7b67,2017-03-23,2017-03-23,2017-07-01
4705,291179597,H,2017-02-13,2017-02-20,4,Online,12,10736,3587273.36,2697634.72,889638.64,2017-02-13,2017-02-20,2017-02-20,45328a1bf7746f3714a65933a81a8da2,2017-02-20,2017-02-20,2017-07-01
4706,286968314,M,2017-02-13,2017-03-19,13,Online,7,18312,1883389.2,1072259.16,811130.04,2017-02-13,2017-03-19,2017-03-19,509dee16e1c22253bd4c1d9642b7b30d,2017-03-19,2017-03-19,2017-07-01
4707,255560719,L,2017-02-14,2017-03-05,100,Offline,11,9902,3224140.71,2599076.96,625063.75,2017-02-14,2017-03-05,2017-03-05,7cde22319571ff6b9968372b0ebfb6c8,2017-03-05,2017-03-05,2017-07-01
4708,336677587,H,2017-02-14,2017-03-28,80,Offline,8,18468,2357255.52,1472084.28,885171.24,2017-02-14,2017-03-28,2017-03-28,b0bd23d810bf8d3e3efcce675063ae76,2017-03-28,2017-03-28,2017-07-01
4709,211637294,C,2017-02-15,2017-02-23,87,Offline,1,14066,65617.89,48668.36,16949.53,2017-02-15,2017-02-23,2017-02-23,d84c2375ea63c4603bfe4db2f2fe9d1c,2017-02-23,2017-02-23,2017-07-01
4710,772725379,L,2017-02-16,2017-03-09,142,Offline,2,10932,259361.7,173764.14,85597.56,2017-02-16,2017-03-09,2017-03-09,9fd75f87ffcddba7d30359bc897f16e2,2017-03-09,2017-03-09,2017-07-01
4711,899340236,H,2017-02-17,2017-03-18,114,Online,2,7232,171579.2,114952.64,56626.56,2017-02-17,2017-03-18,2017-03-18,2bdf0a1f7851328e7394e57ca1f5a881,2017-03-18,2017-03-18,2017-07-01
4712,691372478,C,2017-02-17,2017-04-07,76,Offline,9,2670,563223.15,486861.15,76362,2017-02-17,2017-04-07,2017-04-07,14e681cb9d67c8f937df43f696feeeb3,2017-04-07,2017-04-07,2017-07-01
4713,926064479,L,2017-02-18,2017-03-10,94,Online,11,3826,1245764.73,1004248.48,241516.25,2017-02-18,2017-03-10,2017-03-10,5874d372fd52b5d88e5b229e359c746a,2017-03-10,2017-03-10,2017-07-01
4714,994783532,C,2017-02-18,2017-03-12,142,Online,2,14816,351509.6,235500.32,116009.28,2017-02-18,2017-03-12,2017-03-12,e2acdd8f72c5d28eed062cb3fe9fcf3f,2017-03-12,2017-03-12,2017-07-01
4715,265085780,C,2017-02-18,2017-03-30,114,Online,6,7256,558929.68,329894.04,229035.64,2017-02-18,2017-03-30,2017-03-30,ae5a3479aae89fe14e6884b2c97e387a,2017-03-30,2017-03-30,2017-07-01
4716,840854346,C,2017-02-18,2017-04-08,165,Online,9,12684,2675626.38,2312863.98,362762.4,2017-02-18,2017-04-08,2017-04-08,c3996c6daf368d6bf1b10d5a46ee9401,2017-04-08,2017-04-08,2017-07-01
4717,352342545,M,2017-02-19,2017-03-27,160,Offline,5,9688,739097.52,471999.36,267098.16,2017-02-19,2017-03-27,2017-03-27,b9ef35d6cbb32f2b6cdd75397c2602eb,2017-03-27,2017-03-27,2017-07-01
4718,885998284,C,2017-02-21,2017-02-28,11,Offline,4,10872,594046.08,194826.24,399219.84,2017-02-21,2017-02-28,2017-02-28,b9a4a3672f1c363ba63d965aa18dca2a,2017-02-28,2017-02-28,2017-07-01
4719,104190576,C,2017-02-22,2017-03-12,75,Offline,9,2324,490236.18,423769.78,66466.4,2017-02-22,2017-03-12,2017-03-12,99f8d09a322407de7bbb6f3f0a1d5ce4,2017-03-12,2017-03-12,2017-07-01
4720,241392648,H,2017-02-22,2017-03-16,167,Online,12,4608,1539694.08,1157852.16,381841.92,2017-02-22,2017-03-16,2017-03-16,a7147768b0aa6350117a6aa04692dc6e,2017-03-16,2017-03-16,2017-07-01
4721,118635022,L,2017-02-23,2017-03-08,112,Online,1,11188,52192.02,38710.48,13481.54,2017-02-23,2017-03-08,2017-03-08,2a346df43deaab40121fcba27e5dd730,2017-03-08,2017-03-08,2017-07-01
4722,588137042,L,2017-02-24,2017-03-28,56,Online,11,3350,1090776.75,879308,211468.75,2017-02-24,2017-03-28,2017-03-28,00e80a847b6fdfa2728ce4308d196b52,2017-03-28,2017-03-28,2017-07-01
4723,779377686,H,2017-02-24,2017-04-08,82,Offline,3,8064,329535.36,228493.44,101041.92,2017-02-24,2017-04-08,2017-04-08,58e383b2a0de6a9cbed5aea6281e819a,2017-04-08,2017-04-08,2017-07-01
4724,294959151,C,2017-02-25,2017-03-26,57,Online,10,7644,1670978.4,1006447.26,664531.14,2017-02-25,2017-03-26,2017-03-26,e036efe096c9d461cef8b05fe3a61ae4,2017-03-26,2017-03-26,2017-07-01
4725,650362145,M,2017-02-25,2017-04-02,110,Online,2,10932,259361.7,173764.14,85597.56,2017-02-25,2017-04-02,2017-04-02,5b4f3281d113fe3bcb8be6a04186605f,2017-04-02,2017-04-02,2017-07-01
4726,610886037,L,2017-02-25,2017-04-15,98,Online,7,7216,742165.6,422532.88,319632.72,2017-02-25,2017-04-15,2017-04-15,b1afde47d67119babce5159208e0c7ac,2017-04-15,2017-04-15,2017-07-01
4727,712469232,M,2017-02-26,2017-03-12,50,Online,8,8666,1106128.24,690766.86,415361.38,2017-02-26,2017-03-12,2017-03-12,c59bfc7486e0d86f629f5a2ef02e1786,2017-03-12,2017-03-12,2017-07-01
4728,783116900,L,2017-02-26,2017-03-14,169,Online,4,1096,59885.44,19640.32,40245.12,2017-02-26,2017-03-14,2017-03-14,85d616d1ff5e08f86e7acd2827e0f493,2017-03-14,2017-03-14,2017-07-01
4729,930670154,L,2017-02-26,2017-03-15,108,Online,9,9670,2039838.15,1763276.15,276562,2017-02-26,2017-03-15,2017-03-15,53d9605844f7b27102c25fde5888c5a3,2017-03-15,2017-03-15,2017-07-01
4730,309285581,H,2017-02-26,2017-04-17,138,Offline,3,6662,272242.63,188767.77,83474.86,2017-02-26,2017-04-17,2017-04-17,29125f7d8523f849288a41c1880e1faf,2017-04-17,2017-04-17,2017-07-01
4731,169800841,C,2017-02-27,2017-03-19,42,Online,8,13394,1709610.16,1067635.74,641974.42,2017-02-27,2017-03-19,2017-03-19,d399361a64b065c961786527a70d45fe,2017-03-19,2017-03-19,2017-07-01
4732,759777820,L,2017-02-28,2017-03-23,53,Online,1,7992,37282.68,27652.32,9630.36,2017-02-28,2017-03-23,2017-03-23,00d38ca3213a755b7b1083cc776b9651,2017-03-23,2017-03-23,2017-07-01
4733,861597049,M,2017-02-28,2017-04-09,63,Offline,2,9136,216751.6,145216.72,71534.88,2017-02-28,2017-04-09,2017-04-09,6d531ee350c97d7b820fdd876ce8e379,2017-04-09,2017-04-09,2017-07-01
4734,410514724,C,2017-03-01,2017-04-10,30,Offline,11,18568,6045833.64,4873728.64,1172105,2017-03-01,2017-04-10,2017-04-10,25015d0ee2aba9cbd4c7d6ea415ffed9,2017-04-10,2017-04-10,2017-07-01
4735,173540055,M,2017-03-01,2017-04-14,119,Offline,10,6428,1405160.8,846342.62,558818.18,2017-03-01,2017-04-14,2017-04-14,f7ad63e4ffa98518a2e2920fb575659b,2017-04-14,2017-04-14,2017-07-01
4736,696844613,M,2017-03-03,2017-03-22,108,Online,9,1322,278869.29,241060.09,37809.2,2017-03-03,2017-03-22,2017-03-22,5561ff5f79ad46bd8d58eb999d7b83c7,2017-03-22,2017-03-22,2017-07-01
4737,636312091,L,2017-03-04,2017-03-18,57,Offline,3,15486,632835.39,438795.81,194039.58,2017-03-04,2017-03-18,2017-03-18,d4caf54f684d7539689cc58d65f0fafd,2017-03-18,2017-03-18,2017-07-01
4738,557477891,C,2017-03-04,2017-03-19,173,Online,6,17902,1378991.06,813914.43,565076.63,2017-03-04,2017-03-19,2017-03-19,013e88dae3a49dcd788bc5c2ce8ae3cb,2017-03-19,2017-03-19,2017-07-01
4739,239386355,L,2017-03-04,2017-04-20,137,Offline,11,17194,5598452.37,4513081.12,1085371.25,2017-03-04,2017-04-20,2017-04-20,34c51594e1b6142d3ff367b0235bab56,2017-04-20,2017-04-20,2017-07-01
4740,305940759,L,2017-03-04,2017-04-23,103,Online,2,7048,167213.8,112027.96,55185.84,2017-03-04,2017-04-23,2017-04-23,feb018a174dedb911df9a0755a5ae59b,2017-04-23,2017-04-23,2017-07-01
4741,658707034,L,2017-03-07,2017-03-13,122,Offline,10,9808,2144028.8,1291370.32,852658.48,2017-03-07,2017-03-13,2017-03-13,1fe575c7e1347a5efabea10995de0f14,2017-03-13,2017-03-13,2017-07-01
4742,311490571,L,2017-03-07,2017-04-23,57,Online,2,11674,276965.65,185558.23,91407.42,2017-03-07,2017-04-23,2017-04-23,0c4ffad5eebd75aec79e8c3ade83a359,2017-04-23,2017-04-23,2017-07-01
4743,941061675,M,2017-03-08,2017-03-20,33,Offline,6,19834,1527813.02,901752.81,626060.21,2017-03-08,2017-03-20,2017-03-20,acdd0dac56469dd47ec3f06faf923636,2017-03-20,2017-03-20,2017-07-01
4744,747774398,M,2017-03-08,2017-04-03,101,Offline,9,3832,808341.24,698746.04,109595.2,2017-03-08,2017-04-03,2017-04-03,8254695c07740a2224193bb854ddeca6,2017-04-03,2017-04-03,2017-07-01
4745,947437608,L,2017-03-08,2017-04-12,86,Online,8,13394,1709610.16,1067635.74,641974.42,2017-03-08,2017-04-12,2017-04-12,e58fc29863ad0e43411ce5aba6133bbd,2017-04-12,2017-04-12,2017-07-01
4746,494190633,L,2017-03-08,2017-04-13,6,Offline,9,1690,356497.05,308163.05,48334,2017-03-08,2017-04-13,2017-04-13,d79a0800881a99fdc2094c09da1b8770,2017-04-13,2017-04-13,2017-07-01
4747,491671931,L,2017-03-10,2017-03-21,40,Offline,11,11010,3584911.05,2889904.8,695006.25,2017-03-10,2017-03-21,2017-03-21,1b7f8a857665b3c94bc69a1d97b4e2f9,2017-03-21,2017-03-21,2017-07-01
4748,892926967,C,2017-03-10,2017-04-07,165,Online,3,11574,472971.51,327949.29,145022.22,2017-03-10,2017-04-07,2017-04-07,c07fb9d40900af95d22c27623b4bd015,2017-04-07,2017-04-07,2017-07-01
4749,192236125,H,2017-03-11,2017-03-22,144,Offline,2,11592,275020.2,184254.84,90765.36,2017-03-11,2017-03-22,2017-03-22,070ac77991af2283e6a4bc3f6af0970a,2017-03-22,2017-03-22,2017-07-01
4750,412601697,L,2017-03-11,2017-03-23,142,Offline,11,13732,4471207.86,3604375.36,866832.5,2017-03-11,2017-03-23,2017-03-23,790a7aebb26c9ecde63b63b6176cdb1b,2017-03-23,2017-03-23,2017-07-01
4751,861519372,H,2017-03-11,2017-03-24,31,Online,2,3164,75065.9,50291.78,24774.12,2017-03-11,2017-03-24,2017-03-24,a1cd536fbdfdb1376145050391c8ce2e,2017-03-24,2017-03-24,2017-07-01
4752,476991450,L,2017-03-11,2017-03-27,54,Offline,5,2450,186910.5,119364,67546.5,2017-03-11,2017-03-27,2017-03-27,9713db358f6c4ae201cea98002a09c7d,2017-03-27,2017-03-27,2017-07-01
4753,963338601,C,2017-03-11,2017-04-09,89,Online,3,4308,176046.42,122067.18,53979.24,2017-03-11,2017-04-09,2017-04-09,f347a464a083b944c17586809d80225e,2017-04-09,2017-04-09,2017-07-01
4754,412483680,H,2017-03-11,2017-04-18,121,Online,8,3884,495753.76,309593.64,186160.12,2017-03-11,2017-04-18,2017-04-18,1204ec092f54ab4e69c927b5bb4f1295,2017-04-18,2017-04-18,2017-07-01
4755,688698422,H,2017-03-12,2017-04-01,101,Offline,6,44,3389.32,2000.46,1388.86,2017-03-12,2017-04-01,2017-04-01,eb21db2b258b1d94a4fb8515bdb0ad9f,2017-04-01,2017-04-01,2017-07-01
4756,258436477,M,2017-03-12,2017-04-20,131,Online,1,11902,55522.83,41180.92,14341.91,2017-03-12,2017-04-20,2017-04-20,95e2778de8a479464b11643139a4cb1f,2017-04-20,2017-04-20,2017-07-01
4757,393709933,C,2017-03-12,2017-04-25,147,Offline,1,12746,59460.09,44101.16,15358.93,2017-03-12,2017-04-25,2017-04-25,c771f309b1cde432e1582e85582ae0c8,2017-04-25,2017-04-25,2017-07-01
4758,127374303,C,2017-03-13,2017-03-20,46,Online,2,3484,82657.9,55378.18,27279.72,2017-03-13,2017-03-20,2017-03-20,7c7a75af5c9fbd9a3a27f3fad50aa64c,2017-03-20,2017-03-20,2017-07-01
4759,838180291,H,2017-03-13,2017-04-02,71,Online,6,10058,774767.74,457286.97,317480.77,2017-03-13,2017-04-02,2017-04-02,e63fd6bd377f34ddebb441d3ddc56353,2017-04-02,2017-04-02,2017-07-01
4760,131585586,C,2017-03-13,2017-04-13,147,Offline,3,15908,650080.42,450753.18,199327.24,2017-03-13,2017-04-13,2017-04-13,4dc425e7190228a433156030d286e2ad,2017-04-13,2017-04-13,2017-07-01
4761,652961528,C,2017-03-14,2017-03-20,179,Online,12,9362,3128171.87,2352389.74,775782.13,2017-03-14,2017-03-20,2017-03-20,b65b4246b28c68051042039e7bbadc5e,2017-03-20,2017-03-20,2017-07-01
4762,123045003,L,2017-03-14,2017-03-22,86,Offline,2,1212,28754.7,19264.74,9489.96,2017-03-14,2017-03-22,2017-03-22,4b6f3ff2f6e2cb7c4e924b374f0dc90b,2017-03-22,2017-03-22,2017-07-01
4763,399141728,C,2017-03-15,2017-03-31,183,Offline,2,7524,178506.9,119593.98,58912.92,2017-03-15,2017-03-31,2017-03-31,e958eb4618e64c96029ee1897014266b,2017-03-31,2017-03-31,2017-07-01
4764,972981679,C,2017-03-15,2017-04-09,139,Online,5,11510,878097.9,560767.2,317330.7,2017-03-15,2017-04-09,2017-04-09,4071686384ccb7f1f296a5a2d00606b7,2017-04-09,2017-04-09,2017-07-01
4765,552834880,L,2017-03-16,2017-04-25,56,Online,9,9962,2101434.09,1816520.89,284913.2,2017-03-16,2017-04-25,2017-04-25,8a7fa58506e88d0dd1af52c1e232a4bb,2017-04-25,2017-04-25,2017-07-01
4766,748168790,M,2017-03-16,2017-05-05,6,Offline,8,17252,2202045.28,1375156.92,826888.36,2017-03-16,2017-05-05,2017-05-05,ff41bf48b2ed0e960f93106ea76c75cc,2017-05-05,2017-05-05,2017-07-01
4767,267961537,C,2017-03-17,2017-03-26,182,Online,10,9256,2023361.6,1218691.24,804670.36,2017-03-17,2017-03-26,2017-03-26,b124bf83414536d6e74d908bcb6d0ad3,2017-03-26,2017-03-26,2017-07-01
4768,922564303,L,2017-03-17,2017-04-02,185,Offline,12,12268,4099168.18,3082580.36,1016587.82,2017-03-17,2017-04-02,2017-04-02,9ed41d24c66623b5dae8eae91362dc8e,2017-04-02,2017-04-02,2017-07-01
4769,870454347,M,2017-03-18,2017-03-26,22,Online,2,11278,267570.55,179263.81,88306.74,2017-03-18,2017-03-26,2017-03-26,1ba96536988a034d0735f9d6d4fb5ceb,2017-03-26,2017-03-26,2017-07-01
4770,517097985,M,2017-03-18,2017-04-14,139,Online,5,19280,1470871.2,939321.6,531549.6,2017-03-18,2017-04-14,2017-04-14,3bbfc38795f4c3ae672ff6a1807398fc,2017-04-14,2017-04-14,2017-07-01
4771,870218312,H,2017-03-19,2017-03-27,139,Offline,1,11584,54039.36,40080.64,13958.72,2017-03-19,2017-03-27,2017-03-27,e1687e9c85cecf5570928e16e6bd562a,2017-03-27,2017-03-27,2017-07-01
4772,996951186,H,2017-03-19,2017-04-30,56,Online,3,17730,724536.45,502379.55,222156.9,2017-03-19,2017-04-30,2017-04-30,393536cdbbc1164fbecd6465248f1cd6,2017-04-30,2017-04-30,2017-07-01
4773,734708821,L,2017-03-21,2017-03-24,165,Online,9,11044,2329676.58,2013818.18,315858.4,2017-03-21,2017-03-24,2017-03-24,fccaa283c766f2f215e11fcd3a6d107c,2017-03-24,2017-03-24,2017-07-01
4774,420828568,M,2017-03-21,2017-03-29,166,Offline,1,2760,12875.4,9549.6,3325.8,2017-03-21,2017-03-29,2017-03-29,9d3578f111ff5309fa9c1113a6def1ba,2017-03-29,2017-03-29,2017-07-01
4775,480652987,L,2017-03-23,2017-04-05,23,Offline,8,9510,1213856.4,758042.1,455814.3,2017-03-23,2017-04-05,2017-04-05,ae08ce25f0e3b991397fb9fd4cb2cdfb,2017-04-05,2017-04-05,2017-07-01
4776,817518270,C,2017-03-23,2017-04-18,103,Offline,12,1356,453087.06,340722.12,112364.94,2017-03-23,2017-04-18,2017-04-18,c4534f725de83a6cb9f93d7af45d6622,2017-04-18,2017-04-18,2017-07-01
4777,719556272,H,2017-03-24,2017-04-01,13,Offline,9,3092,652241.94,563810.74,88431.2,2017-03-24,2017-04-01,2017-04-01,42554d334c5511e68c9c339c91ba5e98,2017-04-01,2017-04-01,2017-07-01
4778,122967326,H,2017-03-24,2017-04-25,18,Online,2,15238,361521.55,242208.01,119313.54,2017-03-24,2017-04-25,2017-04-25,079654e8b0d08ec5ee1a550f3b246eb9,2017-04-25,2017-04-25,2017-07-01
4779,675868880,L,2017-03-24,2017-05-11,13,Online,7,6952,715013.2,407074.36,307938.84,2017-03-24,2017-05-11,2017-05-11,7a7e8109a0d3d28bb3d6d71da38531fd,2017-05-11,2017-05-11,2017-07-01
4780,189403712,L,2017-03-25,2017-04-03,143,Offline,8,15244,1945744.16,1215099.24,730644.92,2017-03-25,2017-04-03,2017-04-03,0365c7f7fb815d3eb5133371f0ada1ad,2017-04-03,2017-04-03,2017-07-01
4781,172676599,C,2017-03-25,2017-05-04,13,Offline,5,15396,1174560.84,750093.12,424467.72,2017-03-25,2017-05-04,2017-05-04,645310fd81b0a8e57c16e9b6f5ff4e3a,2017-05-04,2017-05-04,2017-07-01
4782,722233331,H,2017-03-31,2017-04-06,160,Online,6,7494,577262.82,340714.71,236548.11,2017-03-31,2017-04-06,2017-04-06,94980d1f1e908ef2a8867a9535457193,2017-04-06,2017-04-06,2017-07-01
4783,208689868,L,2017-04-01,2017-04-03,83,Online,3,9648,394265.52,273376.08,120889.44,2017-04-01,2017-04-03,2017-04-03,b5cc00a6109a7c44e34f391845a8b5a0,2017-04-03,2017-04-03,2017-07-01
4784,728255212,H,2017-04-01,2017-04-04,133,Offline,5,11510,878097.9,560767.2,317330.7,2017-04-01,2017-04-04,2017-04-04,a8178827ac8c369fc5d2887bfddc3cf4,2017-04-04,2017-04-04,2017-07-01
4785,127691018,L,2017-04-01,2017-04-05,44,Offline,6,10930,841937.9,496932.45,345005.45,2017-04-01,2017-04-05,2017-04-05,4cdddb7d43869a94ad128425f928f24b,2017-04-05,2017-04-05,2017-07-01
4786,767849338,M,2017-04-01,2017-04-17,168,Offline,8,5074,647645.36,404448.54,243196.82,2017-04-01,2017-04-17,2017-04-17,e9114840f488a9820dc236720a513b8c,2017-04-17,2017-04-17,2017-07-01
4787,956571280,C,2017-04-03,2017-04-05,64,Online,7,19108,1965257.8,1118868.94,846388.86,2017-04-03,2017-04-05,2017-04-05,5c7b03f2cab5adeac354634479a5dabf,2017-04-05,2017-04-05,2017-07-01
4788,998094022,H,2017-04-03,2017-04-16,183,Offline,3,14112,576686.88,399863.52,176823.36,2017-04-03,2017-04-16,2017-04-16,8ed276d43aeef4e33e9b067ba4c22426,2017-04-16,2017-04-16,2017-07-01
4789,299685847,M,2017-04-03,2017-04-24,83,Online,1,5114,23856.81,17694.44,6162.37,2017-04-03,2017-04-24,2017-04-24,8ef9e1c878fcd7d50682c145250f8155,2017-04-24,2017-04-24,2017-07-01
4790,549058330,H,2017-04-03,2017-05-11,153,Online,12,14832,4955890.32,3726836.64,1229053.68,2017-04-03,2017-05-11,2017-05-11,858be828576497ea5ff797043f42e0f1,2017-05-11,2017-05-11,2017-07-01
4791,837906920,L,2017-04-04,2017-05-16,58,Online,2,8266,196110.85,131388.07,64722.78,2017-04-04,2017-05-16,2017-05-16,15f550d23850523dae841fe92100aa58,2017-05-16,2017-05-16,2017-07-01
4792,598767602,C,2017-04-04,2017-05-21,42,Offline,12,14988,5008015.38,3766034.76,1241980.62,2017-04-04,2017-05-21,2017-05-21,fb8b98d939394a12c7a8524f55074a7c,2017-05-21,2017-05-21,2017-07-01
4793,172598922,M,2017-04-05,2017-04-18,161,Online,5,9422,718804.38,459039.84,259764.54,2017-04-05,2017-04-18,2017-04-18,d7a88494d922e75b637fdf0ce5c9df79,2017-04-18,2017-04-18,2017-07-01
4794,779184997,M,2017-04-06,2017-04-17,106,Online,5,14022,1069738.38,683151.84,386586.54,2017-04-06,2017-04-17,2017-04-17,f0bdcdb462646ea3d634c6bf30f662f9,2017-04-17,2017-04-17,2017-07-01
4795,240845906,M,2017-04-06,2017-04-21,69,Online,5,1022,77968.38,49791.84,28176.54,2017-04-06,2017-04-21,2017-04-21,bf7d930314f0ec5f005e0d86b2b8bcb8,2017-04-21,2017-04-21,2017-07-01
4796,766669166,M,2017-04-06,2017-04-21,184,Offline,6,6596,508089.88,299887.14,208202.74,2017-04-06,2017-04-21,2017-04-21,e8d8202b7cbba51c4f391c3314c9fd83,2017-04-21,2017-04-21,2017-07-01
4797,874628293,H,2017-04-07,2017-04-11,39,Online,2,1606,38102.35,25527.37,12574.98,2017-04-07,2017-04-11,2017-04-11,fa4424230c6d0daa32d67a0dac46e349,2017-04-11,2017-04-11,2017-07-01
4798,569170606,M,2017-04-07,2017-04-13,139,Offline,5,18170,1386189.3,885242.4,500946.9,2017-04-07,2017-04-13,2017-04-13,6d2344e3c49d34194825eb06dcfc9f24,2017-04-13,2017-04-13,2017-07-01
4799,261548268,L,2017-04-07,2017-04-15,176,Offline,5,13600,1037544,662592,374952,2017-04-07,2017-04-15,2017-04-15,b70b8bcf07249e97bf8d59416af8768f,2017-04-15,2017-04-15,2017-07-01
4800,121945512,C,2017-04-08,2017-04-12,169,Online,2,10484,248732.9,166643.18,82089.72,2017-04-08,2017-04-12,2017-04-12,7b3189e3476a398a432ae3e23b5ce319,2017-04-12,2017-04-12,2017-07-01
4801,383833825,L,2017-04-08,2017-04-25,179,Offline,5,7626,581787.54,371538.72,210248.82,2017-04-08,2017-04-25,2017-04-25,27d20e1f6cc1a7e9de8a968abc056e58,2017-04-25,2017-04-25,2017-07-01
4802,961531007,L,2017-04-09,2017-05-04,10,Offline,1,14494,67614.51,50149.24,17465.27,2017-04-09,2017-05-04,2017-05-04,49122486de7a018a889e65e59ec21159,2017-05-04,2017-05-04,2017-07-01
4803,894858586,C,2017-04-10,2017-05-27,133,Online,11,14792,4816349.16,3882604.16,933745,2017-04-10,2017-05-27,2017-05-27,2f713d7983685d8645afbf5b3e9bfb59,2017-05-27,2017-05-27,2017-07-01
4804,274694526,C,2017-04-13,2017-05-11,66,Offline,3,14138,577749.37,400600.23,177149.14,2017-04-13,2017-05-11,2017-05-11,c0882eacc5eedcd19a3160d2bf9e5d73,2017-05-11,2017-05-11,2017-07-01
4805,972984683,H,2017-04-14,2017-05-30,3,Online,9,13288,2803037.16,2423000.36,380036.8,2017-04-14,2017-05-30,2017-05-30,a0f0369b474ee169afb6ec48b4f4be43,2017-05-30,2017-05-30,2017-07-01
4806,939412438,C,2017-04-15,2017-05-16,41,Offline,5,3742,285477.18,182310.24,103166.94,2017-04-15,2017-05-16,2017-05-16,a4979f81e8b939c3212b4d29d6a85d2c,2017-05-16,2017-05-16,2017-07-01
4807,186847674,M,2017-04-16,2017-04-23,145,Online,10,2468,539504.8,324949.22,214555.58,2017-04-16,2017-04-23,2017-04-23,3945919586bb06c7dfcdd84b88b80573,2017-04-23,2017-04-23,2017-07-01
4808,899818313,L,2017-04-16,2017-05-05,126,Offline,3,10180,416005.7,288450.3,127555.4,2017-04-16,2017-05-05,2017-05-05,cd0a013e252b2233ed16f88ea8f12910,2017-05-05,2017-05-05,2017-07-01
4809,800045716,M,2017-04-16,2017-05-14,24,Online,3,322,13158.53,9123.87,4034.66,2017-04-16,2017-05-14,2017-05-14,75dd66ae5d59f5896dd90b667905d120,2017-05-14,2017-05-14,2017-07-01
4810,163744628,L,2017-04-17,2017-05-01,118,Offline,11,9058,2949330.09,2377543.84,571786.25,2017-04-17,2017-05-01,2017-05-01,92395c5a981883e1d4a327c36a668cd8,2017-05-01,2017-05-01,2017-07-01
4811,485929429,C,2017-04-17,2017-05-19,155,Offline,3,12342,504355.83,349710.57,154645.26,2017-04-17,2017-05-19,2017-05-19,ad81c1a301786345cd87a9bea1c2f61b,2017-05-19,2017-05-19,2017-07-01
4813,491833293,L,2017-04-19,2017-04-23,105,Online,4,6512,355815.68,116695.04,239120.64,2017-04-19,2017-04-23,2017-04-23,223e9f5fec171ea1e538f761ca77fbc2,2017-04-23,2017-04-23,2017-07-01
4814,583301341,L,2017-04-19,2017-05-13,146,Offline,5,1368,104364.72,66648.96,37715.76,2017-04-19,2017-05-13,2017-05-13,0ab5565f4fade4333e0b6fb4a995538b,2017-05-13,2017-05-13,2017-07-01
4815,188068187,L,2017-04-20,2017-04-25,165,Online,1,4822,22494.63,16684.12,5810.51,2017-04-20,2017-04-25,2017-04-25,930fb58b1d1ca0fc6d8fff548593a6ef,2017-04-25,2017-04-25,2017-07-01
4816,306496512,L,2017-04-20,2017-05-06,125,Online,12,15968,5335467.68,4012279.36,1323188.32,2017-04-20,2017-05-06,2017-05-06,308ad2818dc0d541b5150658214ecb0f,2017-05-06,2017-05-06,2017-07-01
4817,959170663,M,2017-04-20,2017-05-14,183,Offline,2,17538,416089.05,278766.51,137322.54,2017-04-20,2017-05-14,2017-05-14,5f78981bfd47640ed9e5497e9a298239,2017-05-14,2017-05-14,2017-07-01
4818,948819482,L,2017-04-20,2017-05-17,86,Online,6,11248,866433.44,511390.32,355043.12,2017-04-20,2017-05-17,2017-05-17,a608e5397ff175bb60038ae30ed16822,2017-05-17,2017-05-17,2017-07-01
4819,445745217,L,2017-04-20,2017-06-04,148,Online,9,9540,2012415.3,1739571.3,272844,2017-04-20,2017-06-04,2017-06-04,10728b1f4dc54ada1fff89a0b523f0b2,2017-06-04,2017-06-04,2017-07-01
4820,564173543,L,2017-04-21,2017-04-26,118,Offline,8,686,87561.04,54681.06,32879.98,2017-04-21,2017-04-26,2017-04-26,4e55b2ad74dbc267cf95d92876764b40,2017-04-26,2017-04-26,2017-07-01
4821,408315742,L,2017-04-21,2017-05-23,136,Online,6,17112,1318137.36,777997.08,540140.28,2017-04-21,2017-05-23,2017-05-23,22f8e4d60c6e5723a5b8e9574a2b3adb,2017-05-23,2017-05-23,2017-07-01
4822,175434339,H,2017-04-21,2017-05-26,125,Offline,6,7548,581422.44,343169.82,238252.62,2017-04-21,2017-05-26,2017-05-26,03a8cd9b6221a24cd9b43979d9b113e8,2017-05-26,2017-05-26,2017-07-01
4823,975661742,C,2017-04-21,2017-06-03,42,Online,1,17692,82533.18,61214.32,21318.86,2017-04-21,2017-06-03,2017-06-03,a550ebf7cd3e41c5cd8ca55c4e1eb331,2017-06-03,2017-06-03,2017-07-01
4824,414219605,H,2017-04-22,2017-04-27,107,Offline,9,11282,2379881.49,2057216.29,322665.2,2017-04-22,2017-04-27,2017-04-27,52e1be42cc2440b91499ecc43dd97fa8,2017-04-27,2017-04-27,2017-07-01
4825,133675563,L,2017-04-22,2017-05-16,22,Offline,10,12848,2808572.8,1691631.92,1116940.88,2017-04-22,2017-05-16,2017-05-16,9fcbb17ab2d6941238eab0a6de1392a7,2017-05-16,2017-05-16,2017-07-01
4826,807052075,C,2017-04-22,2017-05-16,56,Offline,11,6996,2277932.58,1836310.08,441622.5,2017-04-22,2017-05-16,2017-05-16,b170c39d24e12cda7cdd85d898af8fe0,2017-05-16,2017-05-16,2017-07-01
4827,565984141,C,2017-04-22,2017-05-22,73,Online,5,12280,936841.2,598281.6,338559.6,2017-04-22,2017-05-22,2017-05-22,952cc10321d3cbc89dfd31b8a7ca56f1,2017-05-22,2017-05-22,2017-07-01
4828,594991052,M,2017-04-22,2017-06-06,79,Offline,5,19858,1514966.82,967481.76,547485.06,2017-04-22,2017-06-06,2017-06-06,08016f38c2c90bac5cd0b689103a5fcf,2017-06-06,2017-06-06,2017-07-01
4829,850621449,L,2017-04-23,2017-05-02,10,Online,9,13288,2803037.16,2423000.36,380036.8,2017-04-23,2017-05-02,2017-05-02,8bd6d33a96c35a2bafdd9f2dbda7a9fe,2017-05-02,2017-05-02,2017-07-01
4830,567912757,C,2017-04-23,2017-05-22,89,Online,7,13720,1411102,803374.6,607727.4,2017-04-23,2017-05-22,2017-05-22,c64bb88de5c32f45c718c911c8493dd5,2017-05-22,2017-05-22,2017-07-01
4831,852668082,M,2017-04-23,2017-05-27,146,Online,7,4578,470847.3,268064.79,202782.51,2017-04-23,2017-05-27,2017-05-27,bf05effbafe36fe0918c4ac0d55137ae,2017-05-27,2017-05-27,2017-07-01
4832,692362964,H,2017-04-24,2017-05-31,52,Offline,7,8884,913719.4,520202.62,393516.78,2017-04-24,2017-05-31,2017-05-31,6a95a1776c1ceba7da3cf7893c4dc227,2017-05-31,2017-05-31,2017-07-01
4833,783594977,H,2017-04-25,2017-05-01,155,Offline,9,4044,853061.58,737403.18,115658.4,2017-04-25,2017-05-01,2017-05-01,0c3b71b3aabd47ebb75a861756feb968,2017-05-01,2017-05-01,2017-07-01
4834,604870164,L,2017-04-25,2017-06-05,15,Offline,5,6756,515415.24,329152.32,186262.92,2017-04-25,2017-06-05,2017-06-05,43378c4b189fd04f530c0c569a85242b,2017-06-05,2017-06-05,2017-07-01
4835,629547774,L,2017-04-26,2017-05-03,57,Offline,4,12062,659067.68,216151.04,442916.64,2017-04-26,2017-05-03,2017-05-03,278136ee26bb4c125eb9a479e319864c,2017-05-03,2017-05-03,2017-07-01
4836,166067636,L,2017-04-26,2017-06-02,53,Offline,7,3918,402966.3,229418.49,173547.81,2017-04-26,2017-06-02,2017-06-02,5a97066598ea315556ee92a06b6a730a,2017-06-02,2017-06-02,2017-07-01
4837,151269137,C,2017-04-27,2017-05-14,42,Offline,1,5508,25694.82,19057.68,6637.14,2017-04-27,2017-05-14,2017-05-14,5ad1eb3403bef0fdb98d83bfeec55b52,2017-05-14,2017-05-14,2017-07-01
4838,436024463,H,2017-04-27,2017-05-19,123,Offline,10,16366,3577607.6,2154829.39,1422778.21,2017-04-27,2017-05-19,2017-05-19,3e215fb1ba5ddb629b6573f7d95517ee,2017-05-19,2017-05-19,2017-07-01
4839,122144210,C,2017-04-27,2017-05-24,140,Offline,2,8082,191745.45,128463.39,63282.06,2017-04-27,2017-05-24,2017-05-24,3d59f099d3dce0e5d0776cf78c35e973,2017-05-24,2017-05-24,2017-07-01
4840,649896085,H,2017-04-28,2017-05-24,132,Offline,12,15096,5044101.96,3793171.92,1250930.04,2017-04-28,2017-05-24,2017-05-24,6d033f56057ce95939fc0fa8f8e6e356,2017-05-24,2017-05-24,2017-07-01
4841,379467189,C,2017-04-29,2017-06-09,56,Offline,7,3258,335085.3,190772.19,144313.11,2017-04-29,2017-06-09,2017-06-09,c352b48af5dbd0282a21420360b157e6,2017-06-09,2017-06-09,2017-07-01
4842,250569665,L,2017-04-30,2017-05-08,59,Offline,4,15974,872819.36,286254.08,586565.28,2017-04-30,2017-05-08,2017-05-08,0521816b9ea730fb62ce9a2087b76197,2017-05-08,2017-05-08,2017-07-01
4843,923828160,H,2017-04-30,2017-06-03,123,Offline,12,274,91552.99,68847.98,22705.01,2017-04-30,2017-06-03,2017-06-03,103d2e5af0ef370d860826d34d377651,2017-06-03,2017-06-03,2017-07-01
4844,317006051,H,2017-04-30,2017-06-05,24,Offline,2,15980,379125.5,254002.1,125123.4,2017-04-30,2017-06-05,2017-06-05,961799130b41363599b77266e80e9400,2017-06-05,2017-06-05,2017-07-01
4845,657964599,C,2017-04-30,2017-06-17,179,Online,5,10402,793568.58,506785.44,286783.14,2017-04-30,2017-06-17,2017-06-17,f1cb1988c99fad0d55c69f589d15fa3e,2017-06-17,2017-06-17,2017-07-01
4846,343730294,L,2017-05-01,2017-05-28,139,Online,11,12574,4094157.27,3300423.52,793733.75,2017-05-01,2017-05-28,2017-05-28,d048d613fdd670fff67c0e7e8961b1a5,2017-05-28,2017-05-28,2017-07-01
4847,406191432,L,2017-05-01,2017-06-01,3,Offline,12,19852,6633248.02,4988212.04,1645035.98,2017-05-01,2017-06-01,2017-06-01,6c54ac3fff23fa843dc0ac9e20352207,2017-06-01,2017-06-01,2017-07-01
4848,152607667,C,2017-05-01,2017-06-11,181,Offline,12,17710,5917530.85,4449991.7,1467539.15,2017-05-01,2017-06-11,2017-06-11,d128afbea778069f9a5178a4d550d5a3,2017-06-11,2017-06-11,2017-07-01
4849,146349751,M,2017-05-01,2017-06-13,90,Online,6,13998,1078265.94,636419.07,441846.87,2017-05-01,2017-06-13,2017-06-13,50240bfac0b383828997a2c60540f7b1,2017-06-13,2017-06-13,2017-07-01
4850,692757356,H,2017-05-02,2017-05-12,88,Offline,9,2302,485595.39,419758.19,65837.2,2017-05-02,2017-05-12,2017-05-12,2fe39e04270417d22f39904eca78ef0d,2017-05-12,2017-05-12,2017-07-01
4851,245768296,C,2017-05-03,2017-05-12,179,Offline,6,14310,1102299.3,650604.15,451695.15,2017-05-03,2017-05-12,2017-05-12,b1af63293a3ba14e41ab305e51a36dc1,2017-05-12,2017-05-12,2017-07-01
4852,181260526,M,2017-05-03,2017-06-03,155,Offline,11,15744,5126325.12,4132485.12,993840,2017-05-03,2017-06-03,2017-06-03,c9a5a69127ad6bebf2fe72bd879b415c,2017-06-03,2017-06-03,2017-07-01
4853,459757936,H,2017-05-03,2017-06-10,60,Offline,10,2890,631754,380511.85,251242.15,2017-05-03,2017-06-10,2017-06-10,5a4bedf72610e538d3d4f4f9258040ca,2017-06-10,2017-06-10,2017-07-01
4854,858376252,C,2017-05-05,2017-05-09,1,Online,5,2926,223224.54,142554.72,80669.82,2017-05-05,2017-05-09,2017-05-09,fa7110706cbcc50d2e61102c31012fb4,2017-05-09,2017-05-09,2017-07-01
4855,781470668,H,2017-05-05,2017-05-10,124,Online,5,6782,517398.78,330419.04,186979.74,2017-05-05,2017-05-10,2017-05-10,483af670321b9a0d5b9caa9e6363b55e,2017-05-10,2017-05-10,2017-07-01
4856,727550113,L,2017-05-05,2017-05-29,116,Online,1,14202,66252.33,49138.92,17113.41,2017-05-05,2017-05-29,2017-05-29,dba478a7a5061dcc1d01f6f2435fd0d2,2017-05-29,2017-05-29,2017-07-01
4857,920719373,H,2017-05-05,2017-06-08,176,Offline,12,356,118952.06,89452.12,29499.94,2017-05-05,2017-06-08,2017-06-08,5240d11c9afa75427c7a230836048995,2017-06-08,2017-06-08,2017-07-01
4858,887501180,C,2017-05-05,2017-06-20,169,Online,10,352,76947.2,46346.08,30601.12,2017-05-05,2017-06-20,2017-06-20,81a8b74779393f108b9aab82720ab37d,2017-06-20,2017-06-20,2017-07-01
4859,172365891,M,2017-05-06,2017-06-09,3,Online,12,11504,3843889.04,2890610.08,953278.96,2017-05-06,2017-06-09,2017-06-09,397bfc3c6103c8801bebbe72e821711c,2017-06-09,2017-06-09,2017-07-01
4860,826968657,H,2017-05-06,2017-06-15,54,Offline,10,14516,3173197.6,1911249.14,1261948.46,2017-05-06,2017-06-15,2017-06-15,cfeda0f821023e1d59e98528ff9082e9,2017-06-15,2017-06-15,2017-07-01
4861,806148278,H,2017-05-07,2017-05-29,121,Online,4,12090,660597.6,216652.8,443944.8,2017-05-07,2017-05-29,2017-05-29,cdab7f077802ac8dead61871daa8c5ab,2017-05-29,2017-05-29,2017-07-01
4862,336292207,H,2017-05-07,2017-06-05,47,Online,9,10384,2190452.88,1893470.48,296982.4,2017-05-07,2017-06-05,2017-06-05,37722968fb4f29f86063f6e3ac3ffa7f,2017-06-05,2017-06-05,2017-07-01
4863,259032571,L,2017-05-09,2017-05-13,180,Online,6,4698,361886.94,213594.57,148292.37,2017-05-09,2017-05-13,2017-05-13,17a5ca358acf34587ec9a55eed49e278,2017-05-13,2017-05-13,2017-07-01
4864,920011270,M,2017-05-09,2017-06-12,84,Offline,9,1268,267478.26,231213.46,36264.8,2017-05-09,2017-06-12,2017-06-12,1702d35937a0c0bc4381d20b82afd719,2017-06-12,2017-06-12,2017-07-01
4865,880535161,C,2017-05-09,2017-06-25,85,Offline,12,17552,5864737.52,4410291.04,1454446.48,2017-05-09,2017-06-25,2017-06-25,b3a35129862715f23014e0972c597059,2017-06-25,2017-06-25,2017-07-01
4866,953111445,H,2017-05-10,2017-06-27,152,Offline,12,11424,3817158.24,2870508.48,946649.76,2017-05-10,2017-06-27,2017-06-27,0f50c864a4a2ff14e74155a0c915c5e5,2017-06-27,2017-06-27,2017-07-01
4867,613845479,H,2017-05-12,2017-06-17,141,Offline,1,18746,87450.09,64861.16,22588.93,2017-05-12,2017-06-17,2017-06-17,893f364ed806d4b622662c90ffeeca22,2017-06-17,2017-06-17,2017-07-01
4868,102230632,L,2017-05-13,2017-06-13,140,Online,4,2342,127966.88,41968.64,85998.24,2017-05-13,2017-06-13,2017-06-13,8303bc28dd5079d1453f2ed140b08471,2017-06-13,2017-06-13,2017-07-01
4869,748646867,C,2017-05-13,2017-06-22,106,Online,4,198,10818.72,3548.16,7270.56,2017-05-13,2017-06-22,2017-06-22,3bba42e97338d6faddde4213a8a73488,2017-06-22,2017-06-22,2017-07-01
4870,923160398,L,2017-05-14,2017-06-15,34,Offline,4,5062,276587.68,90711.04,185876.64,2017-05-14,2017-06-15,2017-06-15,2091d06efdb6f9ae9cf5aae4a1c45fc4,2017-06-15,2017-06-15,2017-07-01
4871,461726891,M,2017-05-14,2017-06-19,149,Online,4,8206,448375.84,147051.52,301324.32,2017-05-14,2017-06-19,2017-06-19,dc5867c47a144d443a63fbe0591c4951,2017-06-19,2017-06-19,2017-07-01
4872,694136226,M,2017-05-16,2017-06-18,111,Online,1,18378,85733.37,63587.88,22145.49,2017-05-16,2017-06-18,2017-06-18,7f5db6e3db640daad1ce18a418f0c2e4,2017-06-18,2017-06-18,2017-07-01
4874,604242742,M,2017-05-18,2017-06-25,159,Online,1,15420,71934.3,53353.2,18581.1,2017-05-18,2017-06-25,2017-06-25,980649c9e86f97f334283d8a5a19057c,2017-06-25,2017-06-25,2017-07-01
4875,645411431,C,2017-05-20,2017-06-12,120,Offline,3,880,35961.2,24934.8,11026.4,2017-05-20,2017-06-12,2017-06-12,3016e187701d443e567689b1c82d7a59,2017-06-12,2017-06-12,2017-07-01
4876,310828816,H,2017-05-20,2017-06-24,29,Online,6,18,1386.54,818.37,568.17,2017-05-20,2017-06-24,2017-06-24,42f0756fd66be194f9fd2280aa659f84,2017-06-24,2017-06-24,2017-07-01
4877,595584142,M,2017-05-20,2017-06-29,104,Online,1,10876,50736.54,37630.96,13105.58,2017-05-20,2017-06-29,2017-06-29,d4f88bd811730cbe0c9401f285fed7da,2017-06-29,2017-06-29,2017-07-01
4878,171344077,H,2017-05-21,2017-05-27,146,Offline,12,6750,2255411.25,1696072.5,559338.75,2017-05-21,2017-05-27,2017-05-27,bb22369c2f4e607c2c14b3bc25fba3fa,2017-05-27,2017-05-27,2017-07-01
4879,653597962,H,2017-05-21,2017-06-11,73,Online,10,6032,1318595.2,794203.28,524391.92,2017-05-21,2017-06-11,2017-06-11,58797500d0706cfd3bfe4e63f8ee25a1,2017-06-11,2017-06-11,2017-07-01
4880,632659566,L,2017-05-21,2017-06-18,98,Offline,6,13760,1059932.8,625598.4,434334.4,2017-05-21,2017-06-18,2017-06-18,b9e69c1e083e41ab08ce6293e07b063f,2017-06-18,2017-06-18,2017-07-01
4881,929812705,H,2017-05-22,2017-05-25,26,Online,9,2194,462813.33,400064.93,62748.4,2017-05-22,2017-05-25,2017-05-25,64da894220f9ff930a7447ab8d9c67c2,2017-05-25,2017-05-25,2017-07-01
4882,243684327,H,2017-05-23,2017-05-30,138,Online,8,924,117939.36,73652.04,44287.32,2017-05-23,2017-05-30,2017-05-30,5e831c6ca2de373b2527055bb2202552,2017-05-30,2017-05-30,2017-07-01
4885,837754571,C,2017-05-25,2017-06-02,59,Online,9,18098,3817682.61,3300079.81,517602.8,2017-05-25,2017-06-02,2017-06-02,72a30d74a7c3d5f41d74ef6dca76549a,2017-06-02,2017-06-02,2017-07-01
4886,367898499,H,2017-05-25,2017-06-09,120,Online,10,16392,3583291.2,2158252.68,1425038.52,2017-05-25,2017-06-09,2017-06-09,a4a9ae42a34a6d943aff65be97dd20b7,2017-06-09,2017-06-09,2017-07-01
4887,482115542,H,2017-05-26,2017-05-28,131,Offline,8,15116,1929406.24,1204896.36,724509.88,2017-05-26,2017-05-28,2017-05-28,69072c8ab60393de644d1d967e6ccf2b,2017-05-28,2017-05-28,2017-07-01
4888,479950892,C,2017-05-26,2017-05-28,82,Offline,8,13978,1784151.92,1114186.38,669965.54,2017-05-26,2017-05-28,2017-05-28,b3e72d100a4e364d679ba21a3563a5f8,2017-05-28,2017-05-28,2017-07-01
4889,858102881,M,2017-05-27,2017-06-23,95,Online,11,1132,368584.86,297127.36,71457.5,2017-05-27,2017-06-23,2017-06-23,8cd23303dd95ac4fc624d0e5acf2219d,2017-06-23,2017-06-23,2017-07-01
4891,826695287,L,2017-05-28,2017-06-09,1,Offline,4,12722,695130.08,227978.24,467151.84,2017-05-28,2017-06-09,2017-06-09,7a99efee51647bc17e6366a884a5b698,2017-06-09,2017-06-09,2017-07-01
4892,820437371,H,2017-05-28,2017-06-11,88,Online,9,9010,1900614.45,1642928.45,257686,2017-05-28,2017-06-11,2017-06-11,e325d5e4390b6aaa1c9e89bdf437919d,2017-06-11,2017-06-11,2017-07-01
4893,543396508,C,2017-05-31,2017-06-05,4,Online,9,3914,825638.73,713698.33,111940.4,2017-05-31,2017-06-05,2017-06-05,58f3b73b71d5375ff78f8ed6c4b9d371,2017-06-05,2017-06-05,2017-07-01
4894,638957822,M,2017-05-31,2017-06-24,91,Online,2,1346,31933.85,21394.67,10539.18,2017-05-31,2017-06-24,2017-06-24,76f9230ad1acf5d746fcd9672d2db45c,2017-06-24,2017-06-24,2017-07-01
4896,251911199,L,2017-06-02,2017-06-04,46,Offline,5,9954,759390.66,484958.88,274431.78,2017-06-02,2017-06-04,2017-06-04,c61751a7f7b0249d890b9a1c260365a6,2017-06-04,2017-06-04,2017-07-01
4898,723577868,H,2017-06-03,2017-06-23,80,Online,8,3252,415085.28,259216.92,155868.36,2017-06-03,2017-06-23,2017-06-23,584505f7787576a2a6269cae0416f2b6,2017-06-23,2017-06-23,2017-07-01
4899,634156453,M,2017-06-03,2017-06-28,76,Offline,9,19684,4152241.38,3589278.98,562962.4,2017-06-03,2017-06-28,2017-06-28,c5292ef927ff694b2fbc9c0277355756,2017-06-28,2017-06-28,2017-07-01
4902,569530665,M,2017-06-04,2017-06-25,74,Online,1,11270,52574.55,38994.2,13580.35,2017-06-04,2017-06-25,2017-06-25,a2dd30ab92d9544abad4e3b096ec3baa,2017-06-25,2017-06-25,2017-07-01
4903,854285991,L,2017-06-04,2017-06-30,59,Online,1,2128,9927.12,7362.88,2564.24,2017-06-04,2017-06-30,2017-06-30,227bddd2ec8ed92c7ad0d67fb15c0886,2017-06-30,2017-06-30,2017-07-01
4904,617193305,M,2017-06-05,2017-06-10,17,Offline,3,138,5639.37,3910.23,1729.14,2017-06-05,2017-06-10,2017-06-10,6cf147e715134e0ecf3480934f52424d,2017-06-10,2017-06-10,2017-07-01
4905,619121921,M,2017-06-06,2017-06-10,36,Offline,5,1578,120385.62,76880.16,43505.46,2017-06-06,2017-06-10,2017-06-10,998e18ae43edb87118461671ba07baf8,2017-06-10,2017-06-10,2017-07-01
4906,899547946,M,2017-06-06,2017-06-17,13,Offline,5,10164,775411.56,495190.08,280221.48,2017-06-06,2017-06-17,2017-06-17,cd2ae8082a1127367b80a8c8a49aaf4a,2017-06-17,2017-06-17,2017-07-01
4908,215584218,M,2017-06-07,2017-06-21,18,Offline,6,10032,772764.96,456104.88,316660.08,2017-06-07,2017-06-21,2017-06-21,d825be2f77440342e882f7ca44bd5d6a,2017-06-21,2017-06-21,2017-07-01
4917,722161662,L,2017-06-10,2017-06-29,82,Offline,9,5078,1071178.71,925947.91,145230.8,2017-06-10,2017-06-29,2017-06-29,268ecee5c75ce9e494b0dd7fad0dc52e,2017-06-29,2017-06-29,2017-07-01
4920,669579637,H,2017-06-13,2017-06-24,39,Offline,6,4698,361886.94,213594.57,148292.37,2017-06-13,2017-06-24,2017-06-24,345e416e2960ccf0f2d6f4c46d114b6c,2017-06-24,2017-06-24,2017-07-01
4925,529504811,C,2017-06-17,2017-06-24,29,Offline,2,2190,51957.75,34810.05,17147.7,2017-06-17,2017-06-24,2017-06-24,55569380b81b1e525db9217c103905b6,2017-06-24,2017-06-24,2017-07-01
4932,900808799,C,2017-06-20,2017-06-28,24,Online,10,16392,3583291.2,2158252.68,1425038.52,2017-06-20,2017-06-28,2017-06-28,b5c3b5d9eb9484be4600fda48098de45,2017-06-28,2017-06-28,2017-07-01
4939,243569314,M,2017-06-23,2017-06-25,146,Online,1,12856,59973.24,44481.76,15491.48,2017-06-23,2017-06-25,2017-06-25,25cd26fa18a0a8db2901eb8838a12402,2017-06-25,2017-06-25,2017-07-01
4638,813456332,C,2017-01-01,2017-01-16,173,Offline,5,8660,1321342.8,843830.4,477512.4,2017-01-01,2017-07-01,2017-01-16,aff274adad23038ec45a9079d595af7a,2017-07-01,2017-07-01,
4639,144055068,M,2017-01-01,2017-02-08,53,Offline,9,7951,3354447.39,2899650.19,454797.2,2017-01-01,2017-07-01,2017-02-08,e801fc7f5c3bf80b4cda9ab214fbe660,2017-07-01,2017-07-01,
4640,588643443,M,2017-01-02,2017-02-11,12,Online,8,1531,390833.68,244072.02,146761.66,2017-01-02,2017-07-01,2017-02-11,767425c7e9be994ebce773c17ca798bb,2017-07-01,2017-07-01,
4641,343482244,M,2017-01-02,2017-02-18,86,Online,10,2884,1260884.8,759443.72,501441.08,2017-01-02,2017-07-01,2017-02-18,68956863f33bf94501599ddda304456e,2017-07-01,2017-07-01,
4642,391026866,C,2017-01-03,2017-01-08,160,Offline,10,2394,1046656.8,630412.02,416244.78,2017-01-03,2017-07-01,2017-01-08,5db47153afa15587043103b8c5fd17e3,2017-07-01,2017-07-01,
4643,361901938,C,2017-01-03,2017-01-18,69,Online,5,3681,561646.98,358676.64,202970.34,2017-01-03,2017-07-01,2017-01-18,669ddbe7570f7da6ec64d66757dac4f4,2017-07-01,2017-07-01,
4644,208208787,C,2017-01-03,2017-02-14,14,Offline,1,2462,22970.46,17037.04,5933.42,2017-01-03,2017-07-01,2017-02-14,5b6e18911f635607fa0f39c6e312d391,2017-07-01,2017-07-01,
4645,311956632,C,2017-01-04,2017-01-10,164,Offline,10,3755,1641686,988804.15,652881.85,2017-01-04,2017-07-01,2017-01-10,1cb090d675ecdfd39e4dd226004bf919,2017-07-01,2017-07-01,
4646,742100560,C,2017-01-04,2017-01-17,137,Offline,5,2902,442787.16,282770.88,160016.28,2017-01-04,2017-07-01,2017-01-17,04981000a2efcacd261e67e355741e9e,2017-07-01,2017-07-01,
4647,989190375,C,2017-01-05,2017-01-10,123,Offline,2,2269,107664.05,72131.51,35532.54,2017-01-05,2017-07-01,2017-01-10,b14c1fc7a932f35b824d3b953c01da47,2017-07-01,2017-07-01,
4648,259728658,H,2017-01-05,2017-01-29,50,Offline,7,8336,1714715.2,976228.96,738486.24,2017-01-05,2017-07-01,2017-01-29,7ae4853fc678d98e32186e3bf654d9c7,2017-07-01,2017-07-01,
4649,735724627,C,2017-01-05,2017-02-15,176,Offline,1,6122,57118.26,42364.24,14754.02,2017-01-05,2017-07-01,2017-02-15,062cf73390d1baf58fb82b8d8cc15e4e,2017-07-01,2017-07-01,
4650,623318183,H,2017-01-06,2017-02-03,173,Offline,6,2557,393931.42,232508.01,161423.41,2017-01-06,2017-07-01,2017-02-03,4b3300c5bee93b820e7fffda75468896,2017-07-01,2017-07-01,
4651,361311852,L,2017-01-06,2017-02-15,88,Offline,8,9061,2313092.08,1444504.62,868587.46,2017-01-06,2017-07-01,2017-02-15,0ea0b41c212d90c0347f9c8b4e7bf038,2017-07-01,2017-07-01,
4652,643666493,L,2017-01-08,2017-02-23,143,Offline,1,4074,38010.42,28192.08,9818.34,2017-01-08,2017-07-01,2017-02-23,3a464b7a0a5c08f33c8759a8a8252c46,2017-07-01,2017-07-01,
4653,560502994,M,2017-01-08,2017-02-26,183,Offline,8,4146,1058390.88,660955.32,397435.56,2017-01-08,2017-07-01,2017-02-26,417ec39a7a588fcc6884354906f84691,2017-07-01,2017-07-01,
4654,994504153,M,2017-01-10,2017-01-13,37,Online,1,4734,44168.22,32759.28,11408.94,2017-01-10,2017-07-01,2017-01-13,0d78a96020beba914e7f2767f5d55e24,2017-07-01,2017-07-01,
4655,709276759,L,2017-01-12,2017-03-01,26,Offline,4,9610,1050180.8,344422.4,705758.4,2017-01-12,2017-07-01,2017-03-01,c3f6a08bdccaf2af57506ea1c26eb5f1,2017-07-01,2017-07-01,
4656,916890466,H,2017-01-13,2017-01-16,21,Offline,8,7119,1817338.32,1134910.98,682427.34,2017-01-13,2017-07-01,2017-01-16,0a7190043bedd238da2429af86434ecd,2017-07-01,2017-07-01,
4657,615290009,M,2017-01-14,2017-01-18,88,Offline,9,6842,2886571.38,2495208.98,391362.4,2017-01-14,2017-07-01,2017-01-18,ceef32913bf6d704b774f044a9b32ed2,2017-07-01,2017-07-01,
4658,920747697,H,2017-01-15,2017-01-17,81,Online,9,8559,3610956.51,3121381.71,489574.8,2017-01-15,2017-07-01,2017-01-17,1bba5103726d65afae613d589503055b,2017-07-01,2017-07-01,
4659,629734456,M,2017-01-15,2017-03-06,112,Online,1,1274,11886.42,8816.08,3070.34,2017-01-15,2017-07-01,2017-03-06,edc1cd31e95eb4b2bd14652d71c8263b,2017-07-01,2017-07-01,
4660,727224385,C,2017-01-16,2017-02-01,129,Online,2,711,33736.95,22602.69,11134.26,2017-01-16,2017-07-01,2017-02-01,3243440a6391642e66b67ad4bc59bf98,2017-07-01,2017-07-01,
4661,437785708,H,2017-01-18,2017-02-25,82,Offline,5,9375,1430437.5,913500,516937.5,2017-01-18,2017-07-01,2017-02-25,19f3c87b3252f56c195dd0f7dfa39ff7,2017-07-01,2017-07-01,
4662,572469079,M,2017-01-20,2017-02-06,82,Offline,8,5177,1321584.56,825317.34,496267.22,2017-01-20,2017-07-01,2017-02-06,734285cb2fed6302dc660f7a71e815dd,2017-07-01,2017-07-01,
4663,958925616,H,2017-01-21,2017-02-03,78,Offline,1,6254,58349.82,43277.68,15072.14,2017-01-21,2017-07-01,2017-02-03,5ad7305fb68e619b68f9f1560b4d9d3c,2017-07-01,2017-07-01,
4664,366429936,M,2017-01-22,2017-02-27,77,Online,2,3616,171579.2,114952.64,56626.56,2017-01-22,2017-07-01,2017-02-27,fdd3dc7616bfc3677ed3de004d6246bf,2017-07-01,2017-07-01,
4665,341398274,L,2017-01-22,2017-03-07,75,Offline,5,6191,944622.78,603251.04,341371.74,2017-01-22,2017-07-01,2017-03-07,46093d56698410c6bdfc1683c3f8b60f,2017-07-01,2017-07-01,
4666,786222684,L,2017-01-22,2017-03-09,22,Online,7,9619,1978628.3,1126481.09,852147.21,2017-01-22,2017-07-01,2017-03-09,3dab77d5887f3dbd01773979d23bc416,2017-07-01,2017-07-01,
4667,989743125,C,2017-01-23,2017-01-25,97,Offline,7,5840,1201288,683922.4,517365.6,2017-01-23,2017-07-01,2017-01-25,a8fe7e510a11dc6d9ffbe189ed0740b7,2017-07-01,2017-07-01,
4668,150039613,M,2017-01-23,2017-01-30,125,Offline,1,8910,83130.3,61657.2,21473.1,2017-01-23,2017-07-01,2017-01-30,76f11cd767f1937ec4fcceeb44340d3d,2017-07-01,2017-07-01,
4669,320105826,H,2017-01-24,2017-02-19,121,Offline,8,5282,1348388.96,842056.44,506332.52,2017-01-24,2017-07-01,2017-02-19,456ee91eebfbf2b8381cb964681921fa,2017-07-01,2017-07-01,
4670,949912965,M,2017-01-24,2017-03-06,45,Online,10,9210,4026612,2425269.3,1601342.7,2017-01-24,2017-07-01,2017-03-06,c81c8db57530fa50fc0b870dc34b5906,2017-07-01,2017-07-01,
4671,315894544,M,2017-01-25,2017-01-27,12,Offline,6,9070,1397324.2,824735.1,572589.1,2017-01-25,2017-07-01,2017-01-27,347ed954b3876752429bd3d35d94c443,2017-07-01,2017-07-01,
4672,542163980,M,2017-01-26,2017-02-21,121,Online,8,7224,1844142.72,1151650.08,692492.64,2017-01-26,2017-07-01,2017-02-21,cb0e72df09a3bb3808d5b8dce0b1e5b4,2017-07-01,2017-07-01,
4673,835341870,M,2017-01-26,2017-02-24,79,Online,10,5077,2219664.4,1336926.41,882737.99,2017-01-26,2017-07-01,2017-02-24,8d150f438ce7644180aee474767caeb9,2017-07-01,2017-07-01,
4674,107808768,M,2017-01-26,2017-03-14,76,Online,3,1865,152426.45,105689.55,46736.9,2017-01-26,2017-07-01,2017-03-14,154b86757c1763d88405e5cb4752608b,2017-07-01,2017-07-01,
4675,228047692,C,2017-01-27,2017-02-27,50,Offline,2,3235,153500.75,102840.65,50660.1,2017-01-27,2017-07-01,2017-02-27,9142e6a38cad5920dd44c1a8c3949339,2017-07-01,2017-07-01,
4676,431804168,H,2017-01-27,2017-03-06,46,Offline,12,9304,6217584.08,4675632.16,1541951.92,2017-01-27,2017-07-01,2017-03-06,ee57b97eace364a58057f89cfb1b7797,2017-07-01,2017-07-01,
4677,387998759,H,2017-01-28,2017-01-30,110,Online,5,6310,962779.8,614846.4,347933.4,2017-01-28,2017-07-01,2017-01-30,28e67d1395152c5d553f46401906aa76,2017-07-01,2017-07-01,
4678,460693061,C,2017-01-28,2017-02-25,75,Offline,1,8169,76216.77,56529.48,19687.29,2017-01-28,2017-07-01,2017-02-25,05fc2391f3c40ea4e5d1842a452b88de,2017-07-01,2017-07-01,
4679,541573894,M,2017-01-29,2017-01-30,12,Offline,7,2605,535848.5,305071.55,230776.95,2017-01-29,2017-07-01,2017-01-30,bc11028af3453eca689e39353aa2f99d,2017-07-01,2017-07-01,
4680,315068423,H,2017-01-29,2017-02-25,132,Offline,4,4603,503015.84,164971.52,338044.32,2017-01-29,2017-07-01,2017-02-25,db9c6cb5da8393b6899eccb4284576f9,2017-07-01,2017-07-01,
4681,720416724,L,2017-01-29,2017-03-12,67,Offline,10,6173,2698835.6,1625536.09,1073299.51,2017-01-29,2017-07-01,2017-03-12,6e27c2ea1ef4487a0e461d2de1178f12,2017-07-01,2017-07-01,
4682,162831819,C,2017-01-31,2017-02-02,17,Offline,2,4408,209159.6,140130.32,69029.28,2017-01-31,2017-07-01,2017-02-02,31ba66aa3d2ce1f451d65deb4dd33ab4,2017-07-01,2017-07-01,
4683,792638957,C,2017-01-31,2017-02-17,98,Online,7,8336,1714715.2,976228.96,738486.24,2017-01-31,2017-07-01,2017-02-17,a9583c00f1fe2438956122109d6aa9d0,2017-07-01,2017-07-01,
4684,528704011,L,2017-01-31,2017-03-02,182,Online,9,4121,1738608.69,1502887.49,235721.2,2017-01-31,2017-07-01,2017-03-02,45ca03ed2a73e5a77eaa56d4db2bcab2,2017-07-01,2017-07-01,
4685,291611325,M,2017-02-01,2017-02-10,5,Offline,5,3126,476965.08,304597.44,172367.64,2017-02-01,2017-07-01,2017-02-10,9e257350153c5fa38e02d2a6c33f7198,2017-07-01,2017-07-01,
4686,688301026,H,2017-02-02,2017-03-01,16,Online,1,2424,22615.92,16774.08,5841.84,2017-02-02,2017-07-01,2017-03-01,a0d0cab7621ff2d25be74a19790f3e02,2017-07-01,2017-07-01,
4687,114579093,L,2017-02-02,2017-03-17,159,Online,12,5355,3578585.85,2691101.7,887484.15,2017-02-02,2017-07-01,2017-03-17,45e332dae09f3e9063c7891dd36d7df2,2017-07-01,2017-07-01,
4688,783626306,H,2017-02-03,2017-03-20,36,Offline,2,1293,61352.85,41104.47,20248.38,2017-02-03,2017-07-01,2017-03-20,896290011d7b2b051fe4b669947c1467,2017-07-01,2017-07-01,
4689,995451295,M,2017-02-04,2017-02-28,165,Online,5,5014,765036.12,488564.16,276471.96,2017-02-04,2017-07-01,2017-02-28,7b0c2f4e41bba207c1f8399d7b9ccb83,2017-07-01,2017-07-01,
4690,687828958,L,2017-02-04,2017-03-02,48,Offline,5,2728,416238.24,265816.32,150421.92,2017-02-04,2017-07-01,2017-03-02,39939ba8cf0c2f17606b1e3c00d2d537,2017-07-01,2017-07-01,
4691,976323497,M,2017-02-06,2017-02-10,144,Online,2,4674,221781.3,148586.46,73194.84,2017-02-06,2017-07-01,2017-02-10,ce6aa7f43cfc52c6a1c70da2d7f2f9d4,2017-07-01,2017-07-01,
4692,654138696,C,2017-02-06,2017-03-16,154,Online,4,3031,331227.68,108631.04,222596.64,2017-02-06,2017-07-01,2017-03-16,96916ade7fe319f8e4a8b8241c219aa0,2017-07-01,2017-07-01,
4693,562788665,M,2017-02-06,2017-03-21,55,Online,8,527,134532.56,84014.34,50518.22,2017-02-06,2017-07-01,2017-03-21,f00b66793eaf156cd3fee878750ec2de,2017-07-01,2017-07-01,
4694,192351138,C,2017-02-08,2017-02-24,129,Offline,3,9831,803487.63,557122.77,246364.86,2017-02-08,2017-07-01,2017-02-24,265ca92bf23d83591dd4ed50a9b93061,2017-07-01,2017-07-01,
4695,518511188,C,2017-02-09,2017-02-16,67,Offline,12,7838,5237900.26,3938908.52,1298991.74,2017-02-09,2017-07-01,2017-02-16,e880c6a5d0101abaa804f65097b05f1d,2017-07-01,2017-07-01,
4696,661971175,L,2017-02-09,2017-02-18,152,Offline,10,836,365499.2,220143.88,145355.32,2017-02-09,2017-07-01,2017-02-18,74727eaffa6e41078c396842066b5a8e,2017-07-01,2017-07-01,
4697,653548610,C,2017-02-09,2017-02-21,164,Offline,2,8412,399149.4,267417.48,131731.92,2017-02-09,2017-07-01,2017-02-21,202cfe2324e3cf59b82e83fd7b5a05d3,2017-07-01,2017-07-01,
4698,601202619,M,2017-02-11,2017-02-15,41,Offline,11,8070,5255264.7,4236427.2,1018837.5,2017-02-11,2017-07-01,2017-02-15,70187a6a4d7b0e8a64391ceb2bfaf23a,2017-07-01,2017-07-01,
4699,439204919,L,2017-02-11,2017-02-19,145,Online,2,9350,443657.5,297236.5,146421,2017-02-11,2017-07-01,2017-02-19,69c5d026a528c1bed7df8cc0759408c8,2017-07-01,2017-07-01,
4700,736240041,L,2017-02-11,2017-02-20,45,Offline,12,8644,5776525.88,4343955.76,1432570.12,2017-02-11,2017-07-01,2017-02-20,464276c7e15fb38f888b97d65f7d58db,2017-07-01,2017-07-01,
4701,983683907,M,2017-02-11,2017-03-10,165,Online,5,2783,424630.14,271175.52,153454.62,2017-02-11,2017-07-01,2017-03-10,402d575047295b192a84b9669c3a33e1,2017-07-01,2017-07-01,
4702,719748961,H,2017-02-11,2017-03-23,48,Offline,1,8567,79930.11,59283.64,20646.47,2017-02-11,2017-07-01,2017-03-23,fc014bd25d675e75e615b1108c5b191c,2017-07-01,2017-07-01,
4703,754895770,M,2017-02-12,2017-03-12,2,Online,7,9289,1910747.3,1087834.79,822912.51,2017-02-12,2017-07-01,2017-03-12,0e4bbf873b51fded13b1a54f8712a4d8,2017-07-01,2017-07-01,
4704,796418511,L,2017-02-12,2017-03-23,167,Online,9,6791,2865054.99,2476609.79,388445.2,2017-02-12,2017-07-01,2017-03-23,771443d96d95edfcd3da2ac5dcc4434c,2017-07-01,2017-07-01,
4705,291179597,H,2017-02-13,2017-02-20,4,Online,12,5368,3587273.36,2697634.72,889638.64,2017-02-13,2017-07-01,2017-02-20,2c80e986104d8bae4ea5a66430953c41,2017-07-01,2017-07-01,
4706,286968314,M,2017-02-13,2017-03-19,13,Online,7,9156,1883389.2,1072259.16,811130.04,2017-02-13,2017-07-01,2017-03-19,6fa676387d39dd084d096b43b2669696,2017-07-01,2017-07-01,
4707,255560719,L,2017-02-14,2017-03-05,100,Offline,11,4951,3224140.71,2599076.96,625063.75,2017-02-14,2017-07-01,2017-03-05,bb794bb69a5a7e9654fb6669ab6fe441,2017-07-01,2017-07-01,
4708,336677587,H,2017-02-14,2017-03-28,80,Offline,8,9234,2357255.52,1472084.28,885171.24,2017-02-14,2017-07-01,2017-03-28,59383696e45f109a624baf5adf58bab4,2017-07-01,2017-07-01,
4709,211637294,C,2017-02-15,2017-02-23,87,Offline,1,7033,65617.89,48668.36,16949.53,2017-02-15,2017-07-01,2017-02-23,adc36f45af4afb61fdc7306e9c233ecc,2017-07-01,2017-07-01,
4710,772725379,L,2017-02-16,2017-03-09,142,Offline,2,5466,259361.7,173764.14,85597.56,2017-02-16,2017-07-01,2017-03-09,6be49a2f4c3844f9f2631c5209e4273c,2017-07-01,2017-07-01,
4711,899340236,H,2017-02-17,2017-03-18,114,Online,2,3616,171579.2,114952.64,56626.56,2017-02-17,2017-07-01,2017-03-18,23c99f22d6425b9880738cf4f08c61f1,2017-07-01,2017-07-01,
4712,691372478,C,2017-02-17,2017-04-07,76,Offline,9,1335,563223.15,486861.15,76362,2017-02-17,2017-07-01,2017-04-07,fa7ee9113ddbe3b32fcc7b2bd62d5664,2017-07-01,2017-07-01,
4713,926064479,L,2017-02-18,2017-03-10,94,Online,11,1913,1245764.73,1004248.48,241516.25,2017-02-18,2017-07-01,2017-03-10,60854889711e5c23bacbacc7bfb4322b,2017-07-01,2017-07-01,
4714,994783532,C,2017-02-18,2017-03-12,142,Online,2,7408,351509.6,235500.32,116009.28,2017-02-18,2017-07-01,2017-03-12,0352ef98dfb1d3918238bdad97c6349e,2017-07-01,2017-07-01,
4715,265085780,C,2017-02-18,2017-03-30,114,Online,6,3628,558929.68,329894.04,229035.64,2017-02-18,2017-07-01,2017-03-30,587f3f362dfc6de0fd60c03ac80d2eb8,2017-07-01,2017-07-01,
4716,840854346,C,2017-02-18,2017-04-08,165,Online,9,6342,2675626.38,2312863.98,362762.4,2017-02-18,2017-07-01,2017-04-08,d7424ff38d3af2f63bf139ee6bbefabf,2017-07-01,2017-07-01,
4717,352342545,M,2017-02-19,2017-03-27,160,Offline,5,4844,739097.52,471999.36,267098.16,2017-02-19,2017-07-01,2017-03-27,27f2b92b36a187e69342c94bf7525f2d,2017-07-01,2017-07-01,
4718,885998284,C,2017-02-21,2017-02-28,11,Offline,4,5436,594046.08,194826.24,399219.84,2017-02-21,2017-07-01,2017-02-28,d5cbcd2ee9d0bffe139c0fd6faec2b86,2017-07-01,2017-07-01,
4719,104190576,C,2017-02-22,2017-03-12,75,Offline,9,1162,490236.18,423769.78,66466.4,2017-02-22,2017-07-01,2017-03-12,aa1191228165cd9e72cff2e6b6eac4cb,2017-07-01,2017-07-01,
4720,241392648,H,2017-02-22,2017-03-16,167,Online,12,2304,1539694.08,1157852.16,381841.92,2017-02-22,2017-07-01,2017-03-16,198b9a2d4043daed5607966a00c0784b,2017-07-01,2017-07-01,
4721,118635022,L,2017-02-23,2017-03-08,112,Online,1,5594,52192.02,38710.48,13481.54,2017-02-23,2017-07-01,2017-03-08,343275fde76e7d52245ed8e853ab864c,2017-07-01,2017-07-01,
4722,588137042,L,2017-02-24,2017-03-28,56,Online,11,1675,1090776.75,879308,211468.75,2017-02-24,2017-07-01,2017-03-28,6f60b6481e489842fe1c382113344d2c,2017-07-01,2017-07-01,
4723,779377686,H,2017-02-24,2017-04-08,82,Offline,3,4032,329535.36,228493.44,101041.92,2017-02-24,2017-07-01,2017-04-08,af676824fe2257d96aab83651ca54a0e,2017-07-01,2017-07-01,
4724,294959151,C,2017-02-25,2017-03-26,57,Online,10,3822,1670978.4,1006447.26,664531.14,2017-02-25,2017-07-01,2017-03-26,70f079595068efa44d09ddf4bba19110,2017-07-01,2017-07-01,
4725,650362145,M,2017-02-25,2017-04-02,110,Online,2,5466,259361.7,173764.14,85597.56,2017-02-25,2017-07-01,2017-04-02,5ec21ad852234dc3ced973f87925309d,2017-07-01,2017-07-01,
4726,610886037,L,2017-02-25,2017-04-15,98,Online,7,3608,742165.6,422532.88,319632.72,2017-02-25,2017-07-01,2017-04-15,d3a119aaa1ad1eb9ada40252599fa3b0,2017-07-01,2017-07-01,
4727,712469232,M,2017-02-26,2017-03-12,50,Online,8,4333,1106128.24,690766.86,415361.38,2017-02-26,2017-07-01,2017-03-12,d605f761ee84b5459d25942d87d64d1e,2017-07-01,2017-07-01,
4728,783116900,L,2017-02-26,2017-03-14,169,Online,4,548,59885.44,19640.32,40245.12,2017-02-26,2017-07-01,2017-03-14,65f3e90a78389ff42f9ae4e7e8f9424b,2017-07-01,2017-07-01,
4729,930670154,L,2017-02-26,2017-03-15,108,Online,9,4835,2039838.15,1763276.15,276562,2017-02-26,2017-07-01,2017-03-15,1aa9738af07675ea634a32f6c878d90b,2017-07-01,2017-07-01,
4730,309285581,H,2017-02-26,2017-04-17,138,Offline,3,3331,272242.63,188767.77,83474.86,2017-02-26,2017-07-01,2017-04-17,44bd3e13c17f172b9eb5946c842572e2,2017-07-01,2017-07-01,
4731,169800841,C,2017-02-27,2017-03-19,42,Online,8,6697,1709610.16,1067635.74,641974.42,2017-02-27,2017-07-01,2017-03-19,00e220fb9b996e2cb8351f5fa1a82f7d,2017-07-01,2017-07-01,
4732,759777820,L,2017-02-28,2017-03-23,53,Online,1,3996,37282.68,27652.32,9630.36,2017-02-28,2017-07-01,2017-03-23,023c9464426a11b3b842891003c53117,2017-07-01,2017-07-01,
4733,861597049,M,2017-02-28,2017-04-09,63,Offline,2,4568,216751.6,145216.72,71534.88,2017-02-28,2017-07-01,2017-04-09,57f2ecbda07eb9eb42017cef5bd06127,2017-07-01,2017-07-01,
4734,410514724,C,2017-03-01,2017-04-10,30,Offline,11,9284,6045833.64,4873728.64,1172105,2017-03-01,2017-07-01,2017-04-10,29eccd14485cf5e40323b947de28b18b,2017-07-01,2017-07-01,
4735,173540055,M,2017-03-01,2017-04-14,119,Offline,10,3214,1405160.8,846342.62,558818.18,2017-03-01,2017-07-01,2017-04-14,33e4538dc9b1a5a2ee62c63e1987a8ce,2017-07-01,2017-07-01,
4736,696844613,M,2017-03-03,2017-03-22,108,Online,9,661,278869.29,241060.09,37809.2,2017-03-03,2017-07-01,2017-03-22,f2ff07710c9773e1b7b9bad81e4cfcf6,2017-07-01,2017-07-01,
4737,636312091,L,2017-03-04,2017-03-18,57,Offline,3,7743,632835.39,438795.81,194039.58,2017-03-04,2017-07-01,2017-03-18,63f9d1fb150351e85fc5bf41e0de75ff,2017-07-01,2017-07-01,
4738,557477891,C,2017-03-04,2017-03-19,173,Online,6,8951,1378991.06,813914.43,565076.63,2017-03-04,2017-07-01,2017-03-19,331b902d95123c4fadc1fd6f8f47b790,2017-07-01,2017-07-01,
4739,239386355,L,2017-03-04,2017-04-20,137,Offline,11,8597,5598452.37,4513081.12,1085371.25,2017-03-04,2017-07-01,2017-04-20,b860c0f8396e83ee9375878493c6ed95,2017-07-01,2017-07-01,
4740,305940759,L,2017-03-04,2017-04-23,103,Online,2,3524,167213.8,112027.96,55185.84,2017-03-04,2017-07-01,2017-04-23,878b605d93750ea677970aca506f6944,2017-07-01,2017-07-01,
4741,658707034,L,2017-03-07,2017-03-13,122,Offline,10,4904,2144028.8,1291370.32,852658.48,2017-03-07,2017-07-01,2017-03-13,de52f6ba8dab6b059f5a298931c35041,2017-07-01,2017-07-01,
4742,311490571,L,2017-03-07,2017-04-23,57,Online,2,5837,276965.65,185558.23,91407.42,2017-03-07,2017-07-01,2017-04-23,a0454c8a2523c97f6da957c848da2e10,2017-07-01,2017-07-01,
4743,941061675,M,2017-03-08,2017-03-20,33,Offline,6,9917,1527813.02,901752.81,626060.21,2017-03-08,2017-07-01,2017-03-20,79fce7ad0a48a44947973da80d5adc32,2017-07-01,2017-07-01,
4744,747774398,M,2017-03-08,2017-04-03,101,Offline,9,1916,808341.24,698746.04,109595.2,2017-03-08,2017-07-01,2017-04-03,ba9e905b04f05d2236801cf7f6da3b7c,2017-07-01,2017-07-01,
4745,947437608,L,2017-03-08,2017-04-12,86,Online,8,6697,1709610.16,1067635.74,641974.42,2017-03-08,2017-07-01,2017-04-12,68322481d1df4804dad8c44b97994375,2017-07-01,2017-07-01,
4746,494190633,L,2017-03-08,2017-04-13,6,Offline,9,845,356497.05,308163.05,48334,2017-03-08,2017-07-01,2017-04-13,fce66d272d5032a91a522dba65425608,2017-07-01,2017-07-01,
4747,491671931,L,2017-03-10,2017-03-21,40,Offline,11,5505,3584911.05,2889904.8,695006.25,2017-03-10,2017-07-01,2017-03-21,9240ed74cc71b0752b6679dfa24cb281,2017-07-01,2017-07-01,
4748,892926967,C,2017-03-10,2017-04-07,165,Online,3,5787,472971.51,327949.29,145022.22,2017-03-10,2017-07-01,2017-04-07,ea46aa953e75766264c57b0b089dd43f,2017-07-01,2017-07-01,
4749,192236125,H,2017-03-11,2017-03-22,144,Offline,2,5796,275020.2,184254.84,90765.36,2017-03-11,2017-07-01,2017-03-22,3ff7e5b336342a3818e4124007e20085,2017-07-01,2017-07-01,
4750,412601697,L,2017-03-11,2017-03-23,142,Offline,11,6866,4471207.86,3604375.36,866832.5,2017-03-11,2017-07-01,2017-03-23,7bab00f3375847abafee1f0ea73c8480,2017-07-01,2017-07-01,
4751,861519372,H,2017-03-11,2017-03-24,31,Online,2,1582,75065.9,50291.78,24774.12,2017-03-11,2017-07-01,2017-03-24,79f2cfd297de48a72084c55e02fa6491,2017-07-01,2017-07-01,
4752,476991450,L,2017-03-11,2017-03-27,54,Offline,5,1225,186910.5,119364,67546.5,2017-03-11,2017-07-01,2017-03-27,d5486c60d2defedce31b65bc7de71ed6,2017-07-01,2017-07-01,
4753,963338601,C,2017-03-11,2017-04-09,89,Online,3,2154,176046.42,122067.18,53979.24,2017-03-11,2017-07-01,2017-04-09,654ba83039cbae561a872a809d14fbbd,2017-07-01,2017-07-01,
4754,412483680,H,2017-03-11,2017-04-18,121,Online,8,1942,495753.76,309593.64,186160.12,2017-03-11,2017-07-01,2017-04-18,9d13abfd09ceafddcba30a15e2852f4e,2017-07-01,2017-07-01,
4755,688698422,H,2017-03-12,2017-04-01,101,Offline,6,22,3389.32,2000.46,1388.86,2017-03-12,2017-07-01,2017-04-01,925c9fbce80048b3113cb9d93448d92b,2017-07-01,2017-07-01,
4756,258436477,M,2017-03-12,2017-04-20,131,Online,1,5951,55522.83,41180.92,14341.91,2017-03-12,2017-07-01,2017-04-20,910501df2c3df1ea32c330baf11a6055,2017-07-01,2017-07-01,
4757,393709933,C,2017-03-12,2017-04-25,147,Offline,1,6373,59460.09,44101.16,15358.93,2017-03-12,2017-07-01,2017-04-25,e7958af3ae5d7ef9d00e1597f68df23b,2017-07-01,2017-07-01,
4758,127374303,C,2017-03-13,2017-03-20,46,Online,2,1742,82657.9,55378.18,27279.72,2017-03-13,2017-07-01,2017-03-20,7ba4f09cbd98e54d9a488b79171a6eed,2017-07-01,2017-07-01,
4759,838180291,H,2017-03-13,2017-04-02,71,Online,6,5029,774767.74,457286.97,317480.77,2017-03-13,2017-07-01,2017-04-02,8dd28aaa011f85bbad2ea8e0440dd184,2017-07-01,2017-07-01,
4760,131585586,C,2017-03-13,2017-04-13,147,Offline,3,7954,650080.42,450753.18,199327.24,2017-03-13,2017-07-01,2017-04-13,a644279d979e2c20dee515a951bf3108,2017-07-01,2017-07-01,
4761,652961528,C,2017-03-14,2017-03-20,179,Online,12,4681,3128171.87,2352389.74,775782.13,2017-03-14,2017-07-01,2017-03-20,33fe23b0237594b3258aeadf21565923,2017-07-01,2017-07-01,
4762,123045003,L,2017-03-14,2017-03-22,86,Offline,2,606,28754.7,19264.74,9489.96,2017-03-14,2017-07-01,2017-03-22,19747cc36ffa3de24b82ccf59941c7f5,2017-07-01,2017-07-01,
4763,399141728,C,2017-03-15,2017-03-31,183,Offline,2,3762,178506.9,119593.98,58912.92,2017-03-15,2017-07-01,2017-03-31,630cc2af4bee2c9e03bd5f575d8dc6c8,2017-07-01,2017-07-01,
4764,972981679,C,2017-03-15,2017-04-09,139,Online,5,5755,878097.9,560767.2,317330.7,2017-03-15,2017-07-01,2017-04-09,d34832e86e8893c6b22915a96082086d,2017-07-01,2017-07-01,
4765,552834880,L,2017-03-16,2017-04-25,56,Online,9,4981,2101434.09,1816520.89,284913.2,2017-03-16,2017-07-01,2017-04-25,6b40039d457d59e8d31bbad3aa71bdf8,2017-07-01,2017-07-01,
4766,748168790,M,2017-03-16,2017-05-05,6,Offline,8,8626,2202045.28,1375156.92,826888.36,2017-03-16,2017-07-01,2017-05-05,6c06920a9c364914acb4734f55557d28,2017-07-01,2017-07-01,
4767,267961537,C,2017-03-17,2017-03-26,182,Online,10,4628,2023361.6,1218691.24,804670.36,2017-03-17,2017-07-01,2017-03-26,8cd7903e0a3d352e7387f345faa6c332,2017-07-01,2017-07-01,
4768,922564303,L,2017-03-17,2017-04-02,185,Offline,12,6134,4099168.18,3082580.36,1016587.82,2017-03-17,2017-07-01,2017-04-02,95ff741930096d753fd551e2f5a45d58,2017-07-01,2017-07-01,
4769,870454347,M,2017-03-18,2017-03-26,22,Online,2,5639,267570.55,179263.81,88306.74,2017-03-18,2017-07-01,2017-03-26,28b5e3825202b962eeaca761cb788d80,2017-07-01,2017-07-01,
4770,517097985,M,2017-03-18,2017-04-14,139,Online,5,9640,1470871.2,939321.6,531549.6,2017-03-18,2017-07-01,2017-04-14,813b6bc1fa891138d2835d14bdd25466,2017-07-01,2017-07-01,
4771,870218312,H,2017-03-19,2017-03-27,139,Offline,1,5792,54039.36,40080.64,13958.72,2017-03-19,2017-07-01,2017-03-27,b706e1ea37c0c32440d7b9580a55a48f,2017-07-01,2017-07-01,
4772,996951186,H,2017-03-19,2017-04-30,56,Online,3,8865,724536.45,502379.55,222156.9,2017-03-19,2017-07-01,2017-04-30,6c0408c270dba3f61516bacc3bdd74e5,2017-07-01,2017-07-01,
4773,734708821,L,2017-03-21,2017-03-24,165,Online,9,5522,2329676.58,2013818.18,315858.4,2017-03-21,2017-07-01,2017-03-24,561787ca1c9631f64e2490bea95c34f1,2017-07-01,2017-07-01,
4774,420828568,M,2017-03-21,2017-03-29,166,Offline,1,1380,12875.4,9549.6,3325.8,2017-03-21,2017-07-01,2017-03-29,f2e3c5aeca9c856525093c61a013f7db,2017-07-01,2017-07-01,
4775,480652987,L,2017-03-23,2017-04-05,23,Offline,8,4755,1213856.4,758042.1,455814.3,2017-03-23,2017-07-01,2017-04-05,7467db0d1fb51039a417c7f9bb23c435,2017-07-01,2017-07-01,
4776,817518270,C,2017-03-23,2017-04-18,103,Offline,12,678,453087.06,340722.12,112364.94,2017-03-23,2017-07-01,2017-04-18,9d0298faa79b4f1b15509ff9f417a427,2017-07-01,2017-07-01,
4777,719556272,H,2017-03-24,2017-04-01,13,Offline,9,1546,652241.94,563810.74,88431.2,2017-03-24,2017-07-01,2017-04-01,0b8468f8b16c5dda4d7ace0e4b4daaf2,2017-07-01,2017-07-01,
4778,122967326,H,2017-03-24,2017-04-25,18,Online,2,7619,361521.55,242208.01,119313.54,2017-03-24,2017-07-01,2017-04-25,9e6d53a873a8bbd2c9166b29c6f69cf3,2017-07-01,2017-07-01,
4779,675868880,L,2017-03-24,2017-05-11,13,Online,7,3476,715013.2,407074.36,307938.84,2017-03-24,2017-07-01,2017-05-11,24deda567ec7283586a5382da04ab2ba,2017-07-01,2017-07-01,
4780,189403712,L,2017-03-25,2017-04-03,143,Offline,8,7622,1945744.16,1215099.24,730644.92,2017-03-25,2017-07-01,2017-04-03,9e45dc241f2f3c6d236d4ed9207c5d85,2017-07-01,2017-07-01,
4781,172676599,C,2017-03-25,2017-05-04,13,Offline,5,7698,1174560.84,750093.12,424467.72,2017-03-25,2017-07-01,2017-05-04,a0eb992a25efcc6888fdda61cee93b04,2017-07-01,2017-07-01,
4782,722233331,H,2017-03-31,2017-04-06,160,Online,6,3747,577262.82,340714.71,236548.11,2017-03-31,2017-07-01,2017-04-06,41b8b1282f84c0da2c896c19f454ab8c,2017-07-01,2017-07-01,
4783,208689868,L,2017-04-01,2017-04-03,83,Online,3,4824,394265.52,273376.08,120889.44,2017-04-01,2017-07-01,2017-04-03,c814efcfc7a6eb763e86c946baa1b4e9,2017-07-01,2017-07-01,
4784,728255212,H,2017-04-01,2017-04-04,133,Offline,5,5755,878097.9,560767.2,317330.7,2017-04-01,2017-07-01,2017-04-04,6910ea88b0f1fc4d78262e095061a726,2017-07-01,2017-07-01,
4785,127691018,L,2017-04-01,2017-04-05,44,Offline,6,5465,841937.9,496932.45,345005.45,2017-04-01,2017-07-01,2017-04-05,687bb9a950ca6ad9ba5205d52d24552f,2017-07-01,2017-07-01,
4786,767849338,M,2017-04-01,2017-04-17,168,Offline,8,2537,647645.36,404448.54,243196.82,2017-04-01,2017-07-01,2017-04-17,bf56ef0dbb33e0a22d85263a1bd0e4e1,2017-07-01,2017-07-01,
4787,956571280,C,2017-04-03,2017-04-05,64,Online,7,9554,1965257.8,1118868.94,846388.86,2017-04-03,2017-07-01,2017-04-05,354cb33ad4f7e4abdd7e83f0ba420067,2017-07-01,2017-07-01,
4788,998094022,H,2017-04-03,2017-04-16,183,Offline,3,7056,576686.88,399863.52,176823.36,2017-04-03,2017-07-01,2017-04-16,6c7e535ec74179bba281d6f4dd640961,2017-07-01,2017-07-01,
4789,299685847,M,2017-04-03,2017-04-24,83,Online,1,2557,23856.81,17694.44,6162.37,2017-04-03,2017-07-01,2017-04-24,92a58b0145a0748399d26866bf57f48e,2017-07-01,2017-07-01,
4790,549058330,H,2017-04-03,2017-05-11,153,Online,12,7416,4955890.32,3726836.64,1229053.68,2017-04-03,2017-07-01,2017-05-11,88b8a26d0276305f5ea530655b417138,2017-07-01,2017-07-01,
4791,837906920,L,2017-04-04,2017-05-16,58,Online,2,4133,196110.85,131388.07,64722.78,2017-04-04,2017-07-01,2017-05-16,82b3e4d628a3bf425ef51357c6a9c372,2017-07-01,2017-07-01,
4792,598767602,C,2017-04-04,2017-05-21,42,Offline,12,7494,5008015.38,3766034.76,1241980.62,2017-04-04,2017-07-01,2017-05-21,f4a8d66ffdd2cf727d08e95b3c8bc57e,2017-07-01,2017-07-01,
4793,172598922,M,2017-04-05,2017-04-18,161,Online,5,4711,718804.38,459039.84,259764.54,2017-04-05,2017-07-01,2017-04-18,8fdedbcac2c46edf16d6a8888a3a6211,2017-07-01,2017-07-01,
4794,779184997,M,2017-04-06,2017-04-17,106,Online,5,7011,1069738.38,683151.84,386586.54,2017-04-06,2017-07-01,2017-04-17,e253604a9787f7c963cdcfa2451fb0c9,2017-07-01,2017-07-01,
4795,240845906,M,2017-04-06,2017-04-21,69,Online,5,511,77968.38,49791.84,28176.54,2017-04-06,2017-07-01,2017-04-21,af56ddf90f161b6dcb6d60a6f3d12245,2017-07-01,2017-07-01,
4796,766669166,M,2017-04-06,2017-04-21,184,Offline,6,3298,508089.88,299887.14,208202.74,2017-04-06,2017-07-01,2017-04-21,7fad57d259987cfdd8016922a2820f95,2017-07-01,2017-07-01,
4797,874628293,H,2017-04-07,2017-04-11,39,Online,2,803,38102.35,25527.37,12574.98,2017-04-07,2017-07-01,2017-04-11,0ff7132f130841e204ee8b96070cd380,2017-07-01,2017-07-01,
4798,569170606,M,2017-04-07,2017-04-13,139,Offline,5,9085,1386189.3,885242.4,500946.9,2017-04-07,2017-07-01,2017-04-13,159fbc7ff3ee0a00891773913805a0b5,2017-07-01,2017-07-01,
4799,261548268,L,2017-04-07,2017-04-15,176,Offline,5,6800,1037544,662592,374952,2017-04-07,2017-07-01,2017-04-15,1edd3c480a72760efd83972516c3967e,2017-07-01,2017-07-01,
4800,121945512,C,2017-04-08,2017-04-12,169,Online,2,5242,248732.9,166643.18,82089.72,2017-04-08,2017-07-01,2017-04-12,095030fb11bbfa62e6339851771252cb,2017-07-01,2017-07-01,
4801,383833825,L,2017-04-08,2017-04-25,179,Offline,5,3813,581787.54,371538.72,210248.82,2017-04-08,2017-07-01,2017-04-25,290ba78071a478d9c687824ebbe2d3f9,2017-07-01,2017-07-01,
4802,961531007,L,2017-04-09,2017-05-04,10,Offline,1,7247,67614.51,50149.24,17465.27,2017-04-09,2017-07-01,2017-05-04,eb9bdacac068b50811069c4c010034e8,2017-07-01,2017-07-01,
4803,894858586,C,2017-04-10,2017-05-27,133,Online,11,7396,4816349.16,3882604.16,933745,2017-04-10,2017-07-01,2017-05-27,04a90cfc5fe1d3e280ead3a5b303f330,2017-07-01,2017-07-01,
4804,274694526,C,2017-04-13,2017-05-11,66,Offline,3,7069,577749.37,400600.23,177149.14,2017-04-13,2017-07-01,2017-05-11,2ff8071f793b7f5a3316d9a15601e353,2017-07-01,2017-07-01,
4805,972984683,H,2017-04-14,2017-05-30,3,Online,9,6644,2803037.16,2423000.36,380036.8,2017-04-14,2017-07-01,2017-05-30,b3c4e72b0ef1a342eb95a1b4e1405d06,2017-07-01,2017-07-01,
4806,939412438,C,2017-04-15,2017-05-16,41,Offline,5,1871,285477.18,182310.24,103166.94,2017-04-15,2017-07-01,2017-05-16,64a218a90df7b637e1b308aa18df7e01,2017-07-01,2017-07-01,
4807,186847674,M,2017-04-16,2017-04-23,145,Online,10,1234,539504.8,324949.22,214555.58,2017-04-16,2017-07-01,2017-04-23,5d136103ee058118081fb4d5dc720c3e,2017-07-01,2017-07-01,
4808,899818313,L,2017-04-16,2017-05-05,126,Offline,3,5090,416005.7,288450.3,127555.4,2017-04-16,2017-07-01,2017-05-05,fe53e275d620b3716c06afd534dd1363,2017-07-01,2017-07-01,
4809,800045716,M,2017-04-16,2017-05-14,24,Online,3,161,13158.53,9123.87,4034.66,2017-04-16,2017-07-01,2017-05-14,162693bbd5b092b967ccd26646f2d028,2017-07-01,2017-07-01,
4810,163744628,L,2017-04-17,2017-05-01,118,Offline,11,4529,2949330.09,2377543.84,571786.25,2017-04-17,2017-07-01,2017-05-01,385f0422fc68ae461e501c512e0314c4,2017-07-01,2017-07-01,
4811,485929429,C,2017-04-17,2017-05-19,155,Offline,3,6171,504355.83,349710.57,154645.26,2017-04-17,2017-07-01,2017-05-19,ba2afb5b7041fd544b75fdf1ef52590d,2017-07-01,2017-07-01,
4812,130172383,L,2017-04-19,2017-04-19,132,Online,4,9756,1066135.68,349655.04,716480.64,2017-04-19,2017-07-01,2017-04-19,e4843482df6765d9d3693fc34398607c,2017-07-01,2017-07-01,
4813,491833293,L,2017-04-19,2017-04-23,105,Online,4,3256,355815.68,116695.04,239120.64,2017-04-19,2017-07-01,2017-04-23,b27afbc30c6cb92d368f2b1de4261703,2017-07-01,2017-07-01,
4814,583301341,L,2017-04-19,2017-05-13,146,Offline,5,684,104364.72,66648.96,37715.76,2017-04-19,2017-07-01,2017-05-13,4a3e91f6671a5869021d99881225d2cf,2017-07-01,2017-07-01,
4815,188068187,L,2017-04-20,2017-04-25,165,Online,1,2411,22494.63,16684.12,5810.51,2017-04-20,2017-07-01,2017-04-25,e3d671c257cd9d90156c044915db7119,2017-07-01,2017-07-01,
4816,306496512,L,2017-04-20,2017-05-06,125,Online,12,7984,5335467.68,4012279.36,1323188.32,2017-04-20,2017-07-01,2017-05-06,f16e3f317b6c6f2f4f801b86e1a0c9a6,2017-07-01,2017-07-01,
4817,959170663,M,2017-04-20,2017-05-14,183,Offline,2,8769,416089.05,278766.51,137322.54,2017-04-20,2017-07-01,2017-05-14,1c854fe7cdd421fe432812316a7aaf0e,2017-07-01,2017-07-01,
4818,948819482,L,2017-04-20,2017-05-17,86,Online,6,5624,866433.44,511390.32,355043.12,2017-04-20,2017-07-01,2017-05-17,7f5617cd82ce9ed56bae63df7ba03043,2017-07-01,2017-07-01,
4819,445745217,L,2017-04-20,2017-06-04,148,Online,9,4770,2012415.3,1739571.3,272844,2017-04-20,2017-07-01,2017-06-04,b9a06c3388ee351c15fdffe2a3c0198f,2017-07-01,2017-07-01,
4820,564173543,L,2017-04-21,2017-04-26,118,Offline,8,343,87561.04,54681.06,32879.98,2017-04-21,2017-07-01,2017-04-26,47ea793433e0f7a70fbc929ddd3aa7b8,2017-07-01,2017-07-01,
4821,408315742,L,2017-04-21,2017-05-23,136,Online,6,8556,1318137.36,777997.08,540140.28,2017-04-21,2017-07-01,2017-05-23,768c3bef83139efdc3b2cba346e53102,2017-07-01,2017-07-01,
4822,175434339,H,2017-04-21,2017-05-26,125,Offline,6,3774,581422.44,343169.82,238252.62,2017-04-21,2017-07-01,2017-05-26,9740fef6ec5dc24ccedd322613e47177,2017-07-01,2017-07-01,
4823,975661742,C,2017-04-21,2017-06-03,42,Online,1,8846,82533.18,61214.32,21318.86,2017-04-21,2017-07-01,2017-06-03,2b987be14a86c0ad68a34fbf2d144c70,2017-07-01,2017-07-01,
4824,414219605,H,2017-04-22,2017-04-27,107,Offline,9,5641,2379881.49,2057216.29,322665.2,2017-04-22,2017-07-01,2017-04-27,106638df0490d5665a0801d18cf9c7c6,2017-07-01,2017-07-01,
4825,133675563,L,2017-04-22,2017-05-16,22,Offline,10,6424,2808572.8,1691631.92,1116940.88,2017-04-22,2017-07-01,2017-05-16,cd8616a239196edd09b7ee8f5939e518,2017-07-01,2017-07-01,
4826,807052075,C,2017-04-22,2017-05-16,56,Offline,11,3498,2277932.58,1836310.08,441622.5,2017-04-22,2017-07-01,2017-05-16,6bb503ef4e43930db2fb16662cde2a57,2017-07-01,2017-07-01,
4827,565984141,C,2017-04-22,2017-05-22,73,Online,5,6140,936841.2,598281.6,338559.6,2017-04-22,2017-07-01,2017-05-22,9cb33b602de2faf4ee9abd75034143f7,2017-07-01,2017-07-01,
4828,594991052,M,2017-04-22,2017-06-06,79,Offline,5,9929,1514966.82,967481.76,547485.06,2017-04-22,2017-07-01,2017-06-06,3d0e0e5a6dfd6724ea01cd90dfefff81,2017-07-01,2017-07-01,
4829,850621449,L,2017-04-23,2017-05-02,10,Online,9,6644,2803037.16,2423000.36,380036.8,2017-04-23,2017-07-01,2017-05-02,252c582193756908f8d59f5efbf63cb1,2017-07-01,2017-07-01,
4830,567912757,C,2017-04-23,2017-05-22,89,Online,7,6860,1411102,803374.6,607727.4,2017-04-23,2017-07-01,2017-05-22,d23221baa05e1093f66369bbd0054197,2017-07-01,2017-07-01,
4831,852668082,M,2017-04-23,2017-05-27,146,Online,7,2289,470847.3,268064.79,202782.51,2017-04-23,2017-07-01,2017-05-27,0b80ae852ecf99018f9a541e17591b2c,2017-07-01,2017-07-01,
4832,692362964,H,2017-04-24,2017-05-31,52,Offline,7,4442,913719.4,520202.62,393516.78,2017-04-24,2017-07-01,2017-05-31,5f138a5e2a0cfad758653f93ec87daba,2017-07-01,2017-07-01,
4833,783594977,H,2017-04-25,2017-05-01,155,Offline,9,2022,853061.58,737403.18,115658.4,2017-04-25,2017-07-01,2017-05-01,6502d2093854926d72af9fc72e022894,2017-07-01,2017-07-01,
4834,604870164,L,2017-04-25,2017-06-05,15,Offline,5,3378,515415.24,329152.32,186262.92,2017-04-25,2017-07-01,2017-06-05,cfe85d55d7d82323b388383d62687b5e,2017-07-01,2017-07-01,
4835,629547774,L,2017-04-26,2017-05-03,57,Offline,4,6031,659067.68,216151.04,442916.64,2017-04-26,2017-07-01,2017-05-03,fdfc74208f8fba6c0f07bd5d0db3b0aa,2017-07-01,2017-07-01,
4836,166067636,L,2017-04-26,2017-06-02,53,Offline,7,1959,402966.3,229418.49,173547.81,2017-04-26,2017-07-01,2017-06-02,67a90d56a24f3270264f217ad20285aa,2017-07-01,2017-07-01,
4837,151269137,C,2017-04-27,2017-05-14,42,Offline,1,2754,25694.82,19057.68,6637.14,2017-04-27,2017-07-01,2017-05-14,78a1036ed2d8c274cc3875e4da88670e,2017-07-01,2017-07-01,
4838,436024463,H,2017-04-27,2017-05-19,123,Offline,10,8183,3577607.6,2154829.39,1422778.21,2017-04-27,2017-07-01,2017-05-19,cf8f381c0e647ecf3166bf9423236de0,2017-07-01,2017-07-01,
4839,122144210,C,2017-04-27,2017-05-24,140,Offline,2,4041,191745.45,128463.39,63282.06,2017-04-27,2017-07-01,2017-05-24,9599052982006e9a1565dcdc4c7f1001,2017-07-01,2017-07-01,
4840,649896085,H,2017-04-28,2017-05-24,132,Offline,12,7548,5044101.96,3793171.92,1250930.04,2017-04-28,2017-07-01,2017-05-24,40e9989b7b32902b8059208635366872,2017-07-01,2017-07-01,
4841,379467189,C,2017-04-29,2017-06-09,56,Offline,7,1629,335085.3,190772.19,144313.11,2017-04-29,2017-07-01,2017-06-09,e39a346505c05d8d9517b7675e1342fa,2017-07-01,2017-07-01,
4842,250569665,L,2017-04-30,2017-05-08,59,Offline,4,7987,872819.36,286254.08,586565.28,2017-04-30,2017-07-01,2017-05-08,c4fdf314714a0f6f24fd561e13fc8ccc,2017-07-01,2017-07-01,
4843,923828160,H,2017-04-30,2017-06-03,123,Offline,12,137,91552.99,68847.98,22705.01,2017-04-30,2017-07-01,2017-06-03,8026e519adca35aa313fea420ea9a758,2017-07-01,2017-07-01,
4844,317006051,H,2017-04-30,2017-06-05,24,Offline,2,7990,379125.5,254002.1,125123.4,2017-04-30,2017-07-01,2017-06-05,a7c56416163208fd430c95c5a1ec2d85,2017-07-01,2017-07-01,
4845,657964599,C,2017-04-30,2017-06-17,179,Online,5,5201,793568.58,506785.44,286783.14,2017-04-30,2017-07-01,2017-06-17,fb249c3a1becacc5391e471247100e60,2017-07-01,2017-07-01,
4846,343730294,L,2017-05-01,2017-05-28,139,Online,11,6287,4094157.27,3300423.52,793733.75,2017-05-01,2017-07-01,2017-05-28,b268da655a68d0c32e7ba8b2a03647df,2017-07-01,2017-07-01,
4847,406191432,L,2017-05-01,2017-06-01,3,Offline,12,9926,6633248.02,4988212.04,1645035.98,2017-05-01,2017-07-01,2017-06-01,4ea1e2e9658368a9ed1e4ffef7004cc9,2017-07-01,2017-07-01,
4848,152607667,C,2017-05-01,2017-06-11,181,Offline,12,8855,5917530.85,4449991.7,1467539.15,2017-05-01,2017-07-01,2017-06-11,4073d17b7603c88f6fac7d1c83cc2a0c,2017-07-01,2017-07-01,
4849,146349751,M,2017-05-01,2017-06-13,90,Online,6,6999,1078265.94,636419.07,441846.87,2017-05-01,2017-07-01,2017-06-13,13a59eaa5ef03eeae83506a51a23f669,2017-07-01,2017-07-01,
4850,692757356,H,2017-05-02,2017-05-12,88,Offline,9,1151,485595.39,419758.19,65837.2,2017-05-02,2017-07-01,2017-05-12,4d579f3ac8d3ab1b29680044f8a7c499,2017-07-01,2017-07-01,
4851,245768296,C,2017-05-03,2017-05-12,179,Offline,6,7155,1102299.3,650604.15,451695.15,2017-05-03,2017-07-01,2017-05-12,b91227ddf09e794aba272488f2e3a309,2017-07-01,2017-07-01,
4852,181260526,M,2017-05-03,2017-06-03,155,Offline,11,7872,5126325.12,4132485.12,993840,2017-05-03,2017-07-01,2017-06-03,5a514f5faa1c9019c5361a2a3bdf72f7,2017-07-01,2017-07-01,
4853,459757936,H,2017-05-03,2017-06-10,60,Offline,10,1445,631754,380511.85,251242.15,2017-05-03,2017-07-01,2017-06-10,06dc8d93e356214dffe084b0f44c348e,2017-07-01,2017-07-01,
4854,858376252,C,2017-05-05,2017-05-09,1,Online,5,1463,223224.54,142554.72,80669.82,2017-05-05,2017-07-01,2017-05-09,765a5f3f6c65bdc009018c744f7a195e,2017-07-01,2017-07-01,
4855,781470668,H,2017-05-05,2017-05-10,124,Online,5,3391,517398.78,330419.04,186979.74,2017-05-05,2017-07-01,2017-05-10,90c8ce5d8827424d64f6adaab3421c9c,2017-07-01,2017-07-01,
4856,727550113,L,2017-05-05,2017-05-29,116,Online,1,7101,66252.33,49138.92,17113.41,2017-05-05,2017-07-01,2017-05-29,5073b67700f3c37d7b059776bd005b15,2017-07-01,2017-07-01,
4857,920719373,H,2017-05-05,2017-06-08,176,Offline,12,178,118952.06,89452.12,29499.94,2017-05-05,2017-07-01,2017-06-08,61e77c60276c986df42306af1c5f96cd,2017-07-01,2017-07-01,
4858,887501180,C,2017-05-05,2017-06-20,169,Online,10,176,76947.2,46346.08,30601.12,2017-05-05,2017-07-01,2017-06-20,aff19ed4eb3cacc5c63c91bdf9df51e4,2017-07-01,2017-07-01,
4859,172365891,M,2017-05-06,2017-06-09,3,Online,12,5752,3843889.04,2890610.08,953278.96,2017-05-06,2017-07-01,2017-06-09,b0989336f8c8fbedbb5e81f6ca0fa2aa,2017-07-01,2017-07-01,
4860,826968657,H,2017-05-06,2017-06-15,54,Offline,10,7258,3173197.6,1911249.14,1261948.46,2017-05-06,2017-07-01,2017-06-15,baaa6197ee8e4b56769700230b13a40c,2017-07-01,2017-07-01,
4861,806148278,H,2017-05-07,2017-05-29,121,Online,4,6045,660597.6,216652.8,443944.8,2017-05-07,2017-07-01,2017-05-29,24cd73237e8bddb93677e36af97c9e04,2017-07-01,2017-07-01,
4862,336292207,H,2017-05-07,2017-06-05,47,Online,9,5192,2190452.88,1893470.48,296982.4,2017-05-07,2017-07-01,2017-06-05,7325253aaa6c0c8eb61db634cf2120a2,2017-07-01,2017-07-01,
4863,259032571,L,2017-05-09,2017-05-13,180,Online,6,2349,361886.94,213594.57,148292.37,2017-05-09,2017-07-01,2017-05-13,a4b925f98bd625c82702ba1b486d50be,2017-07-01,2017-07-01,
4864,920011270,M,2017-05-09,2017-06-12,84,Offline,9,634,267478.26,231213.46,36264.8,2017-05-09,2017-07-01,2017-06-12,aa58bae042fa75443678841dd48c0572,2017-07-01,2017-07-01,
4865,880535161,C,2017-05-09,2017-06-25,85,Offline,12,8776,5864737.52,4410291.04,1454446.48,2017-05-09,2017-07-01,2017-06-25,3c252701bd938191a678bb05f7f1bb84,2017-07-01,2017-07-01,
4866,953111445,H,2017-05-10,2017-06-27,152,Offline,12,5712,3817158.24,2870508.48,946649.76,2017-05-10,2017-07-01,2017-06-27,44d808b7215210e533b087fe0f23250d,2017-07-01,2017-07-01,
4867,613845479,H,2017-05-12,2017-06-17,141,Offline,1,9373,87450.09,64861.16,22588.93,2017-05-12,2017-07-01,2017-06-17,b1a6055f3a6d4493aa232a341dffafcb,2017-07-01,2017-07-01,
4868,102230632,L,2017-05-13,2017-06-13,140,Online,4,1171,127966.88,41968.64,85998.24,2017-05-13,2017-07-01,2017-06-13,41ecef999fc9ce8c91fddf93d92686b0,2017-07-01,2017-07-01,
4869,748646867,C,2017-05-13,2017-06-22,106,Online,4,99,10818.72,3548.16,7270.56,2017-05-13,2017-07-01,2017-06-22,127d5b606dde2aebab69f7aa1b85a07c,2017-07-01,2017-07-01,
4870,923160398,L,2017-05-14,2017-06-15,34,Offline,4,2531,276587.68,90711.04,185876.64,2017-05-14,2017-07-01,2017-06-15,d54709c758705596ae159b2f43aafdb5,2017-07-01,2017-07-01,
4871,461726891,M,2017-05-14,2017-06-19,149,Online,4,4103,448375.84,147051.52,301324.32,2017-05-14,2017-07-01,2017-06-19,dd58a16e17297af54134582506b7a010,2017-07-01,2017-07-01,
4872,694136226,M,2017-05-16,2017-06-18,111,Online,1,9189,85733.37,63587.88,22145.49,2017-05-16,2017-07-01,2017-06-18,d9866b504b4db45739378c986d4d9b50,2017-07-01,2017-07-01,
4873,581611764,H,2017-05-17,2017-07-02,56,Online,8,701,178951.28,111753.42,67197.86,2017-05-17,2017-07-02,2017-07-02,d806369ea738720215151bb4fc56f809,2017-07-02,2017-07-02,
4874,604242742,M,2017-05-18,2017-06-25,159,Online,1,7710,71934.3,53353.2,18581.1,2017-05-18,2017-07-01,2017-06-25,165e5fce69898006fd5ad255082d6b02,2017-07-01,2017-07-01,
4875,645411431,C,2017-05-20,2017-06-12,120,Offline,3,440,35961.2,24934.8,11026.4,2017-05-20,2017-07-01,2017-06-12,60abac7717bbbb1a69e57ccf065f8554,2017-07-01,2017-07-01,
4876,310828816,H,2017-05-20,2017-06-24,29,Online,6,9,1386.54,818.37,568.17,2017-05-20,2017-07-01,2017-06-24,3793e3b4da9bc24f8ff543ab6386196d,2017-07-01,2017-07-01,
4877,595584142,M,2017-05-20,2017-06-29,104,Online,1,5438,50736.54,37630.96,13105.58,2017-05-20,2017-07-01,2017-06-29,df2e15b78c30b483cf3dc9f3c7ee6d90,2017-07-01,2017-07-01,
4878,171344077,H,2017-05-21,2017-05-27,146,Offline,12,3375,2255411.25,1696072.5,559338.75,2017-05-21,2017-07-01,2017-05-27,650a0ab3f0aafb127b6e809a084d75e8,2017-07-01,2017-07-01,
4879,653597962,H,2017-05-21,2017-06-11,73,Online,10,3016,1318595.2,794203.28,524391.92,2017-05-21,2017-07-01,2017-06-11,1db1dd8fd76e7b64d8e8493fcb9db2ce,2017-07-01,2017-07-01,
4880,632659566,L,2017-05-21,2017-06-18,98,Offline,6,6880,1059932.8,625598.4,434334.4,2017-05-21,2017-07-01,2017-06-18,131332fb534d5fcd9b645fc4c5b4765c,2017-07-01,2017-07-01,
4881,929812705,H,2017-05-22,2017-05-25,26,Online,9,1097,462813.33,400064.93,62748.4,2017-05-22,2017-07-01,2017-05-25,f86d397b8f3c928a0c7858ebb6663f4f,2017-07-01,2017-07-01,
4882,243684327,H,2017-05-23,2017-05-30,138,Online,8,462,117939.36,73652.04,44287.32,2017-05-23,2017-07-01,2017-05-30,6c4e202a1ee7fb2bbab5a262c0695ab5,2017-07-01,2017-07-01,
4883,206018817,C,2017-05-24,2017-07-08,132,Online,8,4401,1123487.28,701607.42,421879.86,2017-05-24,2017-07-08,2017-07-08,0b8a9434a0e217e08de623a7514bb107,2017-07-08,2017-07-08,
4884,126948583,C,2017-05-24,2017-07-09,185,Online,8,5762,1470923.36,918578.04,552345.32,2017-05-24,2017-07-09,2017-07-09,b21b5d8dcf2eb155a7ea4025be7abcbe,2017-07-09,2017-07-09,
4885,837754571,C,2017-05-25,2017-06-02,59,Online,9,9049,3817682.61,3300079.81,517602.8,2017-05-25,2017-07-01,2017-06-02,96cd3d7afa8ace3ccf5c8ddc4034ea43,2017-07-01,2017-07-01,
4886,367898499,H,2017-05-25,2017-06-09,120,Online,10,8196,3583291.2,2158252.68,1425038.52,2017-05-25,2017-07-01,2017-06-09,28ec7f036063b98380b12c0cc64791fe,2017-07-01,2017-07-01,
4887,482115542,H,2017-05-26,2017-05-28,131,Offline,8,7558,1929406.24,1204896.36,724509.88,2017-05-26,2017-07-01,2017-05-28,9ed63643792eb48180fa27a5759d74ee,2017-07-01,2017-07-01,
4888,479950892,C,2017-05-26,2017-05-28,82,Offline,8,6989,1784151.92,1114186.38,669965.54,2017-05-26,2017-07-01,2017-05-28,936cd20470897dfbc58dcc919470ec36,2017-07-01,2017-07-01,
4889,858102881,M,2017-05-27,2017-06-23,95,Online,11,566,368584.86,297127.36,71457.5,2017-05-27,2017-07-01,2017-06-23,fea4b8955c8d2755eac269b46aa7cd93,2017-07-01,2017-07-01,
4890,905883538,H,2017-05-27,2017-07-02,62,Offline,7,9925,2041572.5,1162316.75,879255.75,2017-05-27,2017-07-02,2017-07-02,2c92594fe55230987972823a5131d58c,2017-07-02,2017-07-02,
4891,826695287,L,2017-05-28,2017-06-09,1,Offline,4,6361,695130.08,227978.24,467151.84,2017-05-28,2017-07-01,2017-06-09,75ae0e7d992df0052068b1198497daab,2017-07-01,2017-07-01,
4892,820437371,H,2017-05-28,2017-06-11,88,Online,9,4505,1900614.45,1642928.45,257686,2017-05-28,2017-07-01,2017-06-11,bd54fb1c8d62a60675dcd65ff73559e7,2017-07-01,2017-07-01,
4893,543396508,C,2017-05-31,2017-06-05,4,Online,9,1957,825638.73,713698.33,111940.4,2017-05-31,2017-07-01,2017-06-05,9ec27ab35cbcc29764ef7defa7dfe4d0,2017-07-01,2017-07-01,
4894,638957822,M,2017-05-31,2017-06-24,91,Online,2,673,31933.85,21394.67,10539.18,2017-05-31,2017-07-01,2017-06-24,e701deee0d42ecf473b7d7d7cbaab160,2017-07-01,2017-07-01,
4895,688903129,M,2017-05-31,2017-07-02,54,Online,12,600,400962,301524,99438,2017-05-31,2017-07-02,2017-07-02,5430786b039c5bf957f2d82f3981ab69,2017-07-02,2017-07-02,
4896,251911199,L,2017-06-02,2017-06-04,46,Offline,5,4977,759390.66,484958.88,274431.78,2017-06-02,2017-07-01,2017-06-04,8cd499d4825e2c2e89eb52f562df74b8,2017-07-01,2017-07-01,
4897,651119601,M,2017-06-02,2017-07-17,96,Offline,6,9614,1481132.84,874201.02,606931.82,2017-06-02,2017-07-17,2017-07-17,2312a2da909a52924b4f44a0179dd6de,2017-07-17,2017-07-17,
4898,723577868,H,2017-06-03,2017-06-23,80,Online,8,1626,415085.28,259216.92,155868.36,2017-06-03,2017-07-01,2017-06-23,e3b2586036e0a0994e385e8f384464ea,2017-07-01,2017-07-01,
4899,634156453,M,2017-06-03,2017-06-28,76,Offline,9,9842,4152241.38,3589278.98,562962.4,2017-06-03,2017-07-01,2017-06-28,e38e34ca6dd4275a76569579f299e088,2017-07-01,2017-07-01,
4900,808788001,C,2017-06-03,2017-07-15,128,Offline,2,7197,341497.65,228792.63,112705.02,2017-06-03,2017-07-15,2017-07-15,028d6eef2917237ea4eeb3a392cde622,2017-07-15,2017-07-15,
4901,792178905,L,2017-06-03,2017-07-21,171,Online,7,2197,451922.9,257290.67,194632.23,2017-06-03,2017-07-21,2017-07-21,344eb16b7cad3c45b26409cacbcfe623,2017-07-21,2017-07-21,
4902,569530665,M,2017-06-04,2017-06-25,74,Online,1,5635,52574.55,38994.2,13580.35,2017-06-04,2017-07-01,2017-06-25,49018ef7517eaccc8927eedd558b7a60,2017-07-01,2017-07-01,
4903,854285991,L,2017-06-04,2017-06-30,59,Online,1,1064,9927.12,7362.88,2564.24,2017-06-04,2017-07-01,2017-06-30,fa6bd74bf248a2b6b5c2d55b4f44be01,2017-07-01,2017-07-01,
4904,617193305,M,2017-06-05,2017-06-10,17,Offline,3,69,5639.37,3910.23,1729.14,2017-06-05,2017-07-01,2017-06-10,ac489b98991fdc4f38b926b67f97ec78,2017-07-01,2017-07-01,
4905,619121921,M,2017-06-06,2017-06-10,36,Offline,5,789,120385.62,76880.16,43505.46,2017-06-06,2017-07-01,2017-06-10,cec4f471a07607178afb5fab63ca9c94,2017-07-01,2017-07-01,
4906,899547946,M,2017-06-06,2017-06-17,13,Offline,5,5082,775411.56,495190.08,280221.48,2017-06-06,2017-07-01,2017-06-17,a2df5c3582f5c554956b1a398906f819,2017-07-01,2017-07-01,
4907,151312482,H,2017-06-06,2017-07-12,84,Online,10,5581,2440013.2,1469644.73,970368.47,2017-06-06,2017-07-12,2017-07-12,11d831ef8e700eea315c104ce49d99e7,2017-07-12,2017-07-12,
4908,215584218,M,2017-06-07,2017-06-21,18,Offline,6,5016,772764.96,456104.88,316660.08,2017-06-07,2017-07-01,2017-06-21,266bef4108e6402cc7e275bed20c504b,2017-07-01,2017-07-01,
4909,625025784,H,2017-06-07,2017-07-04,122,Online,8,7874,2010074.72,1255273.08,754801.64,2017-06-07,2017-07-04,2017-07-04,0afdbd9986e941fb94dc20af61ca317f,2017-07-04,2017-07-04,
4910,741525495,H,2017-06-07,2017-07-16,141,Offline,10,2727,1192244.4,718100.91,474143.49,2017-06-07,2017-07-16,2017-07-16,2a203813a6c7229b157f3358aae13ebc,2017-07-16,2017-07-16,
4911,710117900,M,2017-06-08,2017-07-02,69,Offline,9,8522,3595346.58,3107888.18,487458.4,2017-06-08,2017-07-02,2017-07-02,fda02665e9f51a8b1b4b36472300fb25,2017-07-02,2017-07-02,
4912,385886466,M,2017-06-08,2017-07-10,97,Offline,4,1235,134960.8,44262.4,90698.4,2017-06-08,2017-07-10,2017-07-10,c05c4a61d7af9191aeb18218f3622807,2017-07-10,2017-07-10,
4913,980192744,M,2017-06-08,2017-07-12,162,Offline,8,9670,2468557.6,1541591.4,926966.2,2017-06-08,2017-07-12,2017-07-12,e0af627fc6f2012f9acec69314b31d58,2017-07-12,2017-07-12,
4914,111246287,M,2017-06-09,2017-07-02,43,Offline,9,9103,3840464.67,3319773.07,520691.6,2017-06-09,2017-07-02,2017-07-02,71b4a01de434419ced7b81abf708edf8,2017-07-02,2017-07-02,
4915,252541625,C,2017-06-09,2017-07-05,127,Offline,8,1534,391599.52,244550.28,147049.24,2017-06-09,2017-07-05,2017-07-05,fab47426079f79be57840cd430150cfe,2017-07-05,2017-07-05,
4916,897029244,M,2017-06-09,2017-07-16,119,Online,12,9742,6510286.34,4895744.68,1614541.66,2017-06-09,2017-07-16,2017-07-16,ea82f750f3271401b87b1783e9a09427,2017-07-16,2017-07-16,
4917,722161662,L,2017-06-10,2017-06-29,82,Offline,9,2539,1071178.71,925947.91,145230.8,2017-06-10,2017-07-01,2017-06-29,9aee31abf89c08336ed6d9f11f01e718,2017-07-01,2017-07-01,
4918,333304440,L,2017-06-11,2017-07-05,43,Online,9,1046,441296.94,381465.74,59831.2,2017-06-11,2017-07-05,2017-07-05,5953a000fe125a0272191442fa178302,2017-07-05,2017-07-05,
4919,886205995,H,2017-06-11,2017-07-21,64,Online,12,6902,4612399.54,3468531.08,1143868.46,2017-06-11,2017-07-21,2017-07-21,2ebef4bbebdb070b7be531da93e7fa12,2017-07-21,2017-07-21,
4920,669579637,H,2017-06-13,2017-06-24,39,Offline,6,2349,361886.94,213594.57,148292.37,2017-06-13,2017-07-01,2017-06-24,834b7c6f09344bd94e0029f019d10535,2017-07-01,2017-07-01,
4921,812921607,H,2017-06-13,2017-07-22,57,Online,9,423,178459.47,154263.87,24195.6,2017-06-13,2017-07-22,2017-07-22,643c6cd42844ce63c71c953cdf9befb3,2017-07-22,2017-07-22,
4922,951698243,L,2017-06-16,2017-07-03,11,Online,5,7514,1146486.12,732164.16,414321.96,2017-06-16,2017-07-03,2017-07-03,18fed982d57b9d69a4575db7e3b4a0b0,2017-07-03,2017-07-03,
4923,793557775,C,2017-06-16,2017-07-06,53,Online,5,235,35856.3,22898.4,12957.9,2017-06-16,2017-07-06,2017-07-06,bb0549be41bf97c8ef864c74dd85fabc,2017-07-06,2017-07-06,
4924,438272798,C,2017-06-16,2017-07-24,102,Online,9,3515,1482943.35,1281885.35,201058,2017-06-16,2017-07-24,2017-07-24,555d8cab9e0d0965b4296a4b622bc317,2017-07-24,2017-07-24,
4925,529504811,C,2017-06-17,2017-06-24,29,Offline,2,1095,51957.75,34810.05,17147.7,2017-06-17,2017-07-01,2017-06-24,fe4eeec54ced6967de0ef7715f27cf5a,2017-07-01,2017-07-01,
4926,957484090,L,2017-06-18,2017-07-03,67,Online,12,9674,6464843.98,4861571.96,1603272.02,2017-06-18,2017-07-03,2017-07-03,59ee786d72e68a04c3905958c43298f6,2017-07-03,2017-07-03,
4927,639510571,H,2017-06-18,2017-07-09,60,Online,7,4244,872990.8,497014.84,375975.96,2017-06-18,2017-07-09,2017-07-09,51d23e1ef057d49c69cab1c573ea3ce4,2017-07-09,2017-07-09,
4928,976139819,M,2017-06-18,2017-07-22,82,Offline,8,319,81434.32,50854.98,30579.34,2017-06-18,2017-07-22,2017-07-22,114beba4699f9f64b3f73ce2bb7bf9fd,2017-07-22,2017-07-22,
4929,173629748,C,2017-06-19,2017-06-19,107,Offline,12,9756,6519642.12,4902780.24,1616861.88,2017-06-19,2017-07-01,2017-06-19,d769d766fcf2d6ab450894ff3261771a,2017-07-01,2017-07-01,
4930,601727044,M,2017-06-19,2017-07-22,181,Offline,5,3259,497258.22,317556.96,179701.26,2017-06-19,2017-07-22,2017-07-22,f3bdbe7889c80e3e77cc36ec48e7d11d,2017-07-22,2017-07-22,
4931,747351682,M,2017-06-19,2017-07-24,80,Online,1,6825,63677.25,47229,16448.25,2017-06-19,2017-07-24,2017-07-24,909cc3aa5212513d9821a1d1728e1e0a,2017-07-24,2017-07-24,
4932,900808799,C,2017-06-20,2017-06-28,24,Online,10,8196,3583291.2,2158252.68,1425038.52,2017-06-20,2017-07-01,2017-06-28,aeebc00c0add0a7ae245c560f48edd8d,2017-07-01,2017-07-01,
4933,142340171,L,2017-06-20,2017-07-01,52,Offline,11,475,309324.75,249356,59968.75,2017-06-20,2017-07-01,2017-07-01,914cbb0944dff8e5b39912da83ad1e3b,2017-07-01,2017-07-01,
4934,414579665,H,2017-06-20,2017-07-10,118,Online,5,2191,334302.78,213491.04,120811.74,2017-06-20,2017-07-10,2017-07-10,52b3285857a1e02ec433f2ee1ab449f3,2017-07-10,2017-07-10,
4935,406157100,M,2017-06-20,2017-07-13,40,Online,3,9766,798175.18,553439.22,244735.96,2017-06-20,2017-07-13,2017-07-13,32d4165ca16a2f609ef7496320e66fa0,2017-07-13,2017-07-13,
4936,190002810,C,2017-06-20,2017-08-05,34,Online,4,4909,536455.52,175938.56,360516.96,2017-06-20,2017-08-05,2017-08-05,c058f253a14b94e0383f89c7a51b8206,2017-08-05,2017-08-05,
4937,680325210,C,2017-06-21,2017-07-23,118,Online,6,2203,339394.18,200318.79,139075.39,2017-06-21,2017-07-23,2017-07-23,023b6c6e425218842c117b16499d07e9,2017-07-23,2017-07-23,
4938,216609036,L,2017-06-22,2017-07-03,46,Offline,2,8282,392980.9,263284.78,129696.12,2017-06-22,2017-07-03,2017-07-03,1d61bf06e793abf61a1c6ba448b84e3c,2017-07-03,2017-07-03,
4939,243569314,M,2017-06-23,2017-06-25,146,Online,1,6428,59973.24,44481.76,15491.48,2017-06-23,2017-07-01,2017-06-25,8fb78cb2b30b00e87a9fee668d922579,2017-07-01,2017-07-01,
4940,174614226,C,2017-06-24,2017-08-13,34,Offline,8,1085,276978.8,172970.7,104008.1,2017-06-24,2017-08-13,2017-08-13,f65caec01e13a5c1fc55bab761e941e1,2017-08-13,2017-08-13,
4941,608969438,C,2017-06-25,2017-07-25,44,Offline,6,6444,992762.64,585952.92,406809.72,2017-06-25,2017-07-25,2017-07-25,a418b313f213e9eaea6f599954d94090,2017-07-25,2017-07-25,
4942,937058103,C,2017-06-26,2017-07-16,157,Online,12,5171,3455624.17,2598634.34,856989.83,2017-06-26,2017-07-16,2017-07-16,287ae994f0cbd88e2cc98a2ad4152d7b,2017-07-16,2017-07-16,
4943,286312568,H,2017-06-27,2017-07-09,179,Offline,4,5106,557983.68,182999.04,374984.64,2017-06-27,2017-07-09,2017-07-09,b7fce0e1032156afc78b6eca09a81ee6,2017-07-09,2017-07-09,
4944,762308537,C,2017-06-27,2017-07-25,109,Offline,2,2891,137177.95,91904.89,45273.06,2017-06-27,2017-07-25,2017-07-25,5d5caa4753c38d66eda217f7efcf6911,2017-07-25,2017-07-25,
4945,629317748,M,2017-06-27,2017-08-14,9,Online,1,7961,74276.13,55090.12,19186.01,2017-06-27,2017-08-14,2017-08-14,3457019d3701b974a761985575e727af,2017-08-14,2017-08-14,
4946,574925124,M,2017-06-28,2017-07-13,155,Offline,10,1975,863470,520076.75,343393.25,2017-06-28,2017-07-13,2017-07-13,d6dcee5ad20343d8945bfaaa0fbeb9a8,2017-07-13,2017-07-13,
4947,849329268,H,2017-06-28,2017-07-22,77,Offline,12,4259,2846161.93,2140317.86,705844.07,2017-06-28,2017-07-22,2017-07-22,772e439bcee02ec42519eec04e2ce478,2017-07-22,2017-07-22,
4948,103258454,H,2017-06-28,2017-08-15,150,Offline,8,5326,1359621.28,849070.92,510550.36,2017-06-28,2017-08-15,2017-08-15,9cd99a41ef9e32f3f095232549bad56e,2017-08-15,2017-08-15,
4949,373097264,H,2017-06-29,2017-07-06,2,Offline,4,6626,724089.28,237475.84,486613.44,2017-06-29,2017-07-06,2017-07-06,61309a48f8b24f3359d2f61367996467,2017-07-06,2017-07-06,
4950,431229102,M,2017-06-30,2017-07-13,62,Online,8,9129,2330451.12,1455345.18,875105.94,2017-06-30,2017-07-13,2017-07-13,31b039d874c79aaafb7b443dcd02ab75,2017-07-13,2017-07-13,
4951,624398362,C,2017-06-30,2017-07-24,18,Offline,11,2206,1436569.26,1158061.76,278507.5,2017-06-30,2017-07-24,2017-07-24,9bb0495a9806159f185ea02d5c36f1cd,2017-07-24,2017-07-24,
4952,380811727,H,2017-07-02,2017-07-06,57,Online,4,9507,1038924.96,340730.88,698194.08,2017-07-02,2017-07-06,2017-07-06,29d97209b7b57cf1bca08f1856312b9a,2017-07-06,2017-07-06,
4953,227118575,H,2017-07-02,2017-08-02,25,Online,10,8288,3623513.6,2182479.04,1441034.56,2017-07-02,2017-08-02,2017-08-02,b01eef271df6df73b2efa4211186da2e,2017-08-02,2017-08-02,
4954,513802516,L,2017-07-02,2017-08-07,160,Online,11,4437,2889418.77,2329247.52,560171.25,2017-07-02,2017-08-07,2017-08-07,5277e0e1b1457e782a2290b2b0a5fc99,2017-08-07,2017-08-07,
4955,910610234,L,2017-07-03,2017-07-31,37,Online,10,8659,3785714.8,2280174.47,1505540.33,2017-07-03,2017-07-31,2017-07-31,ada36d5c8c4639cfdb5dc7821c3b74f1,2017-07-31,2017-07-31,
4956,434496247,M,2017-07-04,2017-08-10,121,Online,12,5950,3976206.5,2990113,986093.5,2017-07-04,2017-08-10,2017-08-10,90a735a2ef55605010819ef2a94e88ec,2017-08-10,2017-08-10,
4957,856335628,M,2017-07-05,2017-07-26,39,Online,9,7597,3205098.33,2770549.93,434548.4,2017-07-05,2017-07-26,2017-07-26,4a4fa1a5dddb580eca4c479ade48caec,2017-07-26,2017-07-26,
4958,949732291,L,2017-07-05,2017-08-14,167,Offline,2,5745,272600.25,182633.55,89966.7,2017-07-05,2017-08-14,2017-08-14,719e7c618d7103579e3e1377d608b67d,2017-08-14,2017-08-14,
4959,363376510,L,2017-07-06,2017-08-10,44,Offline,11,39,25397.19,20473.44,4923.75,2017-07-06,2017-08-10,2017-08-10,272cd734307e8cdf2bf0d52c4ba02b43,2017-08-10,2017-08-10,
4960,232196319,L,2017-07-07,2017-08-04,172,Offline,12,905,604784.35,454798.7,149985.65,2017-07-07,2017-08-04,2017-08-04,b8eda689783e9227c9dc70ae9b3c9fec,2017-08-04,2017-08-04,
4961,410803115,L,2017-07-08,2017-07-27,86,Offline,8,4626,1180925.28,737476.92,443448.36,2017-07-08,2017-07-27,2017-07-27,90d173e891bb7bc30682a7b047e42a91,2017-07-27,2017-07-27,
4962,273719060,C,2017-07-08,2017-08-17,92,Offline,10,8407,3675540.4,2213815.31,1461725.09,2017-07-08,2017-08-17,2017-08-17,0135d46b398ea89372e50cf2737a17bd,2017-08-17,2017-08-17,
4963,132069671,M,2017-07-09,2017-07-20,94,Online,3,1205,98484.65,68287.35,30197.3,2017-07-09,2017-07-20,2017-07-20,991013eecb17c241519590e3e32d833e,2017-07-20,2017-07-20,
4964,643448483,L,2017-07-09,2017-07-25,24,Online,1,9560,89194.8,66155.2,23039.6,2017-07-09,2017-07-25,2017-07-25,e78437525f268df1ba06cfaa771ca853,2017-07-25,2017-07-25,
4965,186108243,L,2017-07-09,2017-07-27,93,Offline,9,2420,1020973.8,882549.8,138424,2017-07-09,2017-07-27,2017-07-27,787d60b0bfb71bdb1305e1759f1d2ee6,2017-07-27,2017-07-27,
4966,248569381,M,2017-07-09,2017-08-01,64,Online,4,6058,662018.24,217118.72,444899.52,2017-07-09,2017-08-01,2017-08-01,42d6565cbb875b666c2480ea2964def1,2017-08-01,2017-08-01,
4967,612158906,M,2017-07-09,2017-08-04,126,Offline,8,279,71223.12,44478.18,26744.94,2017-07-09,2017-08-04,2017-08-04,049d6237b1805e3b91a0d3080b572d26,2017-08-04,2017-08-04,
4968,759594142,C,2017-07-10,2017-07-12,167,Offline,6,9641,1485292.46,876656.13,608636.33,2017-07-10,2017-07-12,2017-07-12,2789af963affdcb19442a327363310b8,2017-07-12,2017-07-12,
4969,765734040,L,2017-07-10,2017-08-04,137,Online,1,6574,61335.42,45492.08,15843.34,2017-07-10,2017-08-04,2017-08-04,507dd469c0bc95605abbe8f10d43db5d,2017-08-04,2017-08-04,
4970,194176757,M,2017-07-10,2017-08-20,153,Online,12,72,48115.44,36182.88,11932.56,2017-07-10,2017-08-20,2017-08-20,1363a1f62617dace13cb46363c0c61cd,2017-08-20,2017-08-20,
4971,125339686,L,2017-07-11,2017-07-24,167,Online,5,9653,1472854.74,940588.32,532266.42,2017-07-11,2017-07-24,2017-07-24,be2e50c9fffc42007faab1b79ad5bf87,2017-07-24,2017-07-24,
4972,786318385,M,2017-07-11,2017-08-23,101,Offline,2,7939,376705.55,252380.81,124324.74,2017-07-11,2017-08-23,2017-08-23,04b00ffe6527f3e50c4a00a57b75521e,2017-08-23,2017-08-23,
4973,407930362,L,2017-07-12,2017-07-31,74,Online,4,4514,493289.92,161781.76,331508.16,2017-07-12,2017-07-31,2017-07-31,77ebc59b10c7d2fa4f27f3309de3d357,2017-07-31,2017-07-31,
4974,565598762,H,2017-07-13,2017-07-29,80,Online,6,2097,323063.82,190680.21,132383.61,2017-07-13,2017-07-29,2017-07-29,c3433db3d99c63e49d11c7dd80de5261,2017-07-29,2017-07-29,
4975,135336816,M,2017-07-13,2017-08-17,52,Online,1,8026,74882.58,55539.92,19342.66,2017-07-13,2017-08-17,2017-08-17,de7b4226728b45a5251f6f9f0fe3bb27,2017-08-17,2017-08-17,
4976,318390929,M,2017-07-13,2017-08-31,183,Online,2,7806,370394.7,248152.74,122241.96,2017-07-13,2017-08-31,2017-08-31,e201845aefee1de38cbaeb109da65c4a,2017-08-31,2017-08-31,
4977,380379998,C,2017-07-14,2017-07-16,163,Online,12,1749,1168804.23,878942.46,289861.77,2017-07-14,2017-07-16,2017-07-16,74aa56db64379cb6bcf4f74211dedffe,2017-07-16,2017-07-16,
4978,172530257,H,2017-07-14,2017-08-31,117,Online,12,4392,2935041.84,2207155.68,727886.16,2017-07-14,2017-08-31,2017-08-31,08d88a2154348d41bd05d9cf8d861f81,2017-08-31,2017-08-31,
4979,694142234,M,2017-07-15,2017-08-07,56,Online,3,967,79032.91,54799.89,24233.02,2017-07-15,2017-08-07,2017-08-07,fb9bce08c3681efc5491a698ff6f9faa,2017-08-07,2017-08-07,
4980,330080640,H,2017-07-16,2017-08-04,69,Online,5,7051,1075841.58,687049.44,388792.14,2017-07-16,2017-08-04,2017-08-04,b035a7232ab639c9ea3133d5c19dd685,2017-08-04,2017-08-04,
4981,747826755,C,2017-07-17,2017-07-22,167,Offline,11,7410,4825466.1,3889953.6,935512.5,2017-07-17,2017-07-22,2017-07-22,43b0c90c5778800388b7e30af64d595e,2017-07-22,2017-07-22,
4982,641678225,M,2017-07-17,2017-08-27,170,Online,4,5701,623005.28,204323.84,418681.44,2017-07-17,2017-08-27,2017-08-27,92125765d82a841ee7bd75fb0b4fb31f,2017-08-27,2017-08-27,
4983,704139363,M,2017-07-17,2017-08-31,167,Offline,2,9340,443183,296918.6,146264.4,2017-07-17,2017-08-31,2017-08-31,4c338663a45112d4544a1b573166b670,2017-08-31,2017-08-31,
4984,483655774,H,2017-07-18,2017-08-05,33,Offline,7,3346,688272.2,391850.06,296422.14,2017-07-18,2017-08-05,2017-08-05,a267a2ae7472d677fa6bb6ec6a9f9243,2017-08-05,2017-08-05,
4986,744954001,C,2017-07-20,2017-07-25,165,Offline,10,7298,3190685.6,1921782.34,1268903.26,2017-07-20,2017-07-25,2017-07-25,bed51097e29bb4362698882630c67d93,2017-07-25,2017-07-25,
4987,506050717,M,2017-07-20,2017-07-30,174,Online,12,508,339481.16,255290.32,84190.84,2017-07-20,2017-07-30,2017-07-30,ad98517291f5cdbda71e85164cb15242,2017-07-30,2017-07-30,
4988,603776681,C,2017-07-20,2017-08-17,27,Offline,7,9792,2014214.4,1146741.12,867473.28,2017-07-20,2017-08-17,2017-08-17,b3885e478ce2928e0dc034cd5e98b714,2017-08-17,2017-08-17,
4989,302412259,L,2017-07-20,2017-08-17,143,Online,6,9363,1442463.78,851377.59,591086.19,2017-07-20,2017-08-17,2017-08-17,153a23056e3db76b1e3b22177c326c04,2017-08-17,2017-08-17,
4990,717757689,C,2017-07-21,2017-08-04,130,Online,10,9305,4068146,2450285.65,1617860.35,2017-07-21,2017-08-04,2017-08-04,d546b3fa7b273ca30ce1f096d33dac64,2017-08-04,2017-08-04,
4991,956778991,H,2017-07-21,2017-08-25,53,Offline,8,1020,260385.6,162608.4,97777.2,2017-07-21,2017-08-25,2017-08-25,fc0bda7249c85de80beab2b1e5e331b3,2017-08-25,2017-08-25,
4992,476453721,C,2017-07-22,2017-08-10,137,Offline,5,2099,320265.42,204526.56,115738.86,2017-07-22,2017-08-10,2017-08-10,9ae0c2a2c3eb8690c9cb2635112eb855,2017-08-10,2017-08-10,
4993,975080668,C,2017-07-23,2017-08-20,33,Offline,6,6893,1061935.58,626780.49,435155.09,2017-07-23,2017-08-20,2017-08-20,fe53bf981c034757fa2ad499ce2adf0a,2017-08-20,2017-08-20,
4994,586341464,L,2017-07-24,2017-07-31,122,Online,12,324,216519.48,162822.96,53696.52,2017-07-24,2017-07-31,2017-07-31,63a5f203d9ef98871cae6558691657ed,2017-07-31,2017-07-31,
4995,480310952,C,2017-07-24,2017-08-11,52,Online,11,3539,2304632.19,1857833.44,446798.75,2017-07-24,2017-08-11,2017-08-11,a931a63f2937c822fe18e7362e4ca6d9,2017-08-11,2017-08-11,
4996,588388097,H,2017-07-24,2017-08-25,27,Online,6,5968,919430.08,542670.24,376759.84,2017-07-24,2017-08-25,2017-08-25,ebb253975f4d1f735b7ae0851c5640cd,2017-08-25,2017-08-25,
4997,419542396,C,2017-07-26,2017-08-08,112,Online,12,773,516572.71,388463.42,128109.29,2017-07-26,2017-08-08,2017-08-08,6f430f8b77ba970c31fd0d319b7d684d,2017-08-08,2017-08-08,
4998,631485402,L,2017-07-26,2017-08-12,22,Online,2,9418,446884.1,299398.22,147485.88,2017-07-26,2017-08-12,2017-08-12,8c131dda77341b91b85e7415db9f1f2b,2017-08-12,2017-08-12,
4999,537970721,C,2017-07-26,2017-08-18,174,Online,10,6346,2774471.2,1671092.18,1103379.02,2017-07-26,2017-08-18,2017-08-18,cc3a4859f3bd684f7fe6cec7d6337688,2017-08-18,2017-08-18,
5000,223854434,M,2017-07-28,2017-08-25,179,Offline,7,2356,484629.2,275911.16,208718.04,2017-07-28,2017-08-25,2017-08-25,73ef93e65c035fd9d0fbdb1919608f5c,2017-08-25,2017-08-25,
